2017-10-22T17:00:03.765079	{"follow_request_sent": false, "profile_background_color": "C0DEED", "verified": false, "id_str": "23783299", "profile_image_url": "http://pbs.twimg.com/profile_images/1479734318/IMG04_normal.JPG", "has_extended_profile": false, "id": 23783299, "profile_background_image_url": "http://abs.twimg.com/images/themes/theme1/bg.png", "translator_type": "none", "default_profile": true, "default_profile_image": false, "following": false, "profile_background_tile": false, "description": "Enjoying retirement", "favourites_count": 18, "created_at": "Wed Mar 11 16:07:12 +0000 2009", "is_translation_enabled": false, "protected": false, "utc_offset": -25200, "screen_name": "wales4me", "profile_use_background_image": true, "profile_link_color": "1DA1F2", "name": "Don", "statuses_count": 21, "listed_count": 0, "friends_count": 38, "url": "http://t.co/MBuagCc1vd", "profile_text_color": "333333", "time_zone": "Pacific Time (US & Canada)", "entities": {"url": {"urls": [{"expanded_url": "https://twitter.com/wales4me", "indices": [0, 22], "url": "http://t.co/MBuagCc1vd", "display_url": "twitter.com/wales4me"}]}, "description": {"urls": []}}, "followers_count": 1, "profile_background_image_url_https": "https://abs.twimg.com/images/themes/theme1/bg.png", "profile_sidebar_fill_color": "DDEEF6", "lang": "en", "notifications": false, "is_translator": false, "profile_sidebar_border_color": "C0DEED", "geo_enabled": false, "status": {"retweet_count": 0, "id_str": "922131312374419456", "truncated": true, "in_reply_to_screen_name": "EdKrassen", "id": 922131312374419456, "favorited": false, "in_reply_to_user_id_str": "132339474", "place": null, "text": "@EdKrassen @IRdotnet @realDonaldTrump This is the 1930`s German Nazi party propaganda model. Keep lying and eventua\u2026 https://t.co/dDsRlDB5Zx", "created_at": "Sun Oct 22 16:03:31 +0000 2017", "favorite_count": 0, "geo": null, "contributors": null, "in_reply_to_user_id": 132339474, "in_reply_to_status_id": 922073186778394624, "is_quote_status": false, "source": "<a href=\"http://twitter.com/download/android\" rel=\"nofollow\">Twitter for Android</a>", "coordinates": null, "entities": {"hashtags": [], "urls": [{"expanded_url": "https://twitter.com/i/web/status/922131312374419456", "indices": [117, 140], "url": "https://t.co/dDsRlDB5Zx", "display_url": "twitter.com/i/web/status/9\u2026"}], "user_mentions": [{"name": "Ed Krassenstein", "id": 132339474, "indices": [0, 10], "id_str": "132339474", "screen_name": "EdKrassen"}, {"name": "IR.net", "id": 16790005, "indices": [11, 20], "id_str": "16790005", "screen_name": "IRdotnet"}, {"name": "Donald J. Trump", "id": 25073877, "indices": [21, 37], "id_str": "25073877", "screen_name": "realDonaldTrump"}], "symbols": []}, "in_reply_to_status_id_str": "922073186778394624", "retweeted": false, "lang": "en"}, "location": "Concord, California", "profile_image_url_https": "https://pbs.twimg.com/profile_images/1479734318/IMG04_normal.JPG", "contributors_enabled": false}
2017-10-22T18:00:04.180609	{"name": "Don", "is_translator": false, "profile_sidebar_fill_color": "DDEEF6", "default_profile_image": false, "follow_request_sent": false, "default_profile": true, "profile_use_background_image": true, "profile_background_tile": false, "following": false, "followers_count": 1, "screen_name": "wales4me", "lang": "en", "created_at": "Wed Mar 11 16:07:12 +0000 2009", "time_zone": "Pacific Time (US & Canada)", "profile_text_color": "333333", "profile_image_url": "http://pbs.twimg.com/profile_images/1479734318/IMG04_normal.JPG", "verified": false, "has_extended_profile": false, "statuses_count": 21, "profile_link_color": "1DA1F2", "translator_type": "none", "is_translation_enabled": false, "utc_offset": -25200, "status": {"retweet_count": 0, "in_reply_to_status_id_str": "922073186778394624", "geo": null, "in_reply_to_user_id": 132339474, "in_reply_to_status_id": 922073186778394624, "lang": "en", "coordinates": null, "text": "@EdKrassen @IRdotnet @realDonaldTrump This is the 1930`s German Nazi party propaganda model. Keep lying and eventua\u2026 https://t.co/dDsRlDB5Zx", "in_reply_to_user_id_str": "132339474", "place": null, "favorited": false, "retweeted": false, "favorite_count": 1, "created_at": "Sun Oct 22 16:03:31 +0000 2017", "is_quote_status": false, "source": "<a href=\"http://twitter.com/download/android\" rel=\"nofollow\">Twitter for Android</a>", "id": 922131312374419456, "truncated": true, "in_reply_to_screen_name": "EdKrassen", "entities": {"user_mentions": [{"name": "Ed Krassenstein", "id": 132339474, "indices": [0, 10], "screen_name": "EdKrassen", "id_str": "132339474"}, {"name": "IR.net", "id": 16790005, "indices": [11, 20], "screen_name": "IRdotnet", "id_str": "16790005"}, {"name": "Donald J. Trump", "id": 25073877, "indices": [21, 37], "screen_name": "realDonaldTrump", "id_str": "25073877"}], "symbols": [], "urls": [{"url": "https://t.co/dDsRlDB5Zx", "indices": [117, 140], "display_url": "twitter.com/i/web/status/9\u2026", "expanded_url": "https://twitter.com/i/web/status/922131312374419456"}], "hashtags": []}, "contributors": null, "id_str": "922131312374419456"}, "url": "http://t.co/MBuagCc1vd", "id": 23783299, "listed_count": 0, "description": "Enjoying retirement", "entities": {"url": {"urls": [{"url": "http://t.co/MBuagCc1vd", "indices": [0, 22], "display_url": "twitter.com/wales4me", "expanded_url": "https://twitter.com/wales4me"}]}, "description": {"urls": []}}, "profile_background_color": "C0DEED", "notifications": false, "profile_background_image_url_https": "https://abs.twimg.com/images/themes/theme1/bg.png", "location": "Concord, California", "geo_enabled": false, "favourites_count": 18, "profile_image_url_https": "https://pbs.twimg.com/profile_images/1479734318/IMG04_normal.JPG", "profile_background_image_url": "http://abs.twimg.com/images/themes/theme1/bg.png", "friends_count": 38, "contributors_enabled": false, "profile_sidebar_border_color": "C0DEED", "protected": false, "id_str": "23783299"}
2017-10-22T19:00:03.303786	{"utc_offset": -25200, "profile_link_color": "1DA1F2", "time_zone": "Pacific Time (US & Canada)", "entities": {"description": {"urls": []}, "url": {"urls": [{"expanded_url": "https://twitter.com/wales4me", "url": "http://t.co/MBuagCc1vd", "indices": [0, 22], "display_url": "twitter.com/wales4me"}]}}, "is_translation_enabled": false, "screen_name": "wales4me", "is_translator": false, "friends_count": 38, "followers_count": 1, "has_extended_profile": false, "profile_sidebar_fill_color": "DDEEF6", "created_at": "Wed Mar 11 16:07:12 +0000 2009", "geo_enabled": false, "location": "Concord, California", "description": "Enjoying retirement", "profile_image_url": "http://pbs.twimg.com/profile_images/1479734318/IMG04_normal.JPG", "verified": false, "follow_request_sent": false, "default_profile": true, "profile_image_url_https": "https://pbs.twimg.com/profile_images/1479734318/IMG04_normal.JPG", "notifications": false, "profile_text_color": "333333", "protected": false, "profile_background_image_url": "http://abs.twimg.com/images/themes/theme1/bg.png", "profile_background_color": "C0DEED", "name": "Don", "profile_sidebar_border_color": "C0DEED", "profile_background_tile": false, "url": "http://t.co/MBuagCc1vd", "profile_use_background_image": true, "profile_background_image_url_https": "https://abs.twimg.com/images/themes/theme1/bg.png", "statuses_count": 21, "default_profile_image": false, "favourites_count": 18, "listed_count": 0, "contributors_enabled": false, "lang": "en", "translator_type": "none", "status": {"entities": {"hashtags": [], "user_mentions": [{"screen_name": "EdKrassen", "name": "Ed Krassenstein", "indices": [0, 10], "id": 132339474, "id_str": "132339474"}, {"screen_name": "IRdotnet", "name": "IR.net", "indices": [11, 20], "id": 16790005, "id_str": "16790005"}, {"screen_name": "realDonaldTrump", "name": "Donald J. Trump", "indices": [21, 37], "id": 25073877, "id_str": "25073877"}], "symbols": [], "urls": [{"expanded_url": "https://twitter.com/i/web/status/922131312374419456", "url": "https://t.co/dDsRlDB5Zx", "indices": [117, 140], "display_url": "twitter.com/i/web/status/9\u2026"}]}, "text": "@EdKrassen @IRdotnet @realDonaldTrump This is the 1930`s German Nazi party propaganda model. Keep lying and eventua\u2026 https://t.co/dDsRlDB5Zx", "in_reply_to_status_id": 922073186778394624, "place": null, "created_at": "Sun Oct 22 16:03:31 +0000 2017", "in_reply_to_screen_name": "EdKrassen", "contributors": null, "in_reply_to_user_id": 132339474, "favorited": false, "truncated": true, "is_quote_status": false, "favorite_count": 1, "in_reply_to_status_id_str": "922073186778394624", "source": "<a href=\"http://twitter.com/download/android\" rel=\"nofollow\">Twitter for Android</a>", "geo": null, "in_reply_to_user_id_str": "132339474", "retweeted": false, "coordinates": null, "lang": "en", "retweet_count": 0, "id": 922131312374419456, "id_str": "922131312374419456"}, "following": false, "id": 23783299, "id_str": "23783299"}
2017-10-22T20:00:04.226787	{"followers_count": 1, "entities": {"description": {"urls": []}, "url": {"urls": [{"display_url": "twitter.com/wales4me", "indices": [0, 22], "expanded_url": "https://twitter.com/wales4me", "url": "http://t.co/MBuagCc1vd"}]}}, "is_translator": false, "profile_image_url": "http://pbs.twimg.com/profile_images/1479734318/IMG04_normal.JPG", "geo_enabled": false, "protected": false, "is_translation_enabled": false, "screen_name": "wales4me", "statuses_count": 21, "status": {"entities": {"symbols": [], "hashtags": [], "urls": [{"display_url": "twitter.com/i/web/status/9\u2026", "indices": [117, 140], "expanded_url": "https://twitter.com/i/web/status/922131312374419456", "url": "https://t.co/dDsRlDB5Zx"}], "user_mentions": [{"screen_name": "EdKrassen", "name": "Ed Krassenstein", "indices": [0, 10], "id_str": "132339474", "id": 132339474}, {"screen_name": "IRdotnet", "name": "IR.net", "indices": [11, 20], "id_str": "16790005", "id": 16790005}, {"screen_name": "realDonaldTrump", "name": "Donald J. Trump", "indices": [21, 37], "id_str": "25073877", "id": 25073877}]}, "is_quote_status": false, "truncated": true, "in_reply_to_status_id": 922073186778394624, "in_reply_to_user_id": 132339474, "retweeted": false, "place": null, "in_reply_to_status_id_str": "922073186778394624", "in_reply_to_user_id_str": "132339474", "contributors": null, "in_reply_to_screen_name": "EdKrassen", "favorited": false, "lang": "en", "id_str": "922131312374419456", "favorite_count": 1, "geo": null, "id": 922131312374419456, "text": "@EdKrassen @IRdotnet @realDonaldTrump This is the 1930`s German Nazi party propaganda model. Keep lying and eventua\u2026 https://t.co/dDsRlDB5Zx", "source": "<a href=\"http://twitter.com/download/android\" rel=\"nofollow\">Twitter for Android</a>", "retweet_count": 0, "created_at": "Sun Oct 22 16:03:31 +0000 2017", "coordinates": null}, "url": "http://t.co/MBuagCc1vd", "profile_background_image_url": "http://abs.twimg.com/images/themes/theme1/bg.png", "location": "Concord, California", "favourites_count": 18, "name": "Don", "profile_use_background_image": true, "profile_sidebar_border_color": "C0DEED", "profile_background_color": "C0DEED", "profile_sidebar_fill_color": "DDEEF6", "time_zone": "Pacific Time (US & Canada)", "description": "Enjoying retirement", "contributors_enabled": false, "verified": false, "has_extended_profile": false, "lang": "en", "profile_link_color": "1DA1F2", "profile_background_tile": false, "notifications": false, "profile_image_url_https": "https://pbs.twimg.com/profile_images/1479734318/IMG04_normal.JPG", "listed_count": 0, "default_profile": true, "friends_count": 38, "utc_offset": -25200, "id": 23783299, "translator_type": "none", "following": false, "follow_request_sent": false, "profile_background_image_url_https": "https://abs.twimg.com/images/themes/theme1/bg.png", "profile_text_color": "333333", "created_at": "Wed Mar 11 16:07:12 +0000 2009", "default_profile_image": false, "id_str": "23783299"}
2017-10-22T21:00:03.938277	{"profile_sidebar_fill_color": "DDEEF6", "profile_use_background_image": true, "translator_type": "none", "profile_background_image_url": "http://abs.twimg.com/images/themes/theme1/bg.png", "profile_image_url_https": "https://pbs.twimg.com/profile_images/1479734318/IMG04_normal.JPG", "lang": "en", "profile_background_color": "C0DEED", "time_zone": "Pacific Time (US & Canada)", "status": {"in_reply_to_status_id": 922073186778394624, "in_reply_to_user_id_str": "132339474", "lang": "en", "favorite_count": 1, "truncated": true, "entities": {"user_mentions": [{"screen_name": "EdKrassen", "indices": [0, 10], "name": "Ed Krassenstein", "id_str": "132339474", "id": 132339474}, {"screen_name": "IRdotnet", "indices": [11, 20], "name": "IR.net", "id_str": "16790005", "id": 16790005}, {"screen_name": "realDonaldTrump", "indices": [21, 37], "name": "Donald J. Trump", "id_str": "25073877", "id": 25073877}], "hashtags": [], "symbols": [], "urls": [{"url": "https://t.co/dDsRlDB5Zx", "indices": [117, 140], "display_url": "twitter.com/i/web/status/9\u2026", "expanded_url": "https://twitter.com/i/web/status/922131312374419456"}]}, "is_quote_status": false, "source": "<a href=\"http://twitter.com/download/android\" rel=\"nofollow\">Twitter for Android</a>", "coordinates": null, "in_reply_to_user_id": 132339474, "text": "@EdKrassen @IRdotnet @realDonaldTrump This is the 1930`s German Nazi party propaganda model. Keep lying and eventua\u2026 https://t.co/dDsRlDB5Zx", "retweeted": false, "retweet_count": 0, "contributors": null, "id_str": "922131312374419456", "place": null, "geo": null, "created_at": "Sun Oct 22 16:03:31 +0000 2017", "in_reply_to_status_id_str": "922073186778394624", "in_reply_to_screen_name": "EdKrassen", "favorited": false, "id": 922131312374419456}, "profile_background_tile": false, "follow_request_sent": false, "listed_count": 0, "name": "Don", "profile_text_color": "333333", "entities": {"url": {"urls": [{"url": "http://t.co/MBuagCc1vd", "indices": [0, 22], "display_url": "twitter.com/wales4me", "expanded_url": "https://twitter.com/wales4me"}]}, "description": {"urls": []}}, "protected": false, "profile_link_color": "1DA1F2", "favourites_count": 18, "location": "Concord, California", "screen_name": "wales4me", "profile_image_url": "http://pbs.twimg.com/profile_images/1479734318/IMG04_normal.JPG", "statuses_count": 21, "default_profile_image": false, "description": "Enjoying retirement", "profile_sidebar_border_color": "C0DEED", "verified": false, "following": false, "notifications": false, "id_str": "23783299", "geo_enabled": false, "url": "http://t.co/MBuagCc1vd", "contributors_enabled": false, "created_at": "Wed Mar 11 16:07:12 +0000 2009", "followers_count": 1, "is_translation_enabled": false, "is_translator": false, "has_extended_profile": false, "profile_background_image_url_https": "https://abs.twimg.com/images/themes/theme1/bg.png", "friends_count": 38, "default_profile": true, "utc_offset": -25200, "id": 23783299}
2017-10-22T22:00:03.657620	{"profile_image_url": "http://pbs.twimg.com/profile_images/1479734318/IMG04_normal.JPG", "friends_count": 38, "time_zone": "Pacific Time (US & Canada)", "url": "http://t.co/MBuagCc1vd", "profile_background_image_url_https": "https://abs.twimg.com/images/themes/theme1/bg.png", "notifications": false, "profile_background_color": "C0DEED", "protected": false, "screen_name": "wales4me", "status": {"entities": {"symbols": [], "urls": [{"indices": [117, 140], "expanded_url": "https://twitter.com/i/web/status/922131312374419456", "url": "https://t.co/dDsRlDB5Zx", "display_url": "twitter.com/i/web/status/9\u2026"}], "hashtags": [], "user_mentions": [{"name": "Ed Krassenstein", "indices": [0, 10], "id_str": "132339474", "id": 132339474, "screen_name": "EdKrassen"}, {"name": "IR.net", "indices": [11, 20], "id_str": "16790005", "id": 16790005, "screen_name": "IRdotnet"}, {"name": "Donald J. Trump", "indices": [21, 37], "id_str": "25073877", "id": 25073877, "screen_name": "realDonaldTrump"}]}, "contributors": null, "is_quote_status": false, "in_reply_to_user_id": 132339474, "favorite_count": 1, "favorited": false, "truncated": true, "coordinates": null, "place": null, "lang": "en", "retweeted": false, "id": 922131312374419456, "id_str": "922131312374419456", "geo": null, "in_reply_to_status_id": 922073186778394624, "in_reply_to_screen_name": "EdKrassen", "in_reply_to_user_id_str": "132339474", "created_at": "Sun Oct 22 16:03:31 +0000 2017", "retweet_count": 0, "text": "@EdKrassen @IRdotnet @realDonaldTrump This is the 1930`s German Nazi party propaganda model. Keep lying and eventua\u2026 https://t.co/dDsRlDB5Zx", "source": "<a href=\"http://twitter.com/download/android\" rel=\"nofollow\">Twitter for Android</a>", "in_reply_to_status_id_str": "922073186778394624"}, "translator_type": "none", "favourites_count": 18, "listed_count": 0, "profile_background_image_url": "http://abs.twimg.com/images/themes/theme1/bg.png", "follow_request_sent": false, "following": false, "statuses_count": 21, "default_profile": true, "contributors_enabled": false, "utc_offset": -25200, "followers_count": 1, "is_translation_enabled": false, "lang": "en", "name": "Don", "description": "Enjoying retirement", "has_extended_profile": false, "profile_sidebar_fill_color": "DDEEF6", "id": 23783299, "id_str": "23783299", "location": "Concord, California", "is_translator": false, "created_at": "Wed Mar 11 16:07:12 +0000 2009", "profile_use_background_image": true, "profile_text_color": "333333", "geo_enabled": false, "profile_background_tile": false, "profile_sidebar_border_color": "C0DEED", "entities": {"description": {"urls": []}, "url": {"urls": [{"indices": [0, 22], "expanded_url": "https://twitter.com/wales4me", "url": "http://t.co/MBuagCc1vd", "display_url": "twitter.com/wales4me"}]}}, "verified": false, "profile_image_url_https": "https://pbs.twimg.com/profile_images/1479734318/IMG04_normal.JPG", "profile_link_color": "1DA1F2", "default_profile_image": false}
2017-10-22T23:00:04.000100	{"profile_sidebar_fill_color": "DDEEF6", "screen_name": "wales4me", "created_at": "Wed Mar 11 16:07:12 +0000 2009", "profile_use_background_image": true, "description": "Enjoying retirement", "profile_image_url_https": "https://pbs.twimg.com/profile_images/1479734318/IMG04_normal.JPG", "contributors_enabled": false, "translator_type": "none", "following": false, "default_profile": true, "has_extended_profile": false, "geo_enabled": false, "profile_background_tile": false, "followers_count": 1, "name": "Don", "time_zone": "Pacific Time (US & Canada)", "listed_count": 0, "friends_count": 38, "default_profile_image": false, "status": {"in_reply_to_user_id_str": "132339474", "retweet_count": 0, "coordinates": null, "lang": "en", "geo": null, "retweeted": false, "favorite_count": 1, "in_reply_to_status_id_str": "922073186778394624", "is_quote_status": false, "in_reply_to_screen_name": "EdKrassen", "source": "<a href=\"http://twitter.com/download/android\" rel=\"nofollow\">Twitter for Android</a>", "created_at": "Sun Oct 22 16:03:31 +0000 2017", "id_str": "922131312374419456", "entities": {"symbols": [], "user_mentions": [{"screen_name": "EdKrassen", "name": "Ed Krassenstein", "indices": [0, 10], "id": 132339474, "id_str": "132339474"}, {"screen_name": "IRdotnet", "name": "IR.net", "indices": [11, 20], "id": 16790005, "id_str": "16790005"}, {"screen_name": "realDonaldTrump", "name": "Donald J. Trump", "indices": [21, 37], "id": 25073877, "id_str": "25073877"}], "hashtags": [], "urls": [{"expanded_url": "https://twitter.com/i/web/status/922131312374419456", "url": "https://t.co/dDsRlDB5Zx", "display_url": "twitter.com/i/web/status/9\u2026", "indices": [117, 140]}]}, "truncated": true, "place": null, "text": "@EdKrassen @IRdotnet @realDonaldTrump This is the 1930`s German Nazi party propaganda model. Keep lying and eventua\u2026 https://t.co/dDsRlDB5Zx", "favorited": false, "in_reply_to_user_id": 132339474, "contributors": null, "id": 922131312374419456, "in_reply_to_status_id": 922073186778394624}, "lang": "en", "id_str": "23783299", "is_translator": false, "entities": {"description": {"urls": []}, "url": {"urls": [{"expanded_url": "https://twitter.com/wales4me", "url": "http://t.co/MBuagCc1vd", "display_url": "twitter.com/wales4me", "indices": [0, 22]}]}}, "verified": false, "statuses_count": 21, "profile_background_image_url_https": "https://abs.twimg.com/images/themes/theme1/bg.png", "utc_offset": -25200, "is_translation_enabled": false, "profile_link_color": "1DA1F2", "location": "Concord, California", "url": "http://t.co/MBuagCc1vd", "profile_sidebar_border_color": "C0DEED", "notifications": false, "profile_background_image_url": "http://abs.twimg.com/images/themes/theme1/bg.png", "profile_background_color": "C0DEED", "protected": false, "favourites_count": 18, "profile_image_url": "http://pbs.twimg.com/profile_images/1479734318/IMG04_normal.JPG", "follow_request_sent": false, "id": 23783299, "profile_text_color": "333333"}
2017-10-23T00:00:03.328352	{"statuses_count": 21, "location": "Concord, California", "profile_image_url_https": "https://pbs.twimg.com/profile_images/1479734318/IMG04_normal.JPG", "profile_background_image_url_https": "https://abs.twimg.com/images/themes/theme1/bg.png", "following": false, "entities": {"url": {"urls": [{"display_url": "twitter.com/wales4me", "url": "http://t.co/MBuagCc1vd", "indices": [0, 22], "expanded_url": "https://twitter.com/wales4me"}]}, "description": {"urls": []}}, "followers_count": 1, "profile_link_color": "1DA1F2", "lang": "en", "profile_background_image_url": "http://abs.twimg.com/images/themes/theme1/bg.png", "profile_sidebar_fill_color": "DDEEF6", "follow_request_sent": false, "time_zone": "Pacific Time (US & Canada)", "utc_offset": -25200, "protected": false, "id": 23783299, "id_str": "23783299", "profile_background_tile": false, "name": "Don", "default_profile": true, "profile_use_background_image": true, "profile_image_url": "http://pbs.twimg.com/profile_images/1479734318/IMG04_normal.JPG", "url": "http://t.co/MBuagCc1vd", "profile_text_color": "333333", "listed_count": 0, "friends_count": 38, "contributors_enabled": false, "geo_enabled": false, "has_extended_profile": false, "verified": false, "created_at": "Wed Mar 11 16:07:12 +0000 2009", "is_translator": false, "profile_sidebar_border_color": "C0DEED", "profile_background_color": "C0DEED", "default_profile_image": false, "favourites_count": 18, "status": {"coordinates": null, "in_reply_to_status_id": 922073186778394624, "in_reply_to_status_id_str": "922073186778394624", "text": "@EdKrassen @IRdotnet @realDonaldTrump This is the 1930`s German Nazi party propaganda model. Keep lying and eventua\u2026 https://t.co/dDsRlDB5Zx", "geo": null, "place": null, "lang": "en", "favorite_count": 1, "contributors": null, "id": 922131312374419456, "id_str": "922131312374419456", "favorited": false, "source": "<a href=\"http://twitter.com/download/android\" rel=\"nofollow\">Twitter for Android</a>", "in_reply_to_user_id": 132339474, "in_reply_to_user_id_str": "132339474", "retweet_count": 0, "created_at": "Sun Oct 22 16:03:31 +0000 2017", "truncated": true, "entities": {"symbols": [], "user_mentions": [{"id": 132339474, "id_str": "132339474", "screen_name": "EdKrassen", "indices": [0, 10], "name": "Ed Krassenstein"}, {"id": 16790005, "id_str": "16790005", "screen_name": "IRdotnet", "indices": [11, 20], "name": "IR.net"}, {"id": 25073877, "id_str": "25073877", "screen_name": "realDonaldTrump", "indices": [21, 37], "name": "Donald J. Trump"}], "urls": [{"display_url": "twitter.com/i/web/status/9\u2026", "url": "https://t.co/dDsRlDB5Zx", "indices": [117, 140], "expanded_url": "https://twitter.com/i/web/status/922131312374419456"}], "hashtags": []}, "is_quote_status": false, "in_reply_to_screen_name": "EdKrassen", "retweeted": false}, "translator_type": "none", "screen_name": "wales4me", "notifications": false, "description": "Enjoying retirement", "is_translation_enabled": false}
2017-10-23T01:00:03.383610	{"protected": false, "follow_request_sent": false, "name": "Don", "has_extended_profile": false, "description": "Enjoying retirement", "profile_background_tile": false, "time_zone": "Pacific Time (US & Canada)", "lang": "en", "utc_offset": -25200, "is_translation_enabled": false, "profile_background_image_url": "http://abs.twimg.com/images/themes/theme1/bg.png", "notifications": false, "profile_text_color": "333333", "default_profile": true, "profile_image_url_https": "https://pbs.twimg.com/profile_images/1479734318/IMG04_normal.JPG", "following": false, "profile_background_image_url_https": "https://abs.twimg.com/images/themes/theme1/bg.png", "location": "Concord, California", "profile_background_color": "C0DEED", "profile_sidebar_fill_color": "DDEEF6", "verified": false, "screen_name": "wales4me", "entities": {"description": {"urls": []}, "url": {"urls": [{"indices": [0, 22], "url": "http://t.co/MBuagCc1vd", "expanded_url": "https://twitter.com/wales4me", "display_url": "twitter.com/wales4me"}]}}, "profile_image_url": "http://pbs.twimg.com/profile_images/1479734318/IMG04_normal.JPG", "id_str": "23783299", "status": {"favorite_count": 1, "contributors": null, "id_str": "922131312374419456", "lang": "en", "truncated": true, "favorited": false, "coordinates": null, "source": "<a href=\"http://twitter.com/download/android\" rel=\"nofollow\">Twitter for Android</a>", "is_quote_status": false, "id": 922131312374419456, "entities": {"user_mentions": [{"name": "Ed Krassenstein", "indices": [0, 10], "id": 132339474, "screen_name": "EdKrassen", "id_str": "132339474"}, {"name": "IR.net", "indices": [11, 20], "id": 16790005, "screen_name": "IRdotnet", "id_str": "16790005"}, {"name": "Donald J. Trump", "indices": [21, 37], "id": 25073877, "screen_name": "realDonaldTrump", "id_str": "25073877"}], "symbols": [], "hashtags": [], "urls": [{"indices": [117, 140], "url": "https://t.co/dDsRlDB5Zx", "expanded_url": "https://twitter.com/i/web/status/922131312374419456", "display_url": "twitter.com/i/web/status/9\u2026"}]}, "created_at": "Sun Oct 22 16:03:31 +0000 2017", "in_reply_to_user_id_str": "132339474", "in_reply_to_screen_name": "EdKrassen", "retweet_count": 0, "text": "@EdKrassen @IRdotnet @realDonaldTrump This is the 1930`s German Nazi party propaganda model. Keep lying and eventua\u2026 https://t.co/dDsRlDB5Zx", "place": null, "in_reply_to_status_id": 922073186778394624, "in_reply_to_user_id": 132339474, "retweeted": false, "in_reply_to_status_id_str": "922073186778394624", "geo": null}, "contributors_enabled": false, "profile_use_background_image": true, "profile_link_color": "1DA1F2", "listed_count": 0, "translator_type": "none", "statuses_count": 21, "friends_count": 38, "default_profile_image": false, "followers_count": 1, "favourites_count": 18, "id": 23783299, "url": "http://t.co/MBuagCc1vd", "geo_enabled": false, "created_at": "Wed Mar 11 16:07:12 +0000 2009", "is_translator": false, "profile_sidebar_border_color": "C0DEED"}
2017-10-23T02:00:03.604371	{"translator_type": "none", "utc_offset": -25200, "profile_sidebar_border_color": "C0DEED", "created_at": "Wed Mar 11 16:07:12 +0000 2009", "verified": false, "entities": {"url": {"urls": [{"display_url": "twitter.com/wales4me", "expanded_url": "https://twitter.com/wales4me", "url": "http://t.co/MBuagCc1vd", "indices": [0, 22]}]}, "description": {"urls": []}}, "following": false, "default_profile_image": false, "url": "http://t.co/MBuagCc1vd", "has_extended_profile": false, "profile_link_color": "1DA1F2", "contributors_enabled": false, "profile_background_image_url": "http://abs.twimg.com/images/themes/theme1/bg.png", "location": "Concord, California", "profile_image_url_https": "https://pbs.twimg.com/profile_images/1479734318/IMG04_normal.JPG", "follow_request_sent": false, "statuses_count": 21, "lang": "en", "profile_use_background_image": true, "is_translator": false, "notifications": false, "profile_text_color": "333333", "favourites_count": 18, "profile_background_color": "C0DEED", "time_zone": "Pacific Time (US & Canada)", "profile_background_tile": false, "friends_count": 38, "description": "Enjoying retirement", "protected": false, "name": "Don", "is_translation_enabled": false, "profile_image_url": "http://pbs.twimg.com/profile_images/1479734318/IMG04_normal.JPG", "status": {"created_at": "Sun Oct 22 16:03:31 +0000 2017", "place": null, "in_reply_to_status_id_str": "922073186778394624", "truncated": true, "source": "<a href=\"http://twitter.com/download/android\" rel=\"nofollow\">Twitter for Android</a>", "entities": {"user_mentions": [{"name": "Ed Krassenstein", "id_str": "132339474", "screen_name": "EdKrassen", "id": 132339474, "indices": [0, 10]}, {"name": "IR.net", "id_str": "16790005", "screen_name": "IRdotnet", "id": 16790005, "indices": [11, 20]}, {"name": "Donald J. Trump", "id_str": "25073877", "screen_name": "realDonaldTrump", "id": 25073877, "indices": [21, 37]}], "symbols": [], "hashtags": [], "urls": [{"display_url": "twitter.com/i/web/status/9\u2026", "expanded_url": "https://twitter.com/i/web/status/922131312374419456", "url": "https://t.co/dDsRlDB5Zx", "indices": [117, 140]}]}, "lang": "en", "in_reply_to_status_id": 922073186778394624, "in_reply_to_user_id_str": "132339474", "in_reply_to_user_id": 132339474, "coordinates": null, "retweeted": false, "geo": null, "is_quote_status": false, "favorited": false, "contributors": null, "id_str": "922131312374419456", "in_reply_to_screen_name": "EdKrassen", "id": 922131312374419456, "favorite_count": 1, "text": "@EdKrassen @IRdotnet @realDonaldTrump This is the 1930`s German Nazi party propaganda model. Keep lying and eventua\u2026 https://t.co/dDsRlDB5Zx", "retweet_count": 0}, "followers_count": 1, "id_str": "23783299", "geo_enabled": false, "screen_name": "wales4me", "id": 23783299, "profile_sidebar_fill_color": "DDEEF6", "listed_count": 0, "default_profile": true, "profile_background_image_url_https": "https://abs.twimg.com/images/themes/theme1/bg.png"}
2017-10-23T03:00:04.073861	{"notifications": false, "profile_background_tile": false, "name": "Don", "profile_background_color": "C0DEED", "profile_sidebar_fill_color": "DDEEF6", "protected": false, "url": "http://t.co/MBuagCc1vd", "id": 23783299, "profile_background_image_url_https": "https://abs.twimg.com/images/themes/theme1/bg.png", "followers_count": 1, "location": "Concord, California", "screen_name": "wales4me", "has_extended_profile": false, "default_profile": true, "is_translator": false, "listed_count": 0, "geo_enabled": false, "profile_image_url_https": "https://pbs.twimg.com/profile_images/1479734318/IMG04_normal.JPG", "follow_request_sent": false, "default_profile_image": false, "created_at": "Wed Mar 11 16:07:12 +0000 2009", "status": {"in_reply_to_user_id": 132339474, "lang": "en", "in_reply_to_user_id_str": "132339474", "id": 922131312374419456, "contributors": null, "in_reply_to_screen_name": "EdKrassen", "created_at": "Sun Oct 22 16:03:31 +0000 2017", "favorited": false, "retweet_count": 0, "coordinates": null, "in_reply_to_status_id_str": "922073186778394624", "entities": {"hashtags": [], "urls": [{"display_url": "twitter.com/i/web/status/9\u2026", "url": "https://t.co/dDsRlDB5Zx", "indices": [117, 140], "expanded_url": "https://twitter.com/i/web/status/922131312374419456"}], "user_mentions": [{"screen_name": "EdKrassen", "id": 132339474, "name": "Ed Krassenstein", "id_str": "132339474", "indices": [0, 10]}, {"screen_name": "IRdotnet", "id": 16790005, "name": "IR.net", "id_str": "16790005", "indices": [11, 20]}, {"screen_name": "realDonaldTrump", "id": 25073877, "name": "Donald J. Trump", "id_str": "25073877", "indices": [21, 37]}], "symbols": []}, "place": null, "truncated": true, "retweeted": false, "geo": null, "text": "@EdKrassen @IRdotnet @realDonaldTrump This is the 1930`s German Nazi party propaganda model. Keep lying and eventua\u2026 https://t.co/dDsRlDB5Zx", "in_reply_to_status_id": 922073186778394624, "source": "<a href=\"http://twitter.com/download/android\" rel=\"nofollow\">Twitter for Android</a>", "is_quote_status": false, "favorite_count": 1, "id_str": "922131312374419456"}, "profile_use_background_image": true, "favourites_count": 18, "entities": {"description": {"urls": []}, "url": {"urls": [{"display_url": "twitter.com/wales4me", "url": "http://t.co/MBuagCc1vd", "indices": [0, 22], "expanded_url": "https://twitter.com/wales4me"}]}}, "translator_type": "none", "time_zone": "Pacific Time (US & Canada)", "profile_text_color": "333333", "utc_offset": -25200, "statuses_count": 21, "profile_sidebar_border_color": "C0DEED", "profile_background_image_url": "http://abs.twimg.com/images/themes/theme1/bg.png", "lang": "en", "is_translation_enabled": false, "description": "Enjoying retirement", "profile_link_color": "1DA1F2", "verified": false, "contributors_enabled": false, "following": false, "profile_image_url": "http://pbs.twimg.com/profile_images/1479734318/IMG04_normal.JPG", "friends_count": 38, "id_str": "23783299"}
2017-10-23T04:00:03.931358	{"listed_count": 0, "name": "Don", "profile_background_image_url_https": "https://abs.twimg.com/images/themes/theme1/bg.png", "is_translator": false, "following": false, "statuses_count": 21, "contributors_enabled": false, "id_str": "23783299", "profile_sidebar_border_color": "C0DEED", "default_profile_image": false, "notifications": false, "verified": false, "favourites_count": 18, "created_at": "Wed Mar 11 16:07:12 +0000 2009", "has_extended_profile": false, "profile_background_tile": false, "time_zone": "Pacific Time (US & Canada)", "geo_enabled": false, "entities": {"description": {"urls": []}, "url": {"urls": [{"indices": [0, 22], "expanded_url": "https://twitter.com/wales4me", "display_url": "twitter.com/wales4me", "url": "http://t.co/MBuagCc1vd"}]}}, "description": "Enjoying retirement", "is_translation_enabled": false, "default_profile": true, "profile_image_url": "http://pbs.twimg.com/profile_images/1479734318/IMG04_normal.JPG", "id": 23783299, "profile_use_background_image": true, "url": "http://t.co/MBuagCc1vd", "translator_type": "none", "profile_link_color": "1DA1F2", "utc_offset": -25200, "lang": "en", "friends_count": 38, "followers_count": 1, "status": {"geo": null, "coordinates": null, "retweet_count": 0, "id_str": "922131312374419456", "truncated": true, "favorited": false, "created_at": "Sun Oct 22 16:03:31 +0000 2017", "in_reply_to_screen_name": "EdKrassen", "place": null, "id": 922131312374419456, "entities": {"symbols": [], "hashtags": [], "user_mentions": [{"id_str": "132339474", "indices": [0, 10], "name": "Ed Krassenstein", "id": 132339474, "screen_name": "EdKrassen"}, {"id_str": "16790005", "indices": [11, 20], "name": "IR.net", "id": 16790005, "screen_name": "IRdotnet"}, {"id_str": "25073877", "indices": [21, 37], "name": "Donald J. Trump", "id": 25073877, "screen_name": "realDonaldTrump"}], "urls": [{"indices": [117, 140], "expanded_url": "https://twitter.com/i/web/status/922131312374419456", "display_url": "twitter.com/i/web/status/9\u2026", "url": "https://t.co/dDsRlDB5Zx"}]}, "text": "@EdKrassen @IRdotnet @realDonaldTrump This is the 1930`s German Nazi party propaganda model. Keep lying and eventua\u2026 https://t.co/dDsRlDB5Zx", "source": "<a href=\"http://twitter.com/download/android\" rel=\"nofollow\">Twitter for Android</a>", "in_reply_to_status_id": 922073186778394624, "in_reply_to_user_id_str": "132339474", "in_reply_to_status_id_str": "922073186778394624", "lang": "en", "retweeted": false, "is_quote_status": false, "in_reply_to_user_id": 132339474, "contributors": null, "favorite_count": 1}, "profile_sidebar_fill_color": "DDEEF6", "protected": false, "screen_name": "wales4me", "profile_image_url_https": "https://pbs.twimg.com/profile_images/1479734318/IMG04_normal.JPG", "profile_background_color": "C0DEED", "profile_background_image_url": "http://abs.twimg.com/images/themes/theme1/bg.png", "location": "Concord, California", "profile_text_color": "333333", "follow_request_sent": false}
2017-10-23T05:00:03.737387	{"location": "Concord, California", "lang": "en", "entities": {"description": {"urls": []}, "url": {"urls": [{"indices": [0, 22], "expanded_url": "https://twitter.com/wales4me", "url": "http://t.co/MBuagCc1vd", "display_url": "twitter.com/wales4me"}]}}, "profile_background_image_url": "http://abs.twimg.com/images/themes/theme1/bg.png", "protected": false, "description": "Enjoying retirement", "profile_text_color": "333333", "favourites_count": 18, "has_extended_profile": false, "status": {"lang": "en", "coordinates": null, "entities": {"urls": [{"indices": [117, 140], "expanded_url": "https://twitter.com/i/web/status/922131312374419456", "url": "https://t.co/dDsRlDB5Zx", "display_url": "twitter.com/i/web/status/9\u2026"}], "symbols": [], "hashtags": [], "user_mentions": [{"id_str": "132339474", "indices": [0, 10], "screen_name": "EdKrassen", "id": 132339474, "name": "Ed Krassenstein"}, {"id_str": "16790005", "indices": [11, 20], "screen_name": "IRdotnet", "id": 16790005, "name": "IR.net"}, {"id_str": "25073877", "indices": [21, 37], "screen_name": "realDonaldTrump", "id": 25073877, "name": "Donald J. Trump"}]}, "favorite_count": 1, "in_reply_to_user_id_str": "132339474", "in_reply_to_user_id": 132339474, "in_reply_to_status_id": 922073186778394624, "id_str": "922131312374419456", "text": "@EdKrassen @IRdotnet @realDonaldTrump This is the 1930`s German Nazi party propaganda model. Keep lying and eventua\u2026 https://t.co/dDsRlDB5Zx", "retweet_count": 0, "place": null, "in_reply_to_screen_name": "EdKrassen", "contributors": null, "id": 922131312374419456, "in_reply_to_status_id_str": "922073186778394624", "truncated": true, "is_quote_status": false, "geo": null, "retweeted": false, "created_at": "Sun Oct 22 16:03:31 +0000 2017", "source": "<a href=\"http://twitter.com/download/android\" rel=\"nofollow\">Twitter for Android</a>", "favorited": false}, "contributors_enabled": false, "geo_enabled": false, "id_str": "23783299", "statuses_count": 21, "friends_count": 38, "utc_offset": -25200, "translator_type": "none", "is_translator": false, "name": "Don", "time_zone": "Pacific Time (US & Canada)", "profile_image_url": "http://pbs.twimg.com/profile_images/1479734318/IMG04_normal.JPG", "default_profile": true, "verified": false, "created_at": "Wed Mar 11 16:07:12 +0000 2009", "is_translation_enabled": false, "profile_use_background_image": true, "follow_request_sent": false, "id": 23783299, "profile_background_image_url_https": "https://abs.twimg.com/images/themes/theme1/bg.png", "followers_count": 1, "profile_background_tile": false, "profile_sidebar_fill_color": "DDEEF6", "listed_count": 0, "profile_image_url_https": "https://pbs.twimg.com/profile_images/1479734318/IMG04_normal.JPG", "profile_sidebar_border_color": "C0DEED", "profile_link_color": "1DA1F2", "following": false, "url": "http://t.co/MBuagCc1vd", "notifications": false, "screen_name": "wales4me", "default_profile_image": false, "profile_background_color": "C0DEED"}
2017-10-23T06:00:03.789671	{"time_zone": "Pacific Time (US & Canada)", "contributors_enabled": false, "friends_count": 38, "profile_background_image_url": "http://abs.twimg.com/images/themes/theme1/bg.png", "utc_offset": -25200, "profile_background_color": "C0DEED", "follow_request_sent": false, "default_profile": true, "profile_background_image_url_https": "https://abs.twimg.com/images/themes/theme1/bg.png", "screen_name": "wales4me", "geo_enabled": false, "id_str": "23783299", "profile_text_color": "333333", "profile_background_tile": false, "created_at": "Wed Mar 11 16:07:12 +0000 2009", "followers_count": 1, "verified": false, "profile_sidebar_border_color": "C0DEED", "profile_image_url_https": "https://pbs.twimg.com/profile_images/1479734318/IMG04_normal.JPG", "is_translator": false, "listed_count": 0, "name": "Don", "protected": false, "entities": {"url": {"urls": [{"display_url": "twitter.com/wales4me", "url": "http://t.co/MBuagCc1vd", "indices": [0, 22], "expanded_url": "https://twitter.com/wales4me"}]}, "description": {"urls": []}}, "is_translation_enabled": false, "statuses_count": 21, "translator_type": "none", "profile_image_url": "http://pbs.twimg.com/profile_images/1479734318/IMG04_normal.JPG", "default_profile_image": false, "has_extended_profile": false, "notifications": false, "description": "Enjoying retirement", "location": "Concord, California", "status": {"in_reply_to_screen_name": "EdKrassen", "entities": {"urls": [{"display_url": "twitter.com/i/web/status/9\u2026", "url": "https://t.co/dDsRlDB5Zx", "indices": [117, 140], "expanded_url": "https://twitter.com/i/web/status/922131312374419456"}], "symbols": [], "hashtags": [], "user_mentions": [{"id_str": "132339474", "name": "Ed Krassenstein", "id": 132339474, "indices": [0, 10], "screen_name": "EdKrassen"}, {"id_str": "16790005", "name": "IR.net", "id": 16790005, "indices": [11, 20], "screen_name": "IRdotnet"}, {"id_str": "25073877", "name": "Donald J. Trump", "id": 25073877, "indices": [21, 37], "screen_name": "realDonaldTrump"}]}, "is_quote_status": false, "id_str": "922131312374419456", "text": "@EdKrassen @IRdotnet @realDonaldTrump This is the 1930`s German Nazi party propaganda model. Keep lying and eventua\u2026 https://t.co/dDsRlDB5Zx", "place": null, "in_reply_to_user_id_str": "132339474", "coordinates": null, "favorited": false, "in_reply_to_status_id": 922073186778394624, "in_reply_to_status_id_str": "922073186778394624", "lang": "en", "favorite_count": 1, "retweeted": false, "truncated": true, "contributors": null, "in_reply_to_user_id": 132339474, "geo": null, "source": "<a href=\"http://twitter.com/download/android\" rel=\"nofollow\">Twitter for Android</a>", "retweet_count": 0, "id": 922131312374419456, "created_at": "Sun Oct 22 16:03:31 +0000 2017"}, "profile_sidebar_fill_color": "DDEEF6", "lang": "en", "profile_link_color": "1DA1F2", "url": "http://t.co/MBuagCc1vd", "id": 23783299, "following": false, "profile_use_background_image": true, "favourites_count": 18}
2017-10-23T07:00:03.534538	{"profile_use_background_image": true, "default_profile_image": false, "translator_type": "none", "profile_background_image_url_https": "https://abs.twimg.com/images/themes/theme1/bg.png", "is_translator": false, "following": false, "profile_image_url_https": "https://pbs.twimg.com/profile_images/1479734318/IMG04_normal.JPG", "listed_count": 0, "entities": {"url": {"urls": [{"url": "http://t.co/MBuagCc1vd", "expanded_url": "https://twitter.com/wales4me", "display_url": "twitter.com/wales4me", "indices": [0, 22]}]}, "description": {"urls": []}}, "contributors_enabled": false, "friends_count": 38, "profile_sidebar_border_color": "C0DEED", "location": "Concord, California", "screen_name": "wales4me", "id_str": "23783299", "followers_count": 1, "favourites_count": 18, "time_zone": "Pacific Time (US & Canada)", "profile_link_color": "1DA1F2", "status": {"in_reply_to_screen_name": "EdKrassen", "geo": null, "text": "@EdKrassen @IRdotnet @realDonaldTrump This is the 1930`s German Nazi party propaganda model. Keep lying and eventua\u2026 https://t.co/dDsRlDB5Zx", "in_reply_to_status_id_str": "922073186778394624", "retweet_count": 0, "retweeted": false, "id_str": "922131312374419456", "entities": {"urls": [{"url": "https://t.co/dDsRlDB5Zx", "expanded_url": "https://twitter.com/i/web/status/922131312374419456", "display_url": "twitter.com/i/web/status/9\u2026", "indices": [117, 140]}], "symbols": [], "user_mentions": [{"name": "Ed Krassenstein", "id": 132339474, "screen_name": "EdKrassen", "id_str": "132339474", "indices": [0, 10]}, {"name": "IR.net", "id": 16790005, "screen_name": "IRdotnet", "id_str": "16790005", "indices": [11, 20]}, {"name": "Donald J. Trump", "id": 25073877, "screen_name": "realDonaldTrump", "id_str": "25073877", "indices": [21, 37]}], "hashtags": []}, "coordinates": null, "lang": "en", "is_quote_status": false, "favorite_count": 1, "in_reply_to_user_id_str": "132339474", "place": null, "in_reply_to_status_id": 922073186778394624, "id": 922131312374419456, "truncated": true, "in_reply_to_user_id": 132339474, "contributors": null, "source": "<a href=\"http://twitter.com/download/android\" rel=\"nofollow\">Twitter for Android</a>", "favorited": false, "created_at": "Sun Oct 22 16:03:31 +0000 2017"}, "profile_background_color": "C0DEED", "name": "Don", "geo_enabled": false, "lang": "en", "is_translation_enabled": false, "statuses_count": 21, "has_extended_profile": false, "profile_background_tile": false, "default_profile": true, "protected": false, "id": 23783299, "description": "Enjoying retirement", "profile_sidebar_fill_color": "DDEEF6", "follow_request_sent": false, "notifications": false, "url": "http://t.co/MBuagCc1vd", "profile_background_image_url": "http://abs.twimg.com/images/themes/theme1/bg.png", "profile_text_color": "333333", "verified": false, "profile_image_url": "http://pbs.twimg.com/profile_images/1479734318/IMG04_normal.JPG", "utc_offset": -25200, "created_at": "Wed Mar 11 16:07:12 +0000 2009"}
2017-10-23T08:00:03.677297	{"description": "Enjoying retirement", "geo_enabled": false, "entities": {"description": {"urls": []}, "url": {"urls": [{"indices": [0, 22], "display_url": "twitter.com/wales4me", "expanded_url": "https://twitter.com/wales4me", "url": "http://t.co/MBuagCc1vd"}]}}, "id": 23783299, "profile_image_url": "http://pbs.twimg.com/profile_images/1479734318/IMG04_normal.JPG", "url": "http://t.co/MBuagCc1vd", "contributors_enabled": false, "profile_sidebar_border_color": "C0DEED", "screen_name": "wales4me", "profile_use_background_image": true, "profile_background_color": "C0DEED", "profile_link_color": "1DA1F2", "follow_request_sent": false, "profile_text_color": "333333", "profile_sidebar_fill_color": "DDEEF6", "time_zone": "Pacific Time (US & Canada)", "has_extended_profile": false, "lang": "en", "default_profile_image": false, "location": "Concord, California", "notifications": false, "is_translation_enabled": false, "translator_type": "none", "utc_offset": -25200, "verified": false, "following": false, "protected": false, "profile_background_tile": false, "is_translator": false, "id_str": "23783299", "created_at": "Wed Mar 11 16:07:12 +0000 2009", "friends_count": 38, "statuses_count": 21, "status": {"entities": {"hashtags": [], "urls": [{"indices": [117, 140], "display_url": "twitter.com/i/web/status/9\u2026", "expanded_url": "https://twitter.com/i/web/status/922131312374419456", "url": "https://t.co/dDsRlDB5Zx"}], "symbols": [], "user_mentions": [{"indices": [0, 10], "id_str": "132339474", "name": "Ed Krassenstein", "screen_name": "EdKrassen", "id": 132339474}, {"indices": [11, 20], "id_str": "16790005", "name": "IR.net", "screen_name": "IRdotnet", "id": 16790005}, {"indices": [21, 37], "id_str": "25073877", "name": "Donald J. Trump", "screen_name": "realDonaldTrump", "id": 25073877}]}, "favorited": false, "contributors": null, "favorite_count": 1, "retweet_count": 0, "in_reply_to_user_id_str": "132339474", "in_reply_to_user_id": 132339474, "source": "<a href=\"http://twitter.com/download/android\" rel=\"nofollow\">Twitter for Android</a>", "text": "@EdKrassen @IRdotnet @realDonaldTrump This is the 1930`s German Nazi party propaganda model. Keep lying and eventua\u2026 https://t.co/dDsRlDB5Zx", "in_reply_to_screen_name": "EdKrassen", "in_reply_to_status_id_str": "922073186778394624", "coordinates": null, "truncated": true, "in_reply_to_status_id": 922073186778394624, "place": null, "geo": null, "id_str": "922131312374419456", "created_at": "Sun Oct 22 16:03:31 +0000 2017", "lang": "en", "retweeted": false, "id": 922131312374419456, "is_quote_status": false}, "profile_image_url_https": "https://pbs.twimg.com/profile_images/1479734318/IMG04_normal.JPG", "default_profile": true, "favourites_count": 18, "listed_count": 0, "profile_background_image_url": "http://abs.twimg.com/images/themes/theme1/bg.png", "profile_background_image_url_https": "https://abs.twimg.com/images/themes/theme1/bg.png", "name": "Don", "followers_count": 1}
2017-10-23T09:00:04.413005	{"entities": {"description": {"urls": []}, "url": {"urls": [{"indices": [0, 22], "display_url": "twitter.com/wales4me", "expanded_url": "https://twitter.com/wales4me", "url": "http://t.co/MBuagCc1vd"}]}}, "following": false, "verified": false, "profile_background_image_url": "http://abs.twimg.com/images/themes/theme1/bg.png", "profile_background_color": "C0DEED", "profile_sidebar_fill_color": "DDEEF6", "profile_background_image_url_https": "https://abs.twimg.com/images/themes/theme1/bg.png", "default_profile_image": false, "contributors_enabled": false, "default_profile": true, "profile_sidebar_border_color": "C0DEED", "followers_count": 1, "friends_count": 38, "time_zone": "Pacific Time (US & Canada)", "protected": false, "profile_image_url_https": "https://pbs.twimg.com/profile_images/1479734318/IMG04_normal.JPG", "listed_count": 0, "description": "Enjoying retirement", "lang": "en", "profile_image_url": "http://pbs.twimg.com/profile_images/1479734318/IMG04_normal.JPG", "notifications": false, "id_str": "23783299", "geo_enabled": false, "translator_type": "none", "name": "Don", "profile_text_color": "333333", "favourites_count": 18, "utc_offset": -25200, "id": 23783299, "profile_use_background_image": true, "statuses_count": 21, "location": "Concord, California", "screen_name": "wales4me", "has_extended_profile": false, "profile_background_tile": false, "profile_link_color": "1DA1F2", "status": {"entities": {"hashtags": [], "user_mentions": [{"screen_name": "EdKrassen", "id": 132339474, "name": "Ed Krassenstein", "indices": [0, 10], "id_str": "132339474"}, {"screen_name": "IRdotnet", "id": 16790005, "name": "IR.net", "indices": [11, 20], "id_str": "16790005"}, {"screen_name": "realDonaldTrump", "id": 25073877, "name": "Donald J. Trump", "indices": [21, 37], "id_str": "25073877"}], "symbols": [], "urls": [{"indices": [117, 140], "display_url": "twitter.com/i/web/status/9\u2026", "expanded_url": "https://twitter.com/i/web/status/922131312374419456", "url": "https://t.co/dDsRlDB5Zx"}]}, "text": "@EdKrassen @IRdotnet @realDonaldTrump This is the 1930`s German Nazi party propaganda model. Keep lying and eventua\u2026 https://t.co/dDsRlDB5Zx", "coordinates": null, "source": "<a href=\"http://twitter.com/download/android\" rel=\"nofollow\">Twitter for Android</a>", "favorite_count": 1, "truncated": true, "lang": "en", "favorited": false, "in_reply_to_status_id_str": "922073186778394624", "retweet_count": 0, "in_reply_to_status_id": 922073186778394624, "in_reply_to_screen_name": "EdKrassen", "is_quote_status": false, "id": 922131312374419456, "contributors": null, "created_at": "Sun Oct 22 16:03:31 +0000 2017", "retweeted": false, "in_reply_to_user_id_str": "132339474", "id_str": "922131312374419456", "place": null, "geo": null, "in_reply_to_user_id": 132339474}, "is_translation_enabled": false, "is_translator": false, "follow_request_sent": false, "created_at": "Wed Mar 11 16:07:12 +0000 2009", "url": "http://t.co/MBuagCc1vd"}
2017-10-23T10:00:04.062077	{"translator_type": "none", "protected": false, "statuses_count": 21, "notifications": false, "profile_image_url": "http://pbs.twimg.com/profile_images/1479734318/IMG04_normal.JPG", "followers_count": 1, "created_at": "Wed Mar 11 16:07:12 +0000 2009", "utc_offset": -25200, "follow_request_sent": false, "contributors_enabled": false, "profile_background_color": "C0DEED", "status": {"in_reply_to_status_id_str": "922073186778394624", "in_reply_to_status_id": 922073186778394624, "truncated": true, "retweet_count": 0, "geo": null, "contributors": null, "text": "@EdKrassen @IRdotnet @realDonaldTrump This is the 1930`s German Nazi party propaganda model. Keep lying and eventua\u2026 https://t.co/dDsRlDB5Zx", "is_quote_status": false, "favorite_count": 1, "in_reply_to_screen_name": "EdKrassen", "retweeted": false, "source": "<a href=\"http://twitter.com/download/android\" rel=\"nofollow\">Twitter for Android</a>", "lang": "en", "entities": {"hashtags": [], "symbols": [], "user_mentions": [{"screen_name": "EdKrassen", "id": 132339474, "id_str": "132339474", "name": "Ed Krassenstein", "indices": [0, 10]}, {"screen_name": "IRdotnet", "id": 16790005, "id_str": "16790005", "name": "IR.net", "indices": [11, 20]}, {"screen_name": "realDonaldTrump", "id": 25073877, "id_str": "25073877", "name": "Donald J. Trump", "indices": [21, 37]}], "urls": [{"url": "https://t.co/dDsRlDB5Zx", "expanded_url": "https://twitter.com/i/web/status/922131312374419456", "display_url": "twitter.com/i/web/status/9\u2026", "indices": [117, 140]}]}, "in_reply_to_user_id": 132339474, "in_reply_to_user_id_str": "132339474", "id_str": "922131312374419456", "favorited": false, "coordinates": null, "place": null, "created_at": "Sun Oct 22 16:03:31 +0000 2017", "id": 922131312374419456}, "location": "Concord, California", "profile_background_image_url": "http://abs.twimg.com/images/themes/theme1/bg.png", "default_profile": true, "default_profile_image": false, "profile_background_image_url_https": "https://abs.twimg.com/images/themes/theme1/bg.png", "has_extended_profile": false, "profile_text_color": "333333", "verified": false, "geo_enabled": false, "url": "http://t.co/MBuagCc1vd", "profile_background_tile": false, "lang": "en", "entities": {"url": {"urls": [{"url": "http://t.co/MBuagCc1vd", "expanded_url": "https://twitter.com/wales4me", "display_url": "twitter.com/wales4me", "indices": [0, 22]}]}, "description": {"urls": []}}, "friends_count": 38, "description": "Enjoying retirement", "profile_sidebar_fill_color": "DDEEF6", "following": false, "profile_image_url_https": "https://pbs.twimg.com/profile_images/1479734318/IMG04_normal.JPG", "is_translator": false, "is_translation_enabled": false, "screen_name": "wales4me", "id_str": "23783299", "listed_count": 0, "name": "Don", "profile_use_background_image": true, "time_zone": "Pacific Time (US & Canada)", "id": 23783299, "favourites_count": 18, "profile_link_color": "1DA1F2", "profile_sidebar_border_color": "C0DEED"}
2017-10-23T11:00:04.509293	{"lang": "en", "status": {"lang": "en", "in_reply_to_user_id_str": "132339474", "favorited": false, "entities": {"hashtags": [], "user_mentions": [{"screen_name": "EdKrassen", "id_str": "132339474", "name": "Ed Krassenstein", "indices": [0, 10], "id": 132339474}, {"screen_name": "IRdotnet", "id_str": "16790005", "name": "IR.net", "indices": [11, 20], "id": 16790005}, {"screen_name": "realDonaldTrump", "id_str": "25073877", "name": "Donald J. Trump", "indices": [21, 37], "id": 25073877}], "urls": [{"expanded_url": "https://twitter.com/i/web/status/922131312374419456", "indices": [117, 140], "url": "https://t.co/dDsRlDB5Zx", "display_url": "twitter.com/i/web/status/9\u2026"}], "symbols": []}, "id": 922131312374419456, "coordinates": null, "truncated": true, "text": "@EdKrassen @IRdotnet @realDonaldTrump This is the 1930`s German Nazi party propaganda model. Keep lying and eventua\u2026 https://t.co/dDsRlDB5Zx", "place": null, "favorite_count": 1, "contributors": null, "geo": null, "in_reply_to_status_id_str": "922073186778394624", "retweet_count": 0, "in_reply_to_user_id": 132339474, "in_reply_to_screen_name": "EdKrassen", "id_str": "922131312374419456", "in_reply_to_status_id": 922073186778394624, "created_at": "Sun Oct 22 16:03:31 +0000 2017", "retweeted": false, "source": "<a href=\"http://twitter.com/download/android\" rel=\"nofollow\">Twitter for Android</a>", "is_quote_status": false}, "protected": false, "verified": false, "following": false, "profile_background_color": "C0DEED", "default_profile": true, "screen_name": "wales4me", "profile_text_color": "333333", "profile_use_background_image": true, "url": "http://t.co/MBuagCc1vd", "notifications": false, "location": "Concord, California", "has_extended_profile": false, "geo_enabled": false, "entities": {"description": {"urls": []}, "url": {"urls": [{"expanded_url": "https://twitter.com/wales4me", "indices": [0, 22], "url": "http://t.co/MBuagCc1vd", "display_url": "twitter.com/wales4me"}]}}, "translator_type": "none", "profile_background_tile": false, "created_at": "Wed Mar 11 16:07:12 +0000 2009", "description": "Enjoying retirement", "id": 23783299, "profile_background_image_url_https": "https://abs.twimg.com/images/themes/theme1/bg.png", "profile_sidebar_border_color": "C0DEED", "contributors_enabled": false, "time_zone": "Pacific Time (US & Canada)", "followers_count": 1, "profile_background_image_url": "http://abs.twimg.com/images/themes/theme1/bg.png", "name": "Don", "favourites_count": 18, "id_str": "23783299", "profile_image_url_https": "https://pbs.twimg.com/profile_images/1479734318/IMG04_normal.JPG", "is_translator": false, "profile_link_color": "1DA1F2", "is_translation_enabled": false, "listed_count": 0, "utc_offset": -25200, "statuses_count": 21, "default_profile_image": false, "follow_request_sent": false, "profile_image_url": "http://pbs.twimg.com/profile_images/1479734318/IMG04_normal.JPG", "friends_count": 38, "profile_sidebar_fill_color": "DDEEF6"}
2017-10-23T12:00:03.975049	{"url": "http://t.co/MBuagCc1vd", "verified": false, "geo_enabled": false, "contributors_enabled": false, "screen_name": "wales4me", "created_at": "Wed Mar 11 16:07:12 +0000 2009", "has_extended_profile": false, "profile_background_image_url_https": "https://abs.twimg.com/images/themes/theme1/bg.png", "profile_image_url": "http://pbs.twimg.com/profile_images/1479734318/IMG04_normal.JPG", "profile_background_image_url": "http://abs.twimg.com/images/themes/theme1/bg.png", "notifications": false, "listed_count": 0, "default_profile_image": false, "friends_count": 38, "lang": "en", "followers_count": 1, "following": false, "favourites_count": 18, "protected": false, "status": {"truncated": true, "created_at": "Sun Oct 22 16:03:31 +0000 2017", "in_reply_to_user_id": 132339474, "favorite_count": 1, "lang": "en", "in_reply_to_user_id_str": "132339474", "geo": null, "coordinates": null, "contributors": null, "source": "<a href=\"http://twitter.com/download/android\" rel=\"nofollow\">Twitter for Android</a>", "in_reply_to_status_id_str": "922073186778394624", "text": "@EdKrassen @IRdotnet @realDonaldTrump This is the 1930`s German Nazi party propaganda model. Keep lying and eventua\u2026 https://t.co/dDsRlDB5Zx", "id": 922131312374419456, "entities": {"hashtags": [], "symbols": [], "user_mentions": [{"indices": [0, 10], "id_str": "132339474", "id": 132339474, "name": "Ed Krassenstein", "screen_name": "EdKrassen"}, {"indices": [11, 20], "id_str": "16790005", "id": 16790005, "name": "IR.net", "screen_name": "IRdotnet"}, {"indices": [21, 37], "id_str": "25073877", "id": 25073877, "name": "Donald J. Trump", "screen_name": "realDonaldTrump"}], "urls": [{"url": "https://t.co/dDsRlDB5Zx", "indices": [117, 140], "display_url": "twitter.com/i/web/status/9\u2026", "expanded_url": "https://twitter.com/i/web/status/922131312374419456"}]}, "retweeted": false, "place": null, "is_quote_status": false, "id_str": "922131312374419456", "in_reply_to_status_id": 922073186778394624, "favorited": false, "in_reply_to_screen_name": "EdKrassen", "retweet_count": 0}, "translator_type": "none", "is_translation_enabled": false, "id": 23783299, "entities": {"url": {"urls": [{"url": "http://t.co/MBuagCc1vd", "indices": [0, 22], "display_url": "twitter.com/wales4me", "expanded_url": "https://twitter.com/wales4me"}]}, "description": {"urls": []}}, "profile_sidebar_fill_color": "DDEEF6", "profile_background_color": "C0DEED", "profile_background_tile": false, "is_translator": false, "description": "Enjoying retirement", "utc_offset": -25200, "profile_sidebar_border_color": "C0DEED", "time_zone": "Pacific Time (US & Canada)", "profile_text_color": "333333", "profile_image_url_https": "https://pbs.twimg.com/profile_images/1479734318/IMG04_normal.JPG", "id_str": "23783299", "profile_use_background_image": true, "profile_link_color": "1DA1F2", "default_profile": true, "follow_request_sent": false, "name": "Don", "location": "Concord, California", "statuses_count": 21}
2017-10-23T13:00:03.864383	{"protected": false, "has_extended_profile": false, "statuses_count": 21, "favourites_count": 18, "friends_count": 38, "profile_image_url": "http://pbs.twimg.com/profile_images/1479734318/IMG04_normal.JPG", "translator_type": "none", "url": "http://t.co/MBuagCc1vd", "profile_background_image_url_https": "https://abs.twimg.com/images/themes/theme1/bg.png", "screen_name": "wales4me", "profile_background_image_url": "http://abs.twimg.com/images/themes/theme1/bg.png", "profile_use_background_image": true, "default_profile_image": false, "default_profile": true, "profile_sidebar_border_color": "C0DEED", "time_zone": "Pacific Time (US & Canada)", "name": "Don", "contributors_enabled": false, "lang": "en", "description": "Enjoying retirement", "profile_sidebar_fill_color": "DDEEF6", "geo_enabled": false, "is_translation_enabled": false, "created_at": "Wed Mar 11 16:07:12 +0000 2009", "profile_background_color": "C0DEED", "followers_count": 1, "following": false, "entities": {"url": {"urls": [{"expanded_url": "https://twitter.com/wales4me", "url": "http://t.co/MBuagCc1vd", "display_url": "twitter.com/wales4me", "indices": [0, 22]}]}, "description": {"urls": []}}, "utc_offset": -25200, "is_translator": false, "follow_request_sent": false, "profile_background_tile": false, "profile_link_color": "1DA1F2", "profile_image_url_https": "https://pbs.twimg.com/profile_images/1479734318/IMG04_normal.JPG", "status": {"in_reply_to_screen_name": "EdKrassen", "retweeted": false, "truncated": true, "is_quote_status": false, "in_reply_to_user_id_str": "132339474", "place": null, "source": "<a href=\"http://twitter.com/download/android\" rel=\"nofollow\">Twitter for Android</a>", "geo": null, "coordinates": null, "in_reply_to_status_id_str": "922073186778394624", "lang": "en", "in_reply_to_status_id": 922073186778394624, "in_reply_to_user_id": 132339474, "retweet_count": 0, "created_at": "Sun Oct 22 16:03:31 +0000 2017", "text": "@EdKrassen @IRdotnet @realDonaldTrump This is the 1930`s German Nazi party propaganda model. Keep lying and eventua\u2026 https://t.co/dDsRlDB5Zx", "contributors": null, "entities": {"hashtags": [], "user_mentions": [{"name": "Ed Krassenstein", "id_str": "132339474", "screen_name": "EdKrassen", "indices": [0, 10], "id": 132339474}, {"name": "IR.net", "id_str": "16790005", "screen_name": "IRdotnet", "indices": [11, 20], "id": 16790005}, {"name": "Donald J. Trump", "id_str": "25073877", "screen_name": "realDonaldTrump", "indices": [21, 37], "id": 25073877}], "symbols": [], "urls": [{"expanded_url": "https://twitter.com/i/web/status/922131312374419456", "url": "https://t.co/dDsRlDB5Zx", "display_url": "twitter.com/i/web/status/9\u2026", "indices": [117, 140]}]}, "id": 922131312374419456, "favorite_count": 1, "id_str": "922131312374419456", "favorited": false}, "listed_count": 0, "id": 23783299, "id_str": "23783299", "verified": false, "profile_text_color": "333333", "notifications": false, "location": "Concord, California"}
2017-10-23T14:00:04.092583	{"is_translator": false, "profile_text_color": "333333", "verified": false, "follow_request_sent": false, "profile_sidebar_fill_color": "DDEEF6", "profile_background_image_url_https": "https://abs.twimg.com/images/themes/theme1/bg.png", "profile_sidebar_border_color": "C0DEED", "friends_count": 38, "profile_use_background_image": true, "id": 23783299, "location": "Concord, California", "name": "Don", "statuses_count": 21, "created_at": "Wed Mar 11 16:07:12 +0000 2009", "profile_background_tile": false, "lang": "en", "status": {"favorited": false, "coordinates": null, "text": "@EdKrassen @IRdotnet @realDonaldTrump This is the 1930`s German Nazi party propaganda model. Keep lying and eventua\u2026 https://t.co/dDsRlDB5Zx", "id_str": "922131312374419456", "in_reply_to_screen_name": "EdKrassen", "id": 922131312374419456, "truncated": true, "lang": "en", "created_at": "Sun Oct 22 16:03:31 +0000 2017", "contributors": null, "retweet_count": 0, "in_reply_to_user_id_str": "132339474", "in_reply_to_user_id": 132339474, "entities": {"symbols": [], "urls": [{"display_url": "twitter.com/i/web/status/9\u2026", "url": "https://t.co/dDsRlDB5Zx", "expanded_url": "https://twitter.com/i/web/status/922131312374419456", "indices": [117, 140]}], "user_mentions": [{"id_str": "132339474", "indices": [0, 10], "id": 132339474, "screen_name": "EdKrassen", "name": "Ed Krassenstein"}, {"id_str": "16790005", "indices": [11, 20], "id": 16790005, "screen_name": "IRdotnet", "name": "IR.net"}, {"id_str": "25073877", "indices": [21, 37], "id": 25073877, "screen_name": "realDonaldTrump", "name": "Donald J. Trump"}], "hashtags": []}, "geo": null, "retweeted": false, "is_quote_status": false, "place": null, "in_reply_to_status_id_str": "922073186778394624", "in_reply_to_status_id": 922073186778394624, "favorite_count": 1, "source": "<a href=\"http://twitter.com/download/android\" rel=\"nofollow\">Twitter for Android</a>"}, "default_profile": true, "favourites_count": 18, "geo_enabled": false, "is_translation_enabled": false, "profile_image_url": "http://pbs.twimg.com/profile_images/1479734318/IMG04_normal.JPG", "followers_count": 1, "entities": {"url": {"urls": [{"display_url": "twitter.com/wales4me", "url": "http://t.co/MBuagCc1vd", "expanded_url": "https://twitter.com/wales4me", "indices": [0, 22]}]}, "description": {"urls": []}}, "has_extended_profile": false, "profile_background_color": "C0DEED", "notifications": false, "profile_link_color": "1DA1F2", "default_profile_image": false, "translator_type": "none", "contributors_enabled": false, "profile_image_url_https": "https://pbs.twimg.com/profile_images/1479734318/IMG04_normal.JPG", "id_str": "23783299", "protected": false, "url": "http://t.co/MBuagCc1vd", "utc_offset": -25200, "screen_name": "wales4me", "following": false, "profile_background_image_url": "http://abs.twimg.com/images/themes/theme1/bg.png", "time_zone": "Pacific Time (US & Canada)", "description": "Enjoying retirement", "listed_count": 0}
2017-10-23T15:00:03.688454	{"follow_request_sent": false, "profile_background_image_url_https": "https://abs.twimg.com/images/themes/theme1/bg.png", "protected": false, "has_extended_profile": false, "id_str": "23783299", "profile_sidebar_border_color": "C0DEED", "profile_text_color": "333333", "following": false, "friends_count": 38, "lang": "en", "utc_offset": -25200, "url": "http://t.co/MBuagCc1vd", "is_translation_enabled": false, "profile_image_url_https": "https://pbs.twimg.com/profile_images/1479734318/IMG04_normal.JPG", "profile_background_color": "C0DEED", "profile_use_background_image": true, "statuses_count": 21, "is_translator": false, "notifications": false, "listed_count": 0, "contributors_enabled": false, "description": "Enjoying retirement", "geo_enabled": false, "profile_background_image_url": "http://abs.twimg.com/images/themes/theme1/bg.png", "name": "Don", "entities": {"description": {"urls": []}, "url": {"urls": [{"expanded_url": "https://twitter.com/wales4me", "url": "http://t.co/MBuagCc1vd", "indices": [0, 22], "display_url": "twitter.com/wales4me"}]}}, "default_profile": true, "screen_name": "wales4me", "profile_image_url": "http://pbs.twimg.com/profile_images/1479734318/IMG04_normal.JPG", "default_profile_image": false, "verified": false, "favourites_count": 18, "profile_link_color": "1DA1F2", "location": "Concord, California", "translator_type": "none", "followers_count": 1, "time_zone": "Pacific Time (US & Canada)", "status": {"place": null, "id_str": "922131312374419456", "in_reply_to_screen_name": "EdKrassen", "truncated": true, "favorited": false, "lang": "en", "in_reply_to_user_id": 132339474, "contributors": null, "geo": null, "in_reply_to_status_id": 922073186778394624, "coordinates": null, "in_reply_to_status_id_str": "922073186778394624", "retweeted": false, "entities": {"hashtags": [], "user_mentions": [{"id_str": "132339474", "screen_name": "EdKrassen", "name": "Ed Krassenstein", "id": 132339474, "indices": [0, 10]}, {"id_str": "16790005", "screen_name": "IRdotnet", "name": "IR.net", "id": 16790005, "indices": [11, 20]}, {"id_str": "25073877", "screen_name": "realDonaldTrump", "name": "Donald J. Trump", "id": 25073877, "indices": [21, 37]}], "urls": [{"expanded_url": "https://twitter.com/i/web/status/922131312374419456", "url": "https://t.co/dDsRlDB5Zx", "indices": [117, 140], "display_url": "twitter.com/i/web/status/9\u2026"}], "symbols": []}, "retweet_count": 0, "in_reply_to_user_id_str": "132339474", "text": "@EdKrassen @IRdotnet @realDonaldTrump This is the 1930`s German Nazi party propaganda model. Keep lying and eventua\u2026 https://t.co/dDsRlDB5Zx", "created_at": "Sun Oct 22 16:03:31 +0000 2017", "is_quote_status": false, "favorite_count": 1, "id": 922131312374419456, "source": "<a href=\"http://twitter.com/download/android\" rel=\"nofollow\">Twitter for Android</a>"}, "created_at": "Wed Mar 11 16:07:12 +0000 2009", "profile_background_tile": false, "id": 23783299, "profile_sidebar_fill_color": "DDEEF6"}
2017-10-23T16:00:04.316705	{"protected": false, "profile_background_image_url_https": "https://abs.twimg.com/images/themes/theme1/bg.png", "profile_background_tile": false, "profile_sidebar_fill_color": "DDEEF6", "description": "Enjoying retirement", "profile_use_background_image": true, "profile_background_image_url": "http://abs.twimg.com/images/themes/theme1/bg.png", "follow_request_sent": false, "screen_name": "wales4me", "utc_offset": -25200, "listed_count": 0, "favourites_count": 18, "default_profile_image": false, "has_extended_profile": false, "profile_image_url_https": "https://pbs.twimg.com/profile_images/1479734318/IMG04_normal.JPG", "contributors_enabled": false, "default_profile": true, "profile_image_url": "http://pbs.twimg.com/profile_images/1479734318/IMG04_normal.JPG", "geo_enabled": false, "created_at": "Wed Mar 11 16:07:12 +0000 2009", "id": 23783299, "friends_count": 38, "profile_text_color": "333333", "entities": {"url": {"urls": [{"expanded_url": "https://twitter.com/wales4me", "url": "http://t.co/MBuagCc1vd", "indices": [0, 22], "display_url": "twitter.com/wales4me"}]}, "description": {"urls": []}}, "profile_link_color": "1DA1F2", "is_translator": false, "status": {"contributors": null, "lang": "en", "source": "<a href=\"http://twitter.com/download/android\" rel=\"nofollow\">Twitter for Android</a>", "text": "@EdKrassen @IRdotnet @realDonaldTrump This is the 1930`s German Nazi party propaganda model. Keep lying and eventua\u2026 https://t.co/dDsRlDB5Zx", "retweeted": false, "is_quote_status": false, "retweet_count": 0, "in_reply_to_status_id": 922073186778394624, "geo": null, "favorited": false, "id": 922131312374419456, "place": null, "in_reply_to_user_id": 132339474, "entities": {"symbols": [], "hashtags": [], "user_mentions": [{"id": 132339474, "screen_name": "EdKrassen", "indices": [0, 10], "id_str": "132339474", "name": "Ed Krassenstein"}, {"id": 16790005, "screen_name": "IRdotnet", "indices": [11, 20], "id_str": "16790005", "name": "IR.net"}, {"id": 25073877, "screen_name": "realDonaldTrump", "indices": [21, 37], "id_str": "25073877", "name": "Donald J. Trump"}], "urls": [{"expanded_url": "https://twitter.com/i/web/status/922131312374419456", "url": "https://t.co/dDsRlDB5Zx", "indices": [117, 140], "display_url": "twitter.com/i/web/status/9\u2026"}]}, "in_reply_to_screen_name": "EdKrassen", "id_str": "922131312374419456", "coordinates": null, "created_at": "Sun Oct 22 16:03:31 +0000 2017", "truncated": true, "in_reply_to_status_id_str": "922073186778394624", "in_reply_to_user_id_str": "132339474", "favorite_count": 1}, "followers_count": 1, "time_zone": "Pacific Time (US & Canada)", "id_str": "23783299", "translator_type": "none", "profile_sidebar_border_color": "C0DEED", "verified": false, "following": false, "is_translation_enabled": false, "lang": "en", "statuses_count": 21, "url": "http://t.co/MBuagCc1vd", "notifications": false, "name": "Don", "profile_background_color": "C0DEED", "location": "Concord, California"}
2017-10-23T17:00:04.079487	{"description": "Enjoying retirement", "contributors_enabled": false, "translator_type": "none", "follow_request_sent": false, "has_extended_profile": false, "profile_background_tile": false, "id": 23783299, "protected": false, "notifications": false, "id_str": "23783299", "followers_count": 1, "verified": false, "profile_sidebar_fill_color": "DDEEF6", "is_translation_enabled": false, "profile_image_url_https": "https://pbs.twimg.com/profile_images/1479734318/IMG04_normal.JPG", "statuses_count": 21, "geo_enabled": false, "utc_offset": -25200, "default_profile_image": false, "location": "Concord, California", "profile_background_color": "C0DEED", "profile_background_image_url_https": "https://abs.twimg.com/images/themes/theme1/bg.png", "favourites_count": 18, "profile_background_image_url": "http://abs.twimg.com/images/themes/theme1/bg.png", "is_translator": false, "name": "Don", "profile_image_url": "http://pbs.twimg.com/profile_images/1479734318/IMG04_normal.JPG", "time_zone": "Pacific Time (US & Canada)", "entities": {"description": {"urls": []}, "url": {"urls": [{"indices": [0, 22], "display_url": "twitter.com/wales4me", "expanded_url": "https://twitter.com/wales4me", "url": "http://t.co/MBuagCc1vd"}]}}, "screen_name": "wales4me", "friends_count": 38, "lang": "en", "default_profile": true, "url": "http://t.co/MBuagCc1vd", "status": {"in_reply_to_user_id_str": "132339474", "place": null, "coordinates": null, "retweet_count": 0, "in_reply_to_status_id_str": "922073186778394624", "text": "@EdKrassen @IRdotnet @realDonaldTrump This is the 1930`s German Nazi party propaganda model. Keep lying and eventua\u2026 https://t.co/dDsRlDB5Zx", "id": 922131312374419456, "contributors": null, "source": "<a href=\"http://twitter.com/download/android\" rel=\"nofollow\">Twitter for Android</a>", "id_str": "922131312374419456", "in_reply_to_status_id": 922073186778394624, "in_reply_to_screen_name": "EdKrassen", "entities": {"urls": [{"indices": [117, 140], "display_url": "twitter.com/i/web/status/9\u2026", "expanded_url": "https://twitter.com/i/web/status/922131312374419456", "url": "https://t.co/dDsRlDB5Zx"}], "hashtags": [], "user_mentions": [{"id_str": "132339474", "indices": [0, 10], "id": 132339474, "name": "Ed Krassenstein", "screen_name": "EdKrassen"}, {"id_str": "16790005", "indices": [11, 20], "id": 16790005, "name": "IR.net", "screen_name": "IRdotnet"}, {"id_str": "25073877", "indices": [21, 37], "id": 25073877, "name": "Donald J. Trump", "screen_name": "realDonaldTrump"}], "symbols": []}, "is_quote_status": false, "retweeted": false, "lang": "en", "favorited": false, "geo": null, "in_reply_to_user_id": 132339474, "favorite_count": 1, "created_at": "Sun Oct 22 16:03:31 +0000 2017", "truncated": true}, "profile_sidebar_border_color": "C0DEED", "profile_text_color": "333333", "following": false, "profile_use_background_image": true, "listed_count": 0, "created_at": "Wed Mar 11 16:07:12 +0000 2009", "profile_link_color": "1DA1F2"}
2017-10-23T18:00:03.478212	{"name": "Don", "id_str": "23783299", "is_translation_enabled": false, "profile_use_background_image": true, "lang": "en", "contributors_enabled": false, "statuses_count": 21, "profile_background_image_url": "http://abs.twimg.com/images/themes/theme1/bg.png", "default_profile_image": false, "has_extended_profile": false, "following": false, "verified": false, "profile_background_color": "C0DEED", "profile_sidebar_fill_color": "DDEEF6", "time_zone": "Pacific Time (US & Canada)", "created_at": "Wed Mar 11 16:07:12 +0000 2009", "utc_offset": -25200, "profile_text_color": "333333", "geo_enabled": false, "friends_count": 38, "id": 23783299, "profile_image_url_https": "https://pbs.twimg.com/profile_images/1479734318/IMG04_normal.JPG", "profile_sidebar_border_color": "C0DEED", "profile_image_url": "http://pbs.twimg.com/profile_images/1479734318/IMG04_normal.JPG", "url": "http://t.co/MBuagCc1vd", "default_profile": true, "protected": false, "profile_link_color": "1DA1F2", "entities": {"url": {"urls": [{"url": "http://t.co/MBuagCc1vd", "display_url": "twitter.com/wales4me", "expanded_url": "https://twitter.com/wales4me", "indices": [0, 22]}]}, "description": {"urls": []}}, "description": "Enjoying retirement", "profile_background_tile": false, "notifications": false, "translator_type": "none", "status": {"id_str": "922131312374419456", "coordinates": null, "retweeted": false, "contributors": null, "favorited": false, "retweet_count": 0, "is_quote_status": false, "source": "<a href=\"http://twitter.com/download/android\" rel=\"nofollow\">Twitter for Android</a>", "truncated": true, "in_reply_to_status_id": 922073186778394624, "created_at": "Sun Oct 22 16:03:31 +0000 2017", "in_reply_to_screen_name": "EdKrassen", "id": 922131312374419456, "geo": null, "place": null, "in_reply_to_user_id": 132339474, "lang": "en", "favorite_count": 1, "in_reply_to_user_id_str": "132339474", "entities": {"urls": [{"url": "https://t.co/dDsRlDB5Zx", "display_url": "twitter.com/i/web/status/9\u2026", "expanded_url": "https://twitter.com/i/web/status/922131312374419456", "indices": [117, 140]}], "symbols": [], "hashtags": [], "user_mentions": [{"screen_name": "EdKrassen", "name": "Ed Krassenstein", "id": 132339474, "indices": [0, 10], "id_str": "132339474"}, {"screen_name": "IRdotnet", "name": "IR.net", "id": 16790005, "indices": [11, 20], "id_str": "16790005"}, {"screen_name": "realDonaldTrump", "name": "Donald J. Trump", "id": 25073877, "indices": [21, 37], "id_str": "25073877"}]}, "text": "@EdKrassen @IRdotnet @realDonaldTrump This is the 1930`s German Nazi party propaganda model. Keep lying and eventua\u2026 https://t.co/dDsRlDB5Zx", "in_reply_to_status_id_str": "922073186778394624"}, "followers_count": 1, "follow_request_sent": false, "screen_name": "wales4me", "favourites_count": 18, "profile_background_image_url_https": "https://abs.twimg.com/images/themes/theme1/bg.png", "location": "Concord, California", "listed_count": 0, "is_translator": false}
2017-10-23T19:00:03.667738	{"profile_background_tile": false, "id": 23783299, "profile_background_image_url": "http://abs.twimg.com/images/themes/theme1/bg.png", "default_profile_image": false, "follow_request_sent": false, "lang": "en", "is_translation_enabled": false, "profile_use_background_image": true, "statuses_count": 21, "is_translator": false, "notifications": false, "contributors_enabled": false, "favourites_count": 18, "profile_text_color": "333333", "translator_type": "none", "screen_name": "wales4me", "profile_image_url": "http://pbs.twimg.com/profile_images/1479734318/IMG04_normal.JPG", "profile_background_color": "C0DEED", "name": "Don", "created_at": "Wed Mar 11 16:07:12 +0000 2009", "status": {"id": 922131312374419456, "lang": "en", "place": null, "favorited": false, "retweeted": false, "contributors": null, "truncated": true, "in_reply_to_user_id": 132339474, "created_at": "Sun Oct 22 16:03:31 +0000 2017", "in_reply_to_screen_name": "EdKrassen", "source": "<a href=\"http://twitter.com/download/android\" rel=\"nofollow\">Twitter for Android</a>", "id_str": "922131312374419456", "in_reply_to_user_id_str": "132339474", "favorite_count": 1, "entities": {"symbols": [], "urls": [{"display_url": "twitter.com/i/web/status/9\u2026", "expanded_url": "https://twitter.com/i/web/status/922131312374419456", "indices": [117, 140], "url": "https://t.co/dDsRlDB5Zx"}], "user_mentions": [{"indices": [0, 10], "screen_name": "EdKrassen", "id": 132339474, "name": "Ed Krassenstein", "id_str": "132339474"}, {"indices": [11, 20], "screen_name": "IRdotnet", "id": 16790005, "name": "IR.net", "id_str": "16790005"}, {"indices": [21, 37], "screen_name": "realDonaldTrump", "id": 25073877, "name": "Donald J. Trump", "id_str": "25073877"}], "hashtags": []}, "text": "@EdKrassen @IRdotnet @realDonaldTrump This is the 1930`s German Nazi party propaganda model. Keep lying and eventua\u2026 https://t.co/dDsRlDB5Zx", "geo": null, "coordinates": null, "in_reply_to_status_id": 922073186778394624, "retweet_count": 0, "is_quote_status": false, "in_reply_to_status_id_str": "922073186778394624"}, "protected": false, "id_str": "23783299", "following": false, "profile_sidebar_fill_color": "DDEEF6", "profile_sidebar_border_color": "C0DEED", "friends_count": 38, "profile_link_color": "1DA1F2", "followers_count": 1, "listed_count": 0, "geo_enabled": false, "profile_background_image_url_https": "https://abs.twimg.com/images/themes/theme1/bg.png", "entities": {"description": {"urls": []}, "url": {"urls": [{"display_url": "twitter.com/wales4me", "expanded_url": "https://twitter.com/wales4me", "indices": [0, 22], "url": "http://t.co/MBuagCc1vd"}]}}, "verified": false, "description": "Enjoying retirement", "url": "http://t.co/MBuagCc1vd", "location": "Concord, California", "time_zone": "Pacific Time (US & Canada)", "default_profile": true, "has_extended_profile": false, "utc_offset": -25200, "profile_image_url_https": "https://pbs.twimg.com/profile_images/1479734318/IMG04_normal.JPG"}
2017-10-23T20:00:03.845557	{"id_str": "23783299", "profile_image_url": "http://pbs.twimg.com/profile_images/1479734318/IMG04_normal.JPG", "is_translation_enabled": false, "favourites_count": 18, "protected": false, "default_profile": true, "verified": false, "is_translator": false, "profile_text_color": "333333", "lang": "en", "profile_background_image_url_https": "https://abs.twimg.com/images/themes/theme1/bg.png", "geo_enabled": false, "time_zone": "Pacific Time (US & Canada)", "profile_sidebar_border_color": "C0DEED", "contributors_enabled": false, "location": "Concord, California", "listed_count": 0, "follow_request_sent": false, "friends_count": 38, "profile_background_image_url": "http://abs.twimg.com/images/themes/theme1/bg.png", "notifications": false, "name": "Don", "default_profile_image": false, "status": {"in_reply_to_status_id_str": "922073186778394624", "id_str": "922131312374419456", "in_reply_to_user_id_str": "132339474", "geo": null, "in_reply_to_user_id": 132339474, "retweeted": false, "in_reply_to_screen_name": "EdKrassen", "coordinates": null, "lang": "en", "is_quote_status": false, "favorite_count": 1, "favorited": false, "in_reply_to_status_id": 922073186778394624, "contributors": null, "source": "<a href=\"http://twitter.com/download/android\" rel=\"nofollow\">Twitter for Android</a>", "text": "@EdKrassen @IRdotnet @realDonaldTrump This is the 1930`s German Nazi party propaganda model. Keep lying and eventua\u2026 https://t.co/dDsRlDB5Zx", "created_at": "Sun Oct 22 16:03:31 +0000 2017", "entities": {"urls": [{"display_url": "twitter.com/i/web/status/9\u2026", "indices": [117, 140], "url": "https://t.co/dDsRlDB5Zx", "expanded_url": "https://twitter.com/i/web/status/922131312374419456"}], "user_mentions": [{"indices": [0, 10], "screen_name": "EdKrassen", "id_str": "132339474", "name": "Ed Krassenstein", "id": 132339474}, {"indices": [11, 20], "screen_name": "IRdotnet", "id_str": "16790005", "name": "IR.net", "id": 16790005}, {"indices": [21, 37], "screen_name": "realDonaldTrump", "id_str": "25073877", "name": "Donald J. Trump", "id": 25073877}], "symbols": [], "hashtags": []}, "place": null, "truncated": true, "retweet_count": 0, "id": 922131312374419456}, "profile_image_url_https": "https://pbs.twimg.com/profile_images/1479734318/IMG04_normal.JPG", "description": "Enjoying retirement", "has_extended_profile": false, "profile_link_color": "1DA1F2", "url": "http://t.co/MBuagCc1vd", "profile_background_tile": false, "followers_count": 1, "profile_background_color": "C0DEED", "created_at": "Wed Mar 11 16:07:12 +0000 2009", "profile_sidebar_fill_color": "DDEEF6", "utc_offset": -25200, "following": false, "translator_type": "none", "screen_name": "wales4me", "entities": {"description": {"urls": []}, "url": {"urls": [{"display_url": "twitter.com/wales4me", "indices": [0, 22], "url": "http://t.co/MBuagCc1vd", "expanded_url": "https://twitter.com/wales4me"}]}}, "profile_use_background_image": true, "id": 23783299, "statuses_count": 21}
2017-10-23T21:00:04.129935	{"translator_type": "none", "default_profile": true, "profile_image_url": "http://pbs.twimg.com/profile_images/1479734318/IMG04_normal.JPG", "profile_sidebar_border_color": "C0DEED", "listed_count": 0, "profile_image_url_https": "https://pbs.twimg.com/profile_images/1479734318/IMG04_normal.JPG", "profile_background_color": "C0DEED", "entities": {"description": {"urls": []}, "url": {"urls": [{"display_url": "twitter.com/wales4me", "indices": [0, 22], "expanded_url": "https://twitter.com/wales4me", "url": "http://t.co/MBuagCc1vd"}]}}, "created_at": "Wed Mar 11 16:07:12 +0000 2009", "friends_count": 38, "profile_background_tile": false, "utc_offset": -25200, "protected": false, "location": "Concord, California", "has_extended_profile": false, "profile_link_color": "1DA1F2", "is_translation_enabled": false, "profile_background_image_url": "http://abs.twimg.com/images/themes/theme1/bg.png", "id_str": "23783299", "time_zone": "Pacific Time (US & Canada)", "screen_name": "wales4me", "verified": false, "profile_sidebar_fill_color": "DDEEF6", "default_profile_image": false, "notifications": false, "contributors_enabled": false, "profile_use_background_image": true, "description": "Enjoying retirement", "name": "Don", "favourites_count": 18, "url": "http://t.co/MBuagCc1vd", "following": false, "profile_background_image_url_https": "https://abs.twimg.com/images/themes/theme1/bg.png", "geo_enabled": false, "id": 23783299, "followers_count": 1, "status": {"truncated": true, "in_reply_to_status_id": 922073186778394624, "in_reply_to_status_id_str": "922073186778394624", "retweeted": false, "created_at": "Sun Oct 22 16:03:31 +0000 2017", "in_reply_to_user_id_str": "132339474", "coordinates": null, "contributors": null, "geo": null, "id_str": "922131312374419456", "text": "@EdKrassen @IRdotnet @realDonaldTrump This is the 1930`s German Nazi party propaganda model. Keep lying and eventua\u2026 https://t.co/dDsRlDB5Zx", "favorited": false, "is_quote_status": false, "retweet_count": 0, "source": "<a href=\"http://twitter.com/download/android\" rel=\"nofollow\">Twitter for Android</a>", "in_reply_to_user_id": 132339474, "place": null, "lang": "en", "entities": {"hashtags": [], "user_mentions": [{"id_str": "132339474", "indices": [0, 10], "id": 132339474, "name": "Ed Krassenstein", "screen_name": "EdKrassen"}, {"id_str": "16790005", "indices": [11, 20], "id": 16790005, "name": "IR.net", "screen_name": "IRdotnet"}, {"id_str": "25073877", "indices": [21, 37], "id": 25073877, "name": "Donald J. Trump", "screen_name": "realDonaldTrump"}], "symbols": [], "urls": [{"display_url": "twitter.com/i/web/status/9\u2026", "indices": [117, 140], "expanded_url": "https://twitter.com/i/web/status/922131312374419456", "url": "https://t.co/dDsRlDB5Zx"}]}, "id": 922131312374419456, "in_reply_to_screen_name": "EdKrassen", "favorite_count": 1}, "statuses_count": 21, "profile_text_color": "333333", "lang": "en", "is_translator": false, "follow_request_sent": false}
2017-10-23T22:00:03.429822	{"id_str": "23783299", "profile_sidebar_fill_color": "DDEEF6", "name": "Don", "default_profile_image": false, "profile_link_color": "1DA1F2", "protected": false, "time_zone": "Pacific Time (US & Canada)", "profile_sidebar_border_color": "C0DEED", "is_translation_enabled": false, "following": false, "entities": {"url": {"urls": [{"url": "http://t.co/MBuagCc1vd", "expanded_url": "https://twitter.com/wales4me", "display_url": "twitter.com/wales4me", "indices": [0, 22]}]}, "description": {"urls": []}}, "profile_image_url": "http://pbs.twimg.com/profile_images/1479734318/IMG04_normal.JPG", "followers_count": 1, "profile_background_image_url": "http://abs.twimg.com/images/themes/theme1/bg.png", "verified": false, "default_profile": true, "translator_type": "none", "geo_enabled": false, "notifications": false, "profile_background_image_url_https": "https://abs.twimg.com/images/themes/theme1/bg.png", "lang": "en", "location": "Concord, California", "created_at": "Wed Mar 11 16:07:12 +0000 2009", "url": "http://t.co/MBuagCc1vd", "listed_count": 0, "id": 23783299, "screen_name": "wales4me", "profile_text_color": "333333", "statuses_count": 21, "status": {"id_str": "922131312374419456", "truncated": true, "in_reply_to_screen_name": "EdKrassen", "contributors": null, "in_reply_to_status_id_str": "922073186778394624", "geo": null, "entities": {"hashtags": [], "user_mentions": [{"id_str": "132339474", "name": "Ed Krassenstein", "id": 132339474, "screen_name": "EdKrassen", "indices": [0, 10]}, {"id_str": "16790005", "name": "IR.net", "id": 16790005, "screen_name": "IRdotnet", "indices": [11, 20]}, {"id_str": "25073877", "name": "Donald J. Trump", "id": 25073877, "screen_name": "realDonaldTrump", "indices": [21, 37]}], "symbols": [], "urls": [{"url": "https://t.co/dDsRlDB5Zx", "expanded_url": "https://twitter.com/i/web/status/922131312374419456", "display_url": "twitter.com/i/web/status/9\u2026", "indices": [117, 140]}]}, "source": "<a href=\"http://twitter.com/download/android\" rel=\"nofollow\">Twitter for Android</a>", "in_reply_to_user_id": 132339474, "in_reply_to_status_id": 922073186778394624, "is_quote_status": false, "place": null, "text": "@EdKrassen @IRdotnet @realDonaldTrump This is the 1930`s German Nazi party propaganda model. Keep lying and eventua\u2026 https://t.co/dDsRlDB5Zx", "lang": "en", "created_at": "Sun Oct 22 16:03:31 +0000 2017", "retweeted": false, "id": 922131312374419456, "retweet_count": 0, "favorite_count": 1, "in_reply_to_user_id_str": "132339474", "coordinates": null, "favorited": false}, "utc_offset": -25200, "is_translator": false, "friends_count": 38, "profile_image_url_https": "https://pbs.twimg.com/profile_images/1479734318/IMG04_normal.JPG", "has_extended_profile": false, "profile_background_color": "C0DEED", "contributors_enabled": false, "favourites_count": 18, "profile_background_tile": false, "profile_use_background_image": true, "description": "Enjoying retirement", "follow_request_sent": false}
2017-10-23T23:00:04.184653	{"favourites_count": 18, "created_at": "Wed Mar 11 16:07:12 +0000 2009", "is_translator": false, "profile_text_color": "333333", "profile_sidebar_border_color": "C0DEED", "following": false, "has_extended_profile": false, "default_profile": true, "follow_request_sent": false, "statuses_count": 21, "profile_use_background_image": true, "verified": false, "utc_offset": -25200, "is_translation_enabled": false, "screen_name": "wales4me", "profile_image_url": "http://pbs.twimg.com/profile_images/1479734318/IMG04_normal.JPG", "url": "http://t.co/MBuagCc1vd", "status": {"created_at": "Sun Oct 22 16:03:31 +0000 2017", "favorited": false, "coordinates": null, "in_reply_to_user_id": 132339474, "retweeted": false, "contributors": null, "source": "<a href=\"http://twitter.com/download/android\" rel=\"nofollow\">Twitter for Android</a>", "entities": {"hashtags": [], "symbols": [], "urls": [{"display_url": "twitter.com/i/web/status/9\u2026", "indices": [117, 140], "expanded_url": "https://twitter.com/i/web/status/922131312374419456", "url": "https://t.co/dDsRlDB5Zx"}], "user_mentions": [{"indices": [0, 10], "id": 132339474, "id_str": "132339474", "screen_name": "EdKrassen", "name": "Ed Krassenstein"}, {"indices": [11, 20], "id": 16790005, "id_str": "16790005", "screen_name": "IRdotnet", "name": "IR.net"}, {"indices": [21, 37], "id": 25073877, "id_str": "25073877", "screen_name": "realDonaldTrump", "name": "Donald J. Trump"}]}, "in_reply_to_status_id": 922073186778394624, "favorite_count": 1, "text": "@EdKrassen @IRdotnet @realDonaldTrump This is the 1930`s German Nazi party propaganda model. Keep lying and eventua\u2026 https://t.co/dDsRlDB5Zx", "geo": null, "truncated": true, "in_reply_to_status_id_str": "922073186778394624", "in_reply_to_user_id_str": "132339474", "id": 922131312374419456, "retweet_count": 0, "place": null, "in_reply_to_screen_name": "EdKrassen", "is_quote_status": false, "lang": "en", "id_str": "922131312374419456"}, "friends_count": 38, "profile_background_image_url_https": "https://abs.twimg.com/images/themes/theme1/bg.png", "profile_image_url_https": "https://pbs.twimg.com/profile_images/1479734318/IMG04_normal.JPG", "contributors_enabled": false, "geo_enabled": false, "profile_sidebar_fill_color": "DDEEF6", "profile_link_color": "1DA1F2", "followers_count": 1, "translator_type": "none", "id": 23783299, "location": "Concord, California", "time_zone": "Pacific Time (US & Canada)", "notifications": false, "default_profile_image": false, "profile_background_color": "C0DEED", "profile_background_tile": false, "description": "Enjoying retirement", "name": "Don", "entities": {"description": {"urls": []}, "url": {"urls": [{"display_url": "twitter.com/wales4me", "indices": [0, 22], "expanded_url": "https://twitter.com/wales4me", "url": "http://t.co/MBuagCc1vd"}]}}, "profile_background_image_url": "http://abs.twimg.com/images/themes/theme1/bg.png", "lang": "en", "listed_count": 0, "protected": false, "id_str": "23783299"}
2017-10-24T00:00:03.609904	{"default_profile_image": false, "profile_use_background_image": true, "has_extended_profile": false, "screen_name": "wales4me", "contributors_enabled": false, "translator_type": "none", "notifications": false, "default_profile": true, "location": "Concord, California", "profile_sidebar_fill_color": "DDEEF6", "listed_count": 0, "favourites_count": 18, "profile_image_url": "http://pbs.twimg.com/profile_images/1479734318/IMG04_normal.JPG", "friends_count": 38, "verified": false, "statuses_count": 21, "profile_link_color": "1DA1F2", "url": "http://t.co/MBuagCc1vd", "is_translator": false, "created_at": "Wed Mar 11 16:07:12 +0000 2009", "profile_background_color": "C0DEED", "profile_image_url_https": "https://pbs.twimg.com/profile_images/1479734318/IMG04_normal.JPG", "id": 23783299, "utc_offset": -25200, "is_translation_enabled": false, "time_zone": "Pacific Time (US & Canada)", "profile_text_color": "333333", "profile_background_image_url_https": "https://abs.twimg.com/images/themes/theme1/bg.png", "profile_background_image_url": "http://abs.twimg.com/images/themes/theme1/bg.png", "profile_sidebar_border_color": "C0DEED", "protected": false, "entities": {"description": {"urls": []}, "url": {"urls": [{"display_url": "twitter.com/wales4me", "expanded_url": "https://twitter.com/wales4me", "indices": [0, 22], "url": "http://t.co/MBuagCc1vd"}]}}, "following": false, "status": {"in_reply_to_user_id": 132339474, "contributors": null, "source": "<a href=\"http://twitter.com/download/android\" rel=\"nofollow\">Twitter for Android</a>", "place": null, "truncated": true, "is_quote_status": false, "in_reply_to_status_id": 922073186778394624, "favorited": false, "retweet_count": 0, "retweeted": false, "created_at": "Sun Oct 22 16:03:31 +0000 2017", "id": 922131312374419456, "text": "@EdKrassen @IRdotnet @realDonaldTrump This is the 1930`s German Nazi party propaganda model. Keep lying and eventua\u2026 https://t.co/dDsRlDB5Zx", "in_reply_to_user_id_str": "132339474", "in_reply_to_status_id_str": "922073186778394624", "favorite_count": 1, "entities": {"symbols": [], "hashtags": [], "urls": [{"display_url": "twitter.com/i/web/status/9\u2026", "expanded_url": "https://twitter.com/i/web/status/922131312374419456", "indices": [117, 140], "url": "https://t.co/dDsRlDB5Zx"}], "user_mentions": [{"id_str": "132339474", "id": 132339474, "screen_name": "EdKrassen", "name": "Ed Krassenstein", "indices": [0, 10]}, {"id_str": "16790005", "id": 16790005, "screen_name": "IRdotnet", "name": "IR.net", "indices": [11, 20]}, {"id_str": "25073877", "id": 25073877, "screen_name": "realDonaldTrump", "name": "Donald J. Trump", "indices": [21, 37]}]}, "in_reply_to_screen_name": "EdKrassen", "lang": "en", "id_str": "922131312374419456", "coordinates": null, "geo": null}, "followers_count": 1, "follow_request_sent": false, "lang": "en", "id_str": "23783299", "profile_background_tile": false, "description": "Enjoying retirement", "name": "Don", "geo_enabled": false}
2017-10-24T01:00:03.952608	{"translator_type": "none", "screen_name": "wales4me", "profile_image_url_https": "https://pbs.twimg.com/profile_images/1479734318/IMG04_normal.JPG", "default_profile_image": false, "is_translator": false, "profile_image_url": "http://pbs.twimg.com/profile_images/1479734318/IMG04_normal.JPG", "name": "Don", "verified": false, "is_translation_enabled": false, "contributors_enabled": false, "profile_use_background_image": true, "profile_text_color": "333333", "profile_sidebar_border_color": "C0DEED", "utc_offset": -25200, "id_str": "23783299", "has_extended_profile": false, "profile_background_tile": false, "listed_count": 0, "profile_sidebar_fill_color": "DDEEF6", "profile_background_image_url_https": "https://abs.twimg.com/images/themes/theme1/bg.png", "favourites_count": 18, "geo_enabled": false, "time_zone": "Pacific Time (US & Canada)", "profile_background_image_url": "http://abs.twimg.com/images/themes/theme1/bg.png", "following": false, "entities": {"url": {"urls": [{"url": "http://t.co/MBuagCc1vd", "display_url": "twitter.com/wales4me", "indices": [0, 22], "expanded_url": "https://twitter.com/wales4me"}]}, "description": {"urls": []}}, "protected": false, "friends_count": 38, "location": "Concord, California", "url": "http://t.co/MBuagCc1vd", "follow_request_sent": false, "default_profile": true, "profile_link_color": "1DA1F2", "notifications": false, "description": "Enjoying retirement", "followers_count": 1, "lang": "en", "created_at": "Wed Mar 11 16:07:12 +0000 2009", "id": 23783299, "statuses_count": 21, "status": {"lang": "en", "in_reply_to_status_id": 922073186778394624, "in_reply_to_screen_name": "EdKrassen", "in_reply_to_user_id_str": "132339474", "coordinates": null, "id_str": "922131312374419456", "place": null, "truncated": true, "favorite_count": 1, "in_reply_to_status_id_str": "922073186778394624", "retweet_count": 0, "is_quote_status": false, "entities": {"hashtags": [], "symbols": [], "urls": [{"url": "https://t.co/dDsRlDB5Zx", "display_url": "twitter.com/i/web/status/9\u2026", "indices": [117, 140], "expanded_url": "https://twitter.com/i/web/status/922131312374419456"}], "user_mentions": [{"id_str": "132339474", "id": 132339474, "indices": [0, 10], "screen_name": "EdKrassen", "name": "Ed Krassenstein"}, {"id_str": "16790005", "id": 16790005, "indices": [11, 20], "screen_name": "IRdotnet", "name": "IR.net"}, {"id_str": "25073877", "id": 25073877, "indices": [21, 37], "screen_name": "realDonaldTrump", "name": "Donald J. Trump"}]}, "text": "@EdKrassen @IRdotnet @realDonaldTrump This is the 1930`s German Nazi party propaganda model. Keep lying and eventua\u2026 https://t.co/dDsRlDB5Zx", "in_reply_to_user_id": 132339474, "retweeted": false, "favorited": false, "contributors": null, "source": "<a href=\"http://twitter.com/download/android\" rel=\"nofollow\">Twitter for Android</a>", "geo": null, "created_at": "Sun Oct 22 16:03:31 +0000 2017", "id": 922131312374419456}, "profile_background_color": "C0DEED"}
2017-10-24T02:00:03.444818	{"profile_image_url": "http://pbs.twimg.com/profile_images/1479734318/IMG04_normal.JPG", "profile_text_color": "333333", "followers_count": 1, "translator_type": "none", "name": "Don", "entities": {"url": {"urls": [{"indices": [0, 22], "display_url": "twitter.com/wales4me", "expanded_url": "https://twitter.com/wales4me", "url": "http://t.co/MBuagCc1vd"}]}, "description": {"urls": []}}, "notifications": false, "id": 23783299, "id_str": "23783299", "description": "Enjoying retirement", "verified": false, "has_extended_profile": false, "lang": "en", "profile_use_background_image": true, "profile_background_tile": false, "is_translation_enabled": false, "favourites_count": 18, "profile_background_color": "C0DEED", "default_profile_image": false, "default_profile": true, "profile_background_image_url": "http://abs.twimg.com/images/themes/theme1/bg.png", "created_at": "Wed Mar 11 16:07:12 +0000 2009", "is_translator": false, "follow_request_sent": false, "time_zone": "Pacific Time (US & Canada)", "profile_sidebar_border_color": "C0DEED", "screen_name": "wales4me", "following": false, "listed_count": 0, "url": "http://t.co/MBuagCc1vd", "geo_enabled": false, "contributors_enabled": false, "location": "Concord, California", "status": {"coordinates": null, "source": "<a href=\"http://twitter.com/download/android\" rel=\"nofollow\">Twitter for Android</a>", "favorited": false, "in_reply_to_screen_name": "EdKrassen", "entities": {"hashtags": [], "symbols": [], "user_mentions": [{"name": "Ed Krassenstein", "indices": [0, 10], "id": 132339474, "id_str": "132339474", "screen_name": "EdKrassen"}, {"name": "IR.net", "indices": [11, 20], "id": 16790005, "id_str": "16790005", "screen_name": "IRdotnet"}, {"name": "Donald J. Trump", "indices": [21, 37], "id": 25073877, "id_str": "25073877", "screen_name": "realDonaldTrump"}], "urls": [{"indices": [117, 140], "display_url": "twitter.com/i/web/status/9\u2026", "expanded_url": "https://twitter.com/i/web/status/922131312374419456", "url": "https://t.co/dDsRlDB5Zx"}]}, "retweeted": false, "id": 922131312374419456, "id_str": "922131312374419456", "lang": "en", "in_reply_to_user_id_str": "132339474", "text": "@EdKrassen @IRdotnet @realDonaldTrump This is the 1930`s German Nazi party propaganda model. Keep lying and eventua\u2026 https://t.co/dDsRlDB5Zx", "is_quote_status": false, "created_at": "Sun Oct 22 16:03:31 +0000 2017", "favorite_count": 1, "truncated": true, "in_reply_to_user_id": 132339474, "in_reply_to_status_id_str": "922073186778394624", "in_reply_to_status_id": 922073186778394624, "place": null, "geo": null, "contributors": null, "retweet_count": 0}, "profile_link_color": "1DA1F2", "profile_sidebar_fill_color": "DDEEF6", "statuses_count": 21, "friends_count": 38, "profile_background_image_url_https": "https://abs.twimg.com/images/themes/theme1/bg.png", "protected": false, "profile_image_url_https": "https://pbs.twimg.com/profile_images/1479734318/IMG04_normal.JPG", "utc_offset": -25200}
2017-10-24T03:00:03.890855	{"status": {"id_str": "922648081220464641", "source": "<a href=\"http://twitter.com/download/android\" rel=\"nofollow\">Twitter for Android</a>", "in_reply_to_status_id": 922626142548344832, "retweeted": false, "favorite_count": 0, "id": 922648081220464641, "created_at": "Tue Oct 24 02:16:59 +0000 2017", "lang": "en", "geo": null, "in_reply_to_user_id_str": "824704724117057536", "in_reply_to_user_id": 824704724117057536, "place": null, "in_reply_to_screen_name": "putinsgay", "contributors": null, "text": "@putinsgay @SLandinSoCal @realDonaldTrump @POTUS TRUE!", "entities": {"urls": [], "hashtags": [], "user_mentions": [{"id_str": "824704724117057536", "indices": [0, 10], "id": 824704724117057536, "screen_name": "putinsgay", "name": "JDP"}, {"id_str": "757731953281904640", "indices": [11, 24], "id": 757731953281904640, "screen_name": "SLandinSoCal", "name": "SL"}, {"id_str": "25073877", "indices": [25, 41], "id": 25073877, "screen_name": "realDonaldTrump", "name": "Donald J. Trump"}, {"id_str": "822215679726100480", "indices": [42, 48], "id": 822215679726100480, "screen_name": "POTUS", "name": "President Trump"}], "symbols": []}, "truncated": false, "favorited": false, "in_reply_to_status_id_str": "922626142548344832", "is_quote_status": false, "coordinates": null, "retweet_count": 0}, "id_str": "23783299", "profile_background_tile": false, "lang": "en", "profile_image_url_https": "https://pbs.twimg.com/profile_images/1479734318/IMG04_normal.JPG", "profile_use_background_image": true, "default_profile_image": false, "is_translator": false, "verified": false, "description": "Enjoying retirement", "id": 23783299, "time_zone": "Pacific Time (US & Canada)", "listed_count": 0, "profile_background_color": "C0DEED", "location": "Concord, California", "favourites_count": 18, "utc_offset": -25200, "profile_text_color": "333333", "profile_sidebar_border_color": "C0DEED", "protected": false, "statuses_count": 26, "profile_sidebar_fill_color": "DDEEF6", "name": "Don", "is_translation_enabled": false, "follow_request_sent": false, "has_extended_profile": false, "screen_name": "wales4me", "profile_image_url": "http://pbs.twimg.com/profile_images/1479734318/IMG04_normal.JPG", "created_at": "Wed Mar 11 16:07:12 +0000 2009", "friends_count": 38, "profile_background_image_url_https": "https://abs.twimg.com/images/themes/theme1/bg.png", "entities": {"url": {"urls": [{"expanded_url": "https://twitter.com/wales4me", "url": "http://t.co/MBuagCc1vd", "display_url": "twitter.com/wales4me", "indices": [0, 22]}]}, "description": {"urls": []}}, "following": false, "followers_count": 1, "notifications": false, "contributors_enabled": false, "profile_link_color": "1DA1F2", "profile_background_image_url": "http://abs.twimg.com/images/themes/theme1/bg.png", "url": "http://t.co/MBuagCc1vd", "geo_enabled": false, "default_profile": true, "translator_type": "none"}
2017-10-24T04:00:04.074279	{"profile_use_background_image": true, "is_translator": false, "location": "Concord, California", "favourites_count": 18, "profile_image_url_https": "https://pbs.twimg.com/profile_images/1479734318/IMG04_normal.JPG", "profile_background_tile": false, "profile_background_color": "C0DEED", "utc_offset": -25200, "default_profile_image": false, "name": "Don", "notifications": false, "translator_type": "none", "lang": "en", "status": {"text": "@putinsgay @SLandinSoCal @realDonaldTrump @POTUS TRUE!", "source": "<a href=\"http://twitter.com/download/android\" rel=\"nofollow\">Twitter for Android</a>", "retweeted": false, "in_reply_to_status_id_str": "922626142548344832", "lang": "en", "is_quote_status": false, "in_reply_to_user_id_str": "824704724117057536", "in_reply_to_user_id": 824704724117057536, "place": null, "favorite_count": 0, "created_at": "Tue Oct 24 02:16:59 +0000 2017", "entities": {"user_mentions": [{"indices": [0, 10], "name": "JDP", "screen_name": "putinsgay", "id_str": "824704724117057536", "id": 824704724117057536}, {"indices": [11, 24], "name": "SL", "screen_name": "SLandinSoCal", "id_str": "757731953281904640", "id": 757731953281904640}, {"indices": [25, 41], "name": "Donald J. Trump", "screen_name": "realDonaldTrump", "id_str": "25073877", "id": 25073877}, {"indices": [42, 48], "name": "President Trump", "screen_name": "POTUS", "id_str": "822215679726100480", "id": 822215679726100480}], "urls": [], "symbols": [], "hashtags": []}, "geo": null, "truncated": false, "id_str": "922648081220464641", "id": 922648081220464641, "in_reply_to_screen_name": "putinsgay", "contributors": null, "coordinates": null, "favorited": false, "retweet_count": 0, "in_reply_to_status_id": 922626142548344832}, "id": 23783299, "profile_text_color": "333333", "listed_count": 0, "profile_sidebar_border_color": "C0DEED", "created_at": "Wed Mar 11 16:07:12 +0000 2009", "profile_background_image_url": "http://abs.twimg.com/images/themes/theme1/bg.png", "entities": {"description": {"urls": []}, "url": {"urls": [{"display_url": "twitter.com/wales4me", "expanded_url": "https://twitter.com/wales4me", "indices": [0, 22], "url": "http://t.co/MBuagCc1vd"}]}}, "following": false, "geo_enabled": false, "description": "Enjoying retirement", "is_translation_enabled": false, "default_profile": true, "contributors_enabled": false, "profile_background_image_url_https": "https://abs.twimg.com/images/themes/theme1/bg.png", "statuses_count": 26, "id_str": "23783299", "followers_count": 1, "profile_sidebar_fill_color": "DDEEF6", "follow_request_sent": false, "screen_name": "wales4me", "profile_image_url": "http://pbs.twimg.com/profile_images/1479734318/IMG04_normal.JPG", "protected": false, "profile_link_color": "1DA1F2", "friends_count": 38, "verified": false, "time_zone": "Pacific Time (US & Canada)", "has_extended_profile": false, "url": "http://t.co/MBuagCc1vd"}
2017-10-24T05:00:04.048363	{"status": {"coordinates": null, "id_str": "922648081220464641", "truncated": false, "place": null, "in_reply_to_screen_name": "putinsgay", "geo": null, "source": "<a href=\"http://twitter.com/download/android\" rel=\"nofollow\">Twitter for Android</a>", "in_reply_to_status_id": 922626142548344832, "retweet_count": 0, "favorite_count": 0, "created_at": "Tue Oct 24 02:16:59 +0000 2017", "contributors": null, "in_reply_to_user_id_str": "824704724117057536", "entities": {"user_mentions": [{"name": "JDP", "id": 824704724117057536, "id_str": "824704724117057536", "screen_name": "putinsgay", "indices": [0, 10]}, {"name": "SL", "id": 757731953281904640, "id_str": "757731953281904640", "screen_name": "SLandinSoCal", "indices": [11, 24]}, {"name": "Donald J. Trump", "id": 25073877, "id_str": "25073877", "screen_name": "realDonaldTrump", "indices": [25, 41]}, {"name": "President Trump", "id": 822215679726100480, "id_str": "822215679726100480", "screen_name": "POTUS", "indices": [42, 48]}], "symbols": [], "urls": [], "hashtags": []}, "id": 922648081220464641, "lang": "en", "favorited": false, "in_reply_to_user_id": 824704724117057536, "in_reply_to_status_id_str": "922626142548344832", "text": "@putinsgay @SLandinSoCal @realDonaldTrump @POTUS TRUE!", "is_quote_status": false, "retweeted": false}, "is_translation_enabled": false, "id_str": "23783299", "profile_sidebar_border_color": "C0DEED", "profile_image_url": "http://pbs.twimg.com/profile_images/1479734318/IMG04_normal.JPG", "default_profile_image": false, "geo_enabled": false, "is_translator": false, "profile_sidebar_fill_color": "DDEEF6", "listed_count": 0, "translator_type": "none", "profile_text_color": "333333", "profile_background_color": "C0DEED", "statuses_count": 26, "follow_request_sent": false, "profile_image_url_https": "https://pbs.twimg.com/profile_images/1479734318/IMG04_normal.JPG", "description": "Enjoying retirement", "notifications": false, "favourites_count": 18, "time_zone": "Pacific Time (US & Canada)", "protected": false, "profile_link_color": "1DA1F2", "profile_use_background_image": true, "created_at": "Wed Mar 11 16:07:12 +0000 2009", "location": "Concord, California", "screen_name": "wales4me", "profile_background_image_url_https": "https://abs.twimg.com/images/themes/theme1/bg.png", "profile_background_image_url": "http://abs.twimg.com/images/themes/theme1/bg.png", "has_extended_profile": false, "name": "Don", "entities": {"description": {"urls": []}, "url": {"urls": [{"display_url": "twitter.com/wales4me", "indices": [0, 22], "expanded_url": "https://twitter.com/wales4me", "url": "http://t.co/MBuagCc1vd"}]}}, "friends_count": 38, "utc_offset": -25200, "id": 23783299, "url": "http://t.co/MBuagCc1vd", "verified": false, "lang": "en", "profile_background_tile": false, "following": false, "contributors_enabled": false, "followers_count": 1, "default_profile": true}
2017-10-24T06:00:03.541222	{"id": 23783299, "listed_count": 0, "location": "Concord, California", "profile_background_image_url_https": "https://abs.twimg.com/images/themes/theme1/bg.png", "id_str": "23783299", "lang": "en", "verified": false, "url": "http://t.co/MBuagCc1vd", "protected": false, "profile_background_image_url": "http://abs.twimg.com/images/themes/theme1/bg.png", "default_profile_image": false, "followers_count": 1, "follow_request_sent": false, "contributors_enabled": false, "notifications": false, "translator_type": "none", "profile_background_tile": false, "entities": {"url": {"urls": [{"url": "http://t.co/MBuagCc1vd", "expanded_url": "https://twitter.com/wales4me", "indices": [0, 22], "display_url": "twitter.com/wales4me"}]}, "description": {"urls": []}}, "status": {"id": 922648081220464641, "retweet_count": 0, "id_str": "922648081220464641", "lang": "en", "geo": null, "in_reply_to_user_id": 824704724117057536, "in_reply_to_user_id_str": "824704724117057536", "text": "@putinsgay @SLandinSoCal @realDonaldTrump @POTUS TRUE!", "place": null, "entities": {"urls": [], "user_mentions": [{"id": 824704724117057536, "indices": [0, 10], "id_str": "824704724117057536", "name": "JDP", "screen_name": "putinsgay"}, {"id": 757731953281904640, "indices": [11, 24], "id_str": "757731953281904640", "name": "SL", "screen_name": "SLandinSoCal"}, {"id": 25073877, "indices": [25, 41], "id_str": "25073877", "name": "Donald J. Trump", "screen_name": "realDonaldTrump"}, {"id": 822215679726100480, "indices": [42, 48], "id_str": "822215679726100480", "name": "President Trump", "screen_name": "POTUS"}], "symbols": [], "hashtags": []}, "in_reply_to_status_id_str": "922626142548344832", "retweeted": false, "in_reply_to_status_id": 922626142548344832, "favorite_count": 0, "truncated": false, "source": "<a href=\"http://twitter.com/download/android\" rel=\"nofollow\">Twitter for Android</a>", "favorited": false, "coordinates": null, "created_at": "Tue Oct 24 02:16:59 +0000 2017", "in_reply_to_screen_name": "putinsgay", "is_quote_status": false, "contributors": null}, "statuses_count": 26, "favourites_count": 18, "profile_sidebar_border_color": "C0DEED", "time_zone": "Pacific Time (US & Canada)", "has_extended_profile": false, "description": "Enjoying retirement", "profile_sidebar_fill_color": "DDEEF6", "is_translator": false, "profile_image_url": "http://pbs.twimg.com/profile_images/1479734318/IMG04_normal.JPG", "profile_background_color": "C0DEED", "friends_count": 38, "profile_link_color": "1DA1F2", "profile_use_background_image": true, "created_at": "Wed Mar 11 16:07:12 +0000 2009", "profile_text_color": "333333", "default_profile": true, "screen_name": "wales4me", "utc_offset": -25200, "geo_enabled": false, "following": false, "name": "Don", "profile_image_url_https": "https://pbs.twimg.com/profile_images/1479734318/IMG04_normal.JPG", "is_translation_enabled": false}
2017-10-24T07:00:03.910927	{"followers_count": 1, "url": "http://t.co/MBuagCc1vd", "is_translator": false, "screen_name": "wales4me", "profile_link_color": "1DA1F2", "status": {"favorite_count": 0, "in_reply_to_status_id_str": "922626142548344832", "text": "@putinsgay @SLandinSoCal @realDonaldTrump @POTUS TRUE!", "geo": null, "in_reply_to_screen_name": "putinsgay", "id": 922648081220464641, "entities": {"symbols": [], "urls": [], "user_mentions": [{"name": "JDP", "screen_name": "putinsgay", "indices": [0, 10], "id": 824704724117057536, "id_str": "824704724117057536"}, {"name": "SL", "screen_name": "SLandinSoCal", "indices": [11, 24], "id": 757731953281904640, "id_str": "757731953281904640"}, {"name": "Donald J. Trump", "screen_name": "realDonaldTrump", "indices": [25, 41], "id": 25073877, "id_str": "25073877"}, {"name": "President Trump", "screen_name": "POTUS", "indices": [42, 48], "id": 822215679726100480, "id_str": "822215679726100480"}], "hashtags": []}, "created_at": "Tue Oct 24 02:16:59 +0000 2017", "place": null, "contributors": null, "lang": "en", "in_reply_to_user_id_str": "824704724117057536", "coordinates": null, "favorited": false, "is_quote_status": false, "retweet_count": 0, "in_reply_to_status_id": 922626142548344832, "retweeted": false, "in_reply_to_user_id": 824704724117057536, "truncated": false, "source": "<a href=\"http://twitter.com/download/android\" rel=\"nofollow\">Twitter for Android</a>", "id_str": "922648081220464641"}, "default_profile": true, "profile_background_image_url": "http://abs.twimg.com/images/themes/theme1/bg.png", "is_translation_enabled": false, "profile_text_color": "333333", "profile_sidebar_fill_color": "DDEEF6", "following": false, "verified": false, "profile_use_background_image": true, "profile_background_image_url_https": "https://abs.twimg.com/images/themes/theme1/bg.png", "id": 23783299, "profile_background_tile": false, "entities": {"url": {"urls": [{"url": "http://t.co/MBuagCc1vd", "display_url": "twitter.com/wales4me", "expanded_url": "https://twitter.com/wales4me", "indices": [0, 22]}]}, "description": {"urls": []}}, "profile_sidebar_border_color": "C0DEED", "notifications": false, "lang": "en", "time_zone": "Pacific Time (US & Canada)", "has_extended_profile": false, "created_at": "Wed Mar 11 16:07:12 +0000 2009", "listed_count": 0, "description": "Enjoying retirement", "favourites_count": 18, "profile_image_url_https": "https://pbs.twimg.com/profile_images/1479734318/IMG04_normal.JPG", "protected": false, "utc_offset": -25200, "friends_count": 38, "default_profile_image": false, "statuses_count": 26, "profile_image_url": "http://pbs.twimg.com/profile_images/1479734318/IMG04_normal.JPG", "profile_background_color": "C0DEED", "name": "Don", "translator_type": "none", "contributors_enabled": false, "geo_enabled": false, "location": "Concord, California", "follow_request_sent": false, "id_str": "23783299"}
2017-10-24T08:00:04.558507	{"entities": {"url": {"urls": [{"display_url": "twitter.com/wales4me", "url": "http://t.co/MBuagCc1vd", "expanded_url": "https://twitter.com/wales4me", "indices": [0, 22]}]}, "description": {"urls": []}}, "default_profile_image": false, "geo_enabled": false, "profile_background_color": "C0DEED", "notifications": false, "contributors_enabled": false, "url": "http://t.co/MBuagCc1vd", "favourites_count": 18, "profile_sidebar_border_color": "C0DEED", "profile_use_background_image": true, "followers_count": 1, "description": "Enjoying retirement", "has_extended_profile": false, "profile_sidebar_fill_color": "DDEEF6", "statuses_count": 26, "translator_type": "none", "utc_offset": -25200, "following": false, "profile_image_url_https": "https://pbs.twimg.com/profile_images/1479734318/IMG04_normal.JPG", "location": "Concord, California", "verified": false, "default_profile": true, "created_at": "Wed Mar 11 16:07:12 +0000 2009", "is_translation_enabled": false, "profile_background_image_url": "http://abs.twimg.com/images/themes/theme1/bg.png", "lang": "en", "time_zone": "Pacific Time (US & Canada)", "id": 23783299, "protected": false, "follow_request_sent": false, "status": {"entities": {"user_mentions": [{"screen_name": "putinsgay", "id": 824704724117057536, "id_str": "824704724117057536", "name": "JDP", "indices": [0, 10]}, {"screen_name": "SLandinSoCal", "id": 757731953281904640, "id_str": "757731953281904640", "name": "SL", "indices": [11, 24]}, {"screen_name": "realDonaldTrump", "id": 25073877, "id_str": "25073877", "name": "Donald J. Trump", "indices": [25, 41]}, {"screen_name": "POTUS", "id": 822215679726100480, "id_str": "822215679726100480", "name": "President Trump", "indices": [42, 48]}], "symbols": [], "urls": [], "hashtags": []}, "is_quote_status": false, "truncated": false, "favorited": false, "place": null, "text": "@putinsgay @SLandinSoCal @realDonaldTrump @POTUS TRUE!", "in_reply_to_user_id": 824704724117057536, "geo": null, "in_reply_to_screen_name": "putinsgay", "contributors": null, "coordinates": null, "id_str": "922648081220464641", "in_reply_to_status_id_str": "922626142548344832", "lang": "en", "created_at": "Tue Oct 24 02:16:59 +0000 2017", "in_reply_to_user_id_str": "824704724117057536", "id": 922648081220464641, "retweet_count": 0, "source": "<a href=\"http://twitter.com/download/android\" rel=\"nofollow\">Twitter for Android</a>", "favorite_count": 0, "in_reply_to_status_id": 922626142548344832, "retweeted": false}, "profile_background_image_url_https": "https://abs.twimg.com/images/themes/theme1/bg.png", "name": "Don", "friends_count": 38, "profile_image_url": "http://pbs.twimg.com/profile_images/1479734318/IMG04_normal.JPG", "screen_name": "wales4me", "is_translator": false, "id_str": "23783299", "profile_text_color": "333333", "listed_count": 0, "profile_link_color": "1DA1F2", "profile_background_tile": false}
2017-10-24T09:00:03.695980	{"profile_background_tile": false, "created_at": "Wed Mar 11 16:07:12 +0000 2009", "verified": false, "profile_sidebar_border_color": "C0DEED", "is_translator": false, "location": "Concord, California", "lang": "en", "screen_name": "wales4me", "id": 23783299, "is_translation_enabled": false, "listed_count": 0, "default_profile": true, "contributors_enabled": false, "profile_text_color": "333333", "name": "Don", "default_profile_image": false, "following": false, "notifications": false, "time_zone": "Pacific Time (US & Canada)", "protected": false, "translator_type": "none", "profile_image_url": "http://pbs.twimg.com/profile_images/1479734318/IMG04_normal.JPG", "status": {"created_at": "Tue Oct 24 02:16:59 +0000 2017", "source": "<a href=\"http://twitter.com/download/android\" rel=\"nofollow\">Twitter for Android</a>", "in_reply_to_status_id": 922626142548344832, "lang": "en", "text": "@putinsgay @SLandinSoCal @realDonaldTrump @POTUS TRUE!", "retweeted": false, "in_reply_to_user_id_str": "824704724117057536", "geo": null, "in_reply_to_screen_name": "putinsgay", "place": null, "retweet_count": 0, "in_reply_to_user_id": 824704724117057536, "truncated": false, "favorite_count": 0, "id": 922648081220464641, "coordinates": null, "id_str": "922648081220464641", "in_reply_to_status_id_str": "922626142548344832", "contributors": null, "is_quote_status": false, "entities": {"symbols": [], "hashtags": [], "urls": [], "user_mentions": [{"screen_name": "putinsgay", "id": 824704724117057536, "indices": [0, 10], "id_str": "824704724117057536", "name": "JDP"}, {"screen_name": "SLandinSoCal", "id": 757731953281904640, "indices": [11, 24], "id_str": "757731953281904640", "name": "SL"}, {"screen_name": "realDonaldTrump", "id": 25073877, "indices": [25, 41], "id_str": "25073877", "name": "Donald J. Trump"}, {"screen_name": "POTUS", "id": 822215679726100480, "indices": [42, 48], "id_str": "822215679726100480", "name": "President Trump"}]}, "favorited": false}, "profile_image_url_https": "https://pbs.twimg.com/profile_images/1479734318/IMG04_normal.JPG", "follow_request_sent": false, "profile_background_image_url_https": "https://abs.twimg.com/images/themes/theme1/bg.png", "utc_offset": -25200, "profile_background_color": "C0DEED", "statuses_count": 26, "has_extended_profile": false, "profile_background_image_url": "http://abs.twimg.com/images/themes/theme1/bg.png", "favourites_count": 18, "profile_sidebar_fill_color": "DDEEF6", "id_str": "23783299", "profile_link_color": "1DA1F2", "profile_use_background_image": true, "followers_count": 1, "description": "Enjoying retirement", "geo_enabled": false, "friends_count": 38, "entities": {"description": {"urls": []}, "url": {"urls": [{"display_url": "twitter.com/wales4me", "expanded_url": "https://twitter.com/wales4me", "url": "http://t.co/MBuagCc1vd", "indices": [0, 22]}]}}, "url": "http://t.co/MBuagCc1vd"}
2017-10-24T10:00:03.176577	{"lang": "en", "url": "http://t.co/MBuagCc1vd", "favourites_count": 18, "profile_background_tile": false, "is_translator": false, "profile_background_image_url": "http://abs.twimg.com/images/themes/theme1/bg.png", "geo_enabled": false, "has_extended_profile": false, "profile_sidebar_border_color": "C0DEED", "profile_image_url": "http://pbs.twimg.com/profile_images/1479734318/IMG04_normal.JPG", "profile_link_color": "1DA1F2", "profile_text_color": "333333", "followers_count": 1, "profile_sidebar_fill_color": "DDEEF6", "default_profile": true, "utc_offset": -25200, "protected": false, "profile_background_image_url_https": "https://abs.twimg.com/images/themes/theme1/bg.png", "time_zone": "Pacific Time (US & Canada)", "notifications": false, "verified": false, "profile_image_url_https": "https://pbs.twimg.com/profile_images/1479734318/IMG04_normal.JPG", "friends_count": 38, "following": false, "id": 23783299, "description": "Enjoying retirement", "id_str": "23783299", "name": "Don", "location": "Concord, California", "created_at": "Wed Mar 11 16:07:12 +0000 2009", "default_profile_image": false, "statuses_count": 26, "entities": {"url": {"urls": [{"display_url": "twitter.com/wales4me", "url": "http://t.co/MBuagCc1vd", "indices": [0, 22], "expanded_url": "https://twitter.com/wales4me"}]}, "description": {"urls": []}}, "profile_use_background_image": true, "is_translation_enabled": false, "contributors_enabled": false, "listed_count": 0, "follow_request_sent": false, "profile_background_color": "C0DEED", "status": {"source": "<a href=\"http://twitter.com/download/android\" rel=\"nofollow\">Twitter for Android</a>", "in_reply_to_status_id": 922626142548344832, "entities": {"symbols": [], "user_mentions": [{"name": "JDP", "indices": [0, 10], "id": 824704724117057536, "id_str": "824704724117057536", "screen_name": "putinsgay"}, {"name": "SL", "indices": [11, 24], "id": 757731953281904640, "id_str": "757731953281904640", "screen_name": "SLandinSoCal"}, {"name": "Donald J. Trump", "indices": [25, 41], "id": 25073877, "id_str": "25073877", "screen_name": "realDonaldTrump"}, {"name": "President Trump", "indices": [42, 48], "id": 822215679726100480, "id_str": "822215679726100480", "screen_name": "POTUS"}], "hashtags": [], "urls": []}, "in_reply_to_user_id": 824704724117057536, "truncated": false, "retweet_count": 0, "coordinates": null, "geo": null, "in_reply_to_screen_name": "putinsgay", "contributors": null, "retweeted": false, "lang": "en", "id": 922648081220464641, "id_str": "922648081220464641", "favorite_count": 0, "created_at": "Tue Oct 24 02:16:59 +0000 2017", "text": "@putinsgay @SLandinSoCal @realDonaldTrump @POTUS TRUE!", "is_quote_status": false, "place": null, "favorited": false, "in_reply_to_user_id_str": "824704724117057536", "in_reply_to_status_id_str": "922626142548344832"}, "translator_type": "none", "screen_name": "wales4me"}
2017-10-24T11:00:04.683963	{"profile_background_color": "C0DEED", "profile_link_color": "1DA1F2", "listed_count": 0, "favourites_count": 18, "entities": {"url": {"urls": [{"url": "http://t.co/MBuagCc1vd", "expanded_url": "https://twitter.com/wales4me", "indices": [0, 22], "display_url": "twitter.com/wales4me"}]}, "description": {"urls": []}}, "is_translation_enabled": false, "default_profile_image": false, "profile_background_image_url": "http://abs.twimg.com/images/themes/theme1/bg.png", "is_translator": false, "description": "Enjoying retirement", "protected": false, "screen_name": "wales4me", "id_str": "23783299", "profile_text_color": "333333", "translator_type": "none", "profile_sidebar_border_color": "C0DEED", "profile_background_image_url_https": "https://abs.twimg.com/images/themes/theme1/bg.png", "geo_enabled": false, "following": false, "time_zone": "Pacific Time (US & Canada)", "utc_offset": -25200, "profile_image_url_https": "https://pbs.twimg.com/profile_images/1479734318/IMG04_normal.JPG", "verified": false, "default_profile": true, "created_at": "Wed Mar 11 16:07:12 +0000 2009", "contributors_enabled": false, "profile_sidebar_fill_color": "DDEEF6", "status": {"in_reply_to_screen_name": "putinsgay", "text": "@putinsgay @SLandinSoCal @realDonaldTrump @POTUS TRUE!", "in_reply_to_status_id": 922626142548344832, "in_reply_to_status_id_str": "922626142548344832", "is_quote_status": false, "coordinates": null, "retweeted": false, "id_str": "922648081220464641", "truncated": false, "retweet_count": 0, "in_reply_to_user_id": 824704724117057536, "created_at": "Tue Oct 24 02:16:59 +0000 2017", "favorite_count": 0, "id": 922648081220464641, "place": null, "favorited": false, "entities": {"user_mentions": [{"id_str": "824704724117057536", "indices": [0, 10], "screen_name": "putinsgay", "name": "JDP", "id": 824704724117057536}, {"id_str": "757731953281904640", "indices": [11, 24], "screen_name": "SLandinSoCal", "name": "SL", "id": 757731953281904640}, {"id_str": "25073877", "indices": [25, 41], "screen_name": "realDonaldTrump", "name": "Donald J. Trump", "id": 25073877}, {"id_str": "822215679726100480", "indices": [42, 48], "screen_name": "POTUS", "name": "President Trump", "id": 822215679726100480}], "hashtags": [], "urls": [], "symbols": []}, "geo": null, "contributors": null, "lang": "en", "in_reply_to_user_id_str": "824704724117057536", "source": "<a href=\"http://twitter.com/download/android\" rel=\"nofollow\">Twitter for Android</a>"}, "id": 23783299, "friends_count": 38, "name": "Don", "has_extended_profile": false, "profile_image_url": "http://pbs.twimg.com/profile_images/1479734318/IMG04_normal.JPG", "profile_use_background_image": true, "url": "http://t.co/MBuagCc1vd", "location": "Concord, California", "notifications": false, "profile_background_tile": false, "follow_request_sent": false, "statuses_count": 26, "followers_count": 1, "lang": "en"}
2017-10-24T12:00:03.432402	{"followers_count": 1, "screen_name": "wales4me", "listed_count": 0, "url": "http://t.co/MBuagCc1vd", "statuses_count": 26, "profile_text_color": "333333", "has_extended_profile": false, "following": false, "id": 23783299, "is_translator": false, "id_str": "23783299", "time_zone": "Pacific Time (US & Canada)", "contributors_enabled": false, "profile_image_url": "http://pbs.twimg.com/profile_images/1479734318/IMG04_normal.JPG", "utc_offset": -25200, "profile_background_tile": false, "friends_count": 38, "profile_background_image_url_https": "https://abs.twimg.com/images/themes/theme1/bg.png", "location": "Concord, California", "profile_background_color": "C0DEED", "geo_enabled": false, "profile_use_background_image": true, "profile_sidebar_border_color": "C0DEED", "translator_type": "none", "entities": {"url": {"urls": [{"display_url": "twitter.com/wales4me", "expanded_url": "https://twitter.com/wales4me", "indices": [0, 22], "url": "http://t.co/MBuagCc1vd"}]}, "description": {"urls": []}}, "follow_request_sent": false, "profile_background_image_url": "http://abs.twimg.com/images/themes/theme1/bg.png", "favourites_count": 18, "status": {"source": "<a href=\"http://twitter.com/download/android\" rel=\"nofollow\">Twitter for Android</a>", "in_reply_to_status_id": 922626142548344832, "is_quote_status": false, "in_reply_to_status_id_str": "922626142548344832", "id": 922648081220464641, "place": null, "contributors": null, "text": "@putinsgay @SLandinSoCal @realDonaldTrump @POTUS TRUE!", "retweet_count": 0, "favorited": false, "entities": {"user_mentions": [{"id": 824704724117057536, "id_str": "824704724117057536", "screen_name": "putinsgay", "indices": [0, 10], "name": "JDP"}, {"id": 757731953281904640, "id_str": "757731953281904640", "screen_name": "SLandinSoCal", "indices": [11, 24], "name": "SL"}, {"id": 25073877, "id_str": "25073877", "screen_name": "realDonaldTrump", "indices": [25, 41], "name": "Donald J. Trump"}, {"id": 822215679726100480, "id_str": "822215679726100480", "screen_name": "POTUS", "indices": [42, 48], "name": "President Trump"}], "symbols": [], "urls": [], "hashtags": []}, "favorite_count": 0, "coordinates": null, "retweeted": false, "truncated": false, "in_reply_to_user_id_str": "824704724117057536", "created_at": "Tue Oct 24 02:16:59 +0000 2017", "id_str": "922648081220464641", "in_reply_to_screen_name": "putinsgay", "geo": null, "lang": "en", "in_reply_to_user_id": 824704724117057536}, "verified": false, "protected": false, "default_profile": true, "created_at": "Wed Mar 11 16:07:12 +0000 2009", "name": "Don", "profile_link_color": "1DA1F2", "default_profile_image": false, "lang": "en", "profile_image_url_https": "https://pbs.twimg.com/profile_images/1479734318/IMG04_normal.JPG", "is_translation_enabled": false, "notifications": false, "description": "Enjoying retirement", "profile_sidebar_fill_color": "DDEEF6"}
2017-10-24T13:00:03.875740	{"id_str": "23783299", "location": "Concord, California", "screen_name": "wales4me", "geo_enabled": false, "default_profile_image": false, "statuses_count": 26, "profile_sidebar_border_color": "C0DEED", "profile_background_image_url": "http://abs.twimg.com/images/themes/theme1/bg.png", "profile_use_background_image": true, "is_translator": false, "follow_request_sent": false, "profile_sidebar_fill_color": "DDEEF6", "default_profile": true, "utc_offset": -25200, "has_extended_profile": false, "url": "http://t.co/MBuagCc1vd", "followers_count": 1, "profile_image_url_https": "https://pbs.twimg.com/profile_images/1479734318/IMG04_normal.JPG", "created_at": "Wed Mar 11 16:07:12 +0000 2009", "id": 23783299, "profile_text_color": "333333", "listed_count": 0, "profile_background_tile": false, "favourites_count": 18, "contributors_enabled": false, "verified": false, "translator_type": "none", "profile_background_color": "C0DEED", "protected": false, "name": "Don", "following": false, "entities": {"description": {"urls": []}, "url": {"urls": [{"display_url": "twitter.com/wales4me", "indices": [0, 22], "expanded_url": "https://twitter.com/wales4me", "url": "http://t.co/MBuagCc1vd"}]}}, "is_translation_enabled": false, "profile_link_color": "1DA1F2", "description": "Enjoying retirement", "status": {"id_str": "922648081220464641", "geo": null, "retweeted": false, "coordinates": null, "place": null, "in_reply_to_user_id": 824704724117057536, "favorite_count": 0, "in_reply_to_screen_name": "putinsgay", "in_reply_to_status_id_str": "922626142548344832", "in_reply_to_user_id_str": "824704724117057536", "favorited": false, "created_at": "Tue Oct 24 02:16:59 +0000 2017", "id": 922648081220464641, "in_reply_to_status_id": 922626142548344832, "retweet_count": 0, "entities": {"hashtags": [], "urls": [], "symbols": [], "user_mentions": [{"id_str": "824704724117057536", "name": "JDP", "screen_name": "putinsgay", "id": 824704724117057536, "indices": [0, 10]}, {"id_str": "757731953281904640", "name": "SL", "screen_name": "SLandinSoCal", "id": 757731953281904640, "indices": [11, 24]}, {"id_str": "25073877", "name": "Donald J. Trump", "screen_name": "realDonaldTrump", "id": 25073877, "indices": [25, 41]}, {"id_str": "822215679726100480", "name": "President Trump", "screen_name": "POTUS", "id": 822215679726100480, "indices": [42, 48]}]}, "contributors": null, "source": "<a href=\"http://twitter.com/download/android\" rel=\"nofollow\">Twitter for Android</a>", "truncated": false, "text": "@putinsgay @SLandinSoCal @realDonaldTrump @POTUS TRUE!", "is_quote_status": false, "lang": "en"}, "time_zone": "Pacific Time (US & Canada)", "profile_image_url": "http://pbs.twimg.com/profile_images/1479734318/IMG04_normal.JPG", "profile_background_image_url_https": "https://abs.twimg.com/images/themes/theme1/bg.png", "notifications": false, "friends_count": 38, "lang": "en"}
2017-10-24T14:00:04.139420	{"id_str": "23783299", "entities": {"url": {"urls": [{"indices": [0, 22], "display_url": "twitter.com/wales4me", "expanded_url": "https://twitter.com/wales4me", "url": "http://t.co/MBuagCc1vd"}]}, "description": {"urls": []}}, "profile_link_color": "1DA1F2", "is_translator": false, "favourites_count": 18, "profile_sidebar_border_color": "C0DEED", "profile_text_color": "333333", "profile_image_url": "http://pbs.twimg.com/profile_images/1479734318/IMG04_normal.JPG", "status": {"id_str": "922648081220464641", "entities": {"symbols": [], "hashtags": [], "user_mentions": [{"id": 824704724117057536, "id_str": "824704724117057536", "indices": [0, 10], "name": "JDP", "screen_name": "putinsgay"}, {"id": 757731953281904640, "id_str": "757731953281904640", "indices": [11, 24], "name": "SL", "screen_name": "SLandinSoCal"}, {"id": 25073877, "id_str": "25073877", "indices": [25, 41], "name": "Donald J. Trump", "screen_name": "realDonaldTrump"}, {"id": 822215679726100480, "id_str": "822215679726100480", "indices": [42, 48], "name": "President Trump", "screen_name": "POTUS"}], "urls": []}, "place": null, "in_reply_to_screen_name": "putinsgay", "text": "@putinsgay @SLandinSoCal @realDonaldTrump @POTUS TRUE!", "retweeted": false, "in_reply_to_status_id": 922626142548344832, "coordinates": null, "id": 922648081220464641, "retweet_count": 0, "created_at": "Tue Oct 24 02:16:59 +0000 2017", "truncated": false, "source": "<a href=\"http://twitter.com/download/android\" rel=\"nofollow\">Twitter for Android</a>", "favorite_count": 0, "in_reply_to_status_id_str": "922626142548344832", "is_quote_status": false, "favorited": false, "geo": null, "in_reply_to_user_id": 824704724117057536, "contributors": null, "lang": "en", "in_reply_to_user_id_str": "824704724117057536"}, "friends_count": 38, "follow_request_sent": false, "screen_name": "wales4me", "contributors_enabled": false, "has_extended_profile": false, "created_at": "Wed Mar 11 16:07:12 +0000 2009", "default_profile_image": false, "time_zone": "Pacific Time (US & Canada)", "protected": false, "profile_background_image_url_https": "https://abs.twimg.com/images/themes/theme1/bg.png", "profile_background_image_url": "http://abs.twimg.com/images/themes/theme1/bg.png", "location": "Concord, California", "is_translation_enabled": false, "profile_background_tile": false, "id": 23783299, "translator_type": "none", "geo_enabled": false, "notifications": false, "following": false, "default_profile": true, "listed_count": 0, "profile_image_url_https": "https://pbs.twimg.com/profile_images/1479734318/IMG04_normal.JPG", "profile_use_background_image": true, "url": "http://t.co/MBuagCc1vd", "profile_background_color": "C0DEED", "lang": "en", "name": "Don", "statuses_count": 26, "profile_sidebar_fill_color": "DDEEF6", "verified": false, "utc_offset": -25200, "followers_count": 1, "description": "Enjoying retirement"}
2017-10-24T15:00:03.708025	{"profile_use_background_image": true, "description": "Enjoying retirement", "friends_count": 38, "statuses_count": 26, "default_profile_image": false, "followers_count": 1, "lang": "en", "entities": {"description": {"urls": []}, "url": {"urls": [{"expanded_url": "https://twitter.com/wales4me", "display_url": "twitter.com/wales4me", "url": "http://t.co/MBuagCc1vd", "indices": [0, 22]}]}}, "location": "Concord, California", "url": "http://t.co/MBuagCc1vd", "screen_name": "wales4me", "profile_text_color": "333333", "contributors_enabled": false, "profile_image_url": "http://pbs.twimg.com/profile_images/1479734318/IMG04_normal.JPG", "is_translation_enabled": false, "translator_type": "none", "name": "Don", "created_at": "Wed Mar 11 16:07:12 +0000 2009", "notifications": false, "profile_image_url_https": "https://pbs.twimg.com/profile_images/1479734318/IMG04_normal.JPG", "profile_sidebar_fill_color": "DDEEF6", "following": false, "profile_background_image_url": "http://abs.twimg.com/images/themes/theme1/bg.png", "listed_count": 0, "has_extended_profile": false, "profile_background_tile": false, "follow_request_sent": false, "id": 23783299, "verified": false, "status": {"geo": null, "created_at": "Tue Oct 24 02:16:59 +0000 2017", "source": "<a href=\"http://twitter.com/download/android\" rel=\"nofollow\">Twitter for Android</a>", "truncated": false, "text": "@putinsgay @SLandinSoCal @realDonaldTrump @POTUS TRUE!", "entities": {"hashtags": [], "user_mentions": [{"id_str": "824704724117057536", "id": 824704724117057536, "screen_name": "putinsgay", "name": "JDP", "indices": [0, 10]}, {"id_str": "757731953281904640", "id": 757731953281904640, "screen_name": "SLandinSoCal", "name": "SL", "indices": [11, 24]}, {"id_str": "25073877", "id": 25073877, "screen_name": "realDonaldTrump", "name": "Donald J. Trump", "indices": [25, 41]}, {"id_str": "822215679726100480", "id": 822215679726100480, "screen_name": "POTUS", "name": "President Trump", "indices": [42, 48]}], "urls": [], "symbols": []}, "lang": "en", "favorite_count": 0, "retweeted": false, "is_quote_status": false, "in_reply_to_status_id": 922626142548344832, "coordinates": null, "retweet_count": 0, "in_reply_to_user_id": 824704724117057536, "in_reply_to_user_id_str": "824704724117057536", "id": 922648081220464641, "favorited": false, "contributors": null, "id_str": "922648081220464641", "in_reply_to_screen_name": "putinsgay", "place": null, "in_reply_to_status_id_str": "922626142548344832"}, "utc_offset": -25200, "protected": false, "profile_link_color": "1DA1F2", "id_str": "23783299", "profile_background_color": "C0DEED", "is_translator": false, "profile_sidebar_border_color": "C0DEED", "default_profile": true, "profile_background_image_url_https": "https://abs.twimg.com/images/themes/theme1/bg.png", "time_zone": "Pacific Time (US & Canada)", "favourites_count": 18, "geo_enabled": false}
2017-10-24T16:00:04.554693	{"entities": {"url": {"urls": [{"display_url": "twitter.com/wales4me", "expanded_url": "https://twitter.com/wales4me", "indices": [0, 22], "url": "http://t.co/MBuagCc1vd"}]}, "description": {"urls": []}}, "protected": false, "is_translator": false, "time_zone": "Pacific Time (US & Canada)", "profile_image_url": "http://pbs.twimg.com/profile_images/1479734318/IMG04_normal.JPG", "default_profile": true, "profile_background_tile": false, "has_extended_profile": false, "profile_image_url_https": "https://pbs.twimg.com/profile_images/1479734318/IMG04_normal.JPG", "id": 23783299, "friends_count": 38, "created_at": "Wed Mar 11 16:07:12 +0000 2009", "profile_link_color": "1DA1F2", "contributors_enabled": false, "profile_use_background_image": true, "translator_type": "none", "lang": "en", "url": "http://t.co/MBuagCc1vd", "profile_sidebar_border_color": "C0DEED", "follow_request_sent": false, "profile_sidebar_fill_color": "DDEEF6", "listed_count": 0, "profile_background_color": "C0DEED", "favourites_count": 18, "is_translation_enabled": false, "followers_count": 1, "profile_background_image_url": "http://abs.twimg.com/images/themes/theme1/bg.png", "screen_name": "wales4me", "notifications": false, "location": "Concord, California", "following": false, "verified": false, "utc_offset": -25200, "default_profile_image": false, "status": {"entities": {"urls": [], "user_mentions": [{"indices": [0, 10], "screen_name": "putinsgay", "id_str": "824704724117057536", "name": "JDP", "id": 824704724117057536}, {"indices": [11, 24], "screen_name": "SLandinSoCal", "id_str": "757731953281904640", "name": "SL", "id": 757731953281904640}, {"indices": [25, 41], "screen_name": "realDonaldTrump", "id_str": "25073877", "name": "Donald J. Trump", "id": 25073877}, {"indices": [42, 48], "screen_name": "POTUS", "id_str": "822215679726100480", "name": "President Trump", "id": 822215679726100480}], "symbols": [], "hashtags": []}, "in_reply_to_status_id_str": "922626142548344832", "coordinates": null, "id": 922648081220464641, "in_reply_to_user_id_str": "824704724117057536", "created_at": "Tue Oct 24 02:16:59 +0000 2017", "geo": null, "in_reply_to_user_id": 824704724117057536, "in_reply_to_screen_name": "putinsgay", "retweet_count": 0, "is_quote_status": false, "truncated": false, "lang": "en", "text": "@putinsgay @SLandinSoCal @realDonaldTrump @POTUS TRUE!", "retweeted": false, "source": "<a href=\"http://twitter.com/download/android\" rel=\"nofollow\">Twitter for Android</a>", "in_reply_to_status_id": 922626142548344832, "favorited": false, "favorite_count": 0, "contributors": null, "id_str": "922648081220464641", "place": null}, "name": "Don", "profile_text_color": "333333", "geo_enabled": false, "profile_background_image_url_https": "https://abs.twimg.com/images/themes/theme1/bg.png", "id_str": "23783299", "statuses_count": 26, "description": "Enjoying retirement"}
2017-10-24T17:00:03.854826	{"lang": "en", "protected": false, "notifications": false, "profile_background_tile": false, "location": "Concord, California", "screen_name": "wales4me", "id": 23783299, "default_profile_image": false, "time_zone": "Pacific Time (US & Canada)", "default_profile": true, "has_extended_profile": false, "created_at": "Wed Mar 11 16:07:12 +0000 2009", "description": "Enjoying retirement", "profile_sidebar_border_color": "C0DEED", "followers_count": 1, "profile_background_color": "C0DEED", "profile_use_background_image": true, "profile_background_image_url_https": "https://abs.twimg.com/images/themes/theme1/bg.png", "verified": false, "utc_offset": -25200, "profile_background_image_url": "http://abs.twimg.com/images/themes/theme1/bg.png", "geo_enabled": false, "follow_request_sent": false, "url": "http://t.co/MBuagCc1vd", "friends_count": 38, "following": false, "is_translator": false, "listed_count": 0, "id_str": "23783299", "profile_sidebar_fill_color": "DDEEF6", "profile_text_color": "333333", "profile_image_url": "http://pbs.twimg.com/profile_images/1479734318/IMG04_normal.JPG", "profile_image_url_https": "https://pbs.twimg.com/profile_images/1479734318/IMG04_normal.JPG", "name": "Don", "status": {"is_quote_status": false, "contributors": null, "lang": "en", "geo": null, "source": "<a href=\"http://twitter.com/download/android\" rel=\"nofollow\">Twitter for Android</a>", "id": 922648081220464641, "text": "@putinsgay @SLandinSoCal @realDonaldTrump @POTUS TRUE!", "created_at": "Tue Oct 24 02:16:59 +0000 2017", "in_reply_to_user_id_str": "824704724117057536", "retweeted": false, "place": null, "truncated": false, "in_reply_to_user_id": 824704724117057536, "in_reply_to_screen_name": "putinsgay", "id_str": "922648081220464641", "in_reply_to_status_id_str": "922626142548344832", "in_reply_to_status_id": 922626142548344832, "favorite_count": 0, "retweet_count": 0, "entities": {"urls": [], "hashtags": [], "symbols": [], "user_mentions": [{"indices": [0, 10], "id": 824704724117057536, "screen_name": "putinsgay", "name": "JDP", "id_str": "824704724117057536"}, {"indices": [11, 24], "id": 757731953281904640, "screen_name": "SLandinSoCal", "name": "SL", "id_str": "757731953281904640"}, {"indices": [25, 41], "id": 25073877, "screen_name": "realDonaldTrump", "name": "Donald J. Trump", "id_str": "25073877"}, {"indices": [42, 48], "id": 822215679726100480, "screen_name": "POTUS", "name": "President Trump", "id_str": "822215679726100480"}]}, "favorited": false, "coordinates": null}, "statuses_count": 26, "is_translation_enabled": false, "entities": {"description": {"urls": []}, "url": {"urls": [{"display_url": "twitter.com/wales4me", "expanded_url": "https://twitter.com/wales4me", "indices": [0, 22], "url": "http://t.co/MBuagCc1vd"}]}}, "profile_link_color": "1DA1F2", "contributors_enabled": false, "translator_type": "none", "favourites_count": 18}
2017-10-24T18:00:03.914007	{"has_extended_profile": false, "notifications": false, "profile_background_image_url": "http://abs.twimg.com/images/themes/theme1/bg.png", "profile_use_background_image": true, "verified": false, "following": false, "status": {"retweeted": false, "place": null, "favorited": false, "in_reply_to_user_id": 824704724117057536, "contributors": null, "text": "@putinsgay @SLandinSoCal @realDonaldTrump @POTUS TRUE!", "in_reply_to_status_id": 922626142548344832, "id_str": "922648081220464641", "source": "<a href=\"http://twitter.com/download/android\" rel=\"nofollow\">Twitter for Android</a>", "coordinates": null, "in_reply_to_screen_name": "putinsgay", "in_reply_to_user_id_str": "824704724117057536", "truncated": false, "created_at": "Tue Oct 24 02:16:59 +0000 2017", "entities": {"hashtags": [], "user_mentions": [{"screen_name": "putinsgay", "id": 824704724117057536, "indices": [0, 10], "name": "JDP", "id_str": "824704724117057536"}, {"screen_name": "SLandinSoCal", "id": 757731953281904640, "indices": [11, 24], "name": "SL", "id_str": "757731953281904640"}, {"screen_name": "realDonaldTrump", "id": 25073877, "indices": [25, 41], "name": "Donald J. Trump", "id_str": "25073877"}, {"screen_name": "POTUS", "id": 822215679726100480, "indices": [42, 48], "name": "President Trump", "id_str": "822215679726100480"}], "symbols": [], "urls": []}, "is_quote_status": false, "retweet_count": 0, "favorite_count": 0, "id": 922648081220464641, "lang": "en", "geo": null, "in_reply_to_status_id_str": "922626142548344832"}, "protected": false, "name": "Don", "statuses_count": 26, "description": "Enjoying retirement", "url": "http://t.co/MBuagCc1vd", "profile_background_image_url_https": "https://abs.twimg.com/images/themes/theme1/bg.png", "profile_link_color": "1DA1F2", "friends_count": 38, "profile_background_tile": false, "translator_type": "none", "profile_text_color": "333333", "profile_sidebar_border_color": "C0DEED", "id_str": "23783299", "utc_offset": -25200, "lang": "en", "default_profile_image": false, "default_profile": true, "followers_count": 1, "geo_enabled": false, "screen_name": "wales4me", "profile_image_url": "http://pbs.twimg.com/profile_images/1479734318/IMG04_normal.JPG", "is_translator": false, "profile_image_url_https": "https://pbs.twimg.com/profile_images/1479734318/IMG04_normal.JPG", "listed_count": 0, "is_translation_enabled": false, "created_at": "Wed Mar 11 16:07:12 +0000 2009", "entities": {"url": {"urls": [{"url": "http://t.co/MBuagCc1vd", "indices": [0, 22], "display_url": "twitter.com/wales4me", "expanded_url": "https://twitter.com/wales4me"}]}, "description": {"urls": []}}, "profile_background_color": "C0DEED", "favourites_count": 18, "contributors_enabled": false, "id": 23783299, "time_zone": "Pacific Time (US & Canada)", "follow_request_sent": false, "profile_sidebar_fill_color": "DDEEF6", "location": "Concord, California"}
2017-10-24T19:00:03.502674	{"id": 23783299, "following": false, "lang": "en", "notifications": false, "profile_sidebar_border_color": "C0DEED", "friends_count": 38, "profile_background_color": "C0DEED", "location": "Concord, California", "profile_link_color": "1DA1F2", "profile_background_image_url": "http://abs.twimg.com/images/themes/theme1/bg.png", "url": "http://t.co/MBuagCc1vd", "description": "Enjoying retirement", "id_str": "23783299", "created_at": "Wed Mar 11 16:07:12 +0000 2009", "has_extended_profile": false, "default_profile": true, "profile_use_background_image": true, "profile_text_color": "333333", "name": "Don", "profile_background_tile": false, "utc_offset": -25200, "entities": {"description": {"urls": []}, "url": {"urls": [{"display_url": "twitter.com/wales4me", "expanded_url": "https://twitter.com/wales4me", "indices": [0, 22], "url": "http://t.co/MBuagCc1vd"}]}}, "statuses_count": 26, "verified": false, "profile_image_url": "http://pbs.twimg.com/profile_images/1479734318/IMG04_normal.JPG", "is_translation_enabled": false, "profile_background_image_url_https": "https://abs.twimg.com/images/themes/theme1/bg.png", "default_profile_image": false, "favourites_count": 18, "followers_count": 1, "protected": false, "translator_type": "none", "listed_count": 0, "geo_enabled": false, "is_translator": false, "screen_name": "wales4me", "time_zone": "Pacific Time (US & Canada)", "contributors_enabled": false, "profile_sidebar_fill_color": "DDEEF6", "status": {"id": 922648081220464641, "in_reply_to_user_id_str": "824704724117057536", "truncated": false, "lang": "en", "contributors": null, "in_reply_to_status_id": 922626142548344832, "source": "<a href=\"http://twitter.com/download/android\" rel=\"nofollow\">Twitter for Android</a>", "place": null, "coordinates": null, "favorited": false, "is_quote_status": false, "in_reply_to_screen_name": "putinsgay", "entities": {"hashtags": [], "user_mentions": [{"id": 824704724117057536, "id_str": "824704724117057536", "name": "JDP", "screen_name": "putinsgay", "indices": [0, 10]}, {"id": 757731953281904640, "id_str": "757731953281904640", "name": "SL", "screen_name": "SLandinSoCal", "indices": [11, 24]}, {"id": 25073877, "id_str": "25073877", "name": "Donald J. Trump", "screen_name": "realDonaldTrump", "indices": [25, 41]}, {"id": 822215679726100480, "id_str": "822215679726100480", "name": "President Trump", "screen_name": "POTUS", "indices": [42, 48]}], "symbols": [], "urls": []}, "retweeted": false, "in_reply_to_user_id": 824704724117057536, "favorite_count": 0, "text": "@putinsgay @SLandinSoCal @realDonaldTrump @POTUS TRUE!", "id_str": "922648081220464641", "retweet_count": 0, "in_reply_to_status_id_str": "922626142548344832", "geo": null, "created_at": "Tue Oct 24 02:16:59 +0000 2017"}, "follow_request_sent": false, "profile_image_url_https": "https://pbs.twimg.com/profile_images/1479734318/IMG04_normal.JPG"}
2017-10-24T20:00:04.382473	{"id": 23783299, "url": "http://t.co/MBuagCc1vd", "contributors_enabled": false, "utc_offset": -25200, "friends_count": 38, "id_str": "23783299", "profile_sidebar_fill_color": "DDEEF6", "profile_use_background_image": true, "profile_text_color": "333333", "verified": false, "screen_name": "wales4me", "notifications": false, "is_translator": false, "profile_background_image_url_https": "https://abs.twimg.com/images/themes/theme1/bg.png", "profile_link_color": "1DA1F2", "lang": "en", "has_extended_profile": false, "default_profile_image": false, "follow_request_sent": false, "translator_type": "none", "profile_sidebar_border_color": "C0DEED", "time_zone": "Pacific Time (US & Canada)", "default_profile": true, "is_translation_enabled": false, "following": false, "created_at": "Wed Mar 11 16:07:12 +0000 2009", "profile_image_url": "http://pbs.twimg.com/profile_images/1479734318/IMG04_normal.JPG", "entities": {"url": {"urls": [{"url": "http://t.co/MBuagCc1vd", "indices": [0, 22], "display_url": "twitter.com/wales4me", "expanded_url": "https://twitter.com/wales4me"}]}, "description": {"urls": []}}, "statuses_count": 26, "profile_background_tile": false, "profile_background_color": "C0DEED", "status": {"id": 922648081220464641, "favorited": false, "id_str": "922648081220464641", "in_reply_to_status_id": 922626142548344832, "geo": null, "is_quote_status": false, "in_reply_to_user_id_str": "824704724117057536", "lang": "en", "in_reply_to_screen_name": "putinsgay", "retweeted": false, "source": "<a href=\"http://twitter.com/download/android\" rel=\"nofollow\">Twitter for Android</a>", "text": "@putinsgay @SLandinSoCal @realDonaldTrump @POTUS TRUE!", "in_reply_to_status_id_str": "922626142548344832", "created_at": "Tue Oct 24 02:16:59 +0000 2017", "entities": {"symbols": [], "urls": [], "hashtags": [], "user_mentions": [{"screen_name": "putinsgay", "name": "JDP", "indices": [0, 10], "id_str": "824704724117057536", "id": 824704724117057536}, {"screen_name": "SLandinSoCal", "name": "SL", "indices": [11, 24], "id_str": "757731953281904640", "id": 757731953281904640}, {"screen_name": "realDonaldTrump", "name": "Donald J. Trump", "indices": [25, 41], "id_str": "25073877", "id": 25073877}, {"screen_name": "POTUS", "name": "President Trump", "indices": [42, 48], "id_str": "822215679726100480", "id": 822215679726100480}]}, "contributors": null, "place": null, "in_reply_to_user_id": 824704724117057536, "retweet_count": 0, "favorite_count": 0, "coordinates": null, "truncated": false}, "profile_image_url_https": "https://pbs.twimg.com/profile_images/1479734318/IMG04_normal.JPG", "followers_count": 1, "name": "Don", "listed_count": 0, "profile_background_image_url": "http://abs.twimg.com/images/themes/theme1/bg.png", "favourites_count": 18, "geo_enabled": false, "protected": false, "description": "Enjoying retirement", "location": "Concord, California"}
2017-10-24T21:00:04.392313	{"profile_background_color": "C0DEED", "protected": false, "translator_type": "none", "profile_sidebar_fill_color": "DDEEF6", "name": "Don", "is_translation_enabled": false, "url": "http://t.co/MBuagCc1vd", "profile_background_image_url_https": "https://abs.twimg.com/images/themes/theme1/bg.png", "has_extended_profile": false, "screen_name": "wales4me", "geo_enabled": false, "following": false, "default_profile_image": false, "description": "Enjoying retirement", "profile_image_url_https": "https://pbs.twimg.com/profile_images/1479734318/IMG04_normal.JPG", "id": 23783299, "followers_count": 1, "id_str": "23783299", "is_translator": false, "created_at": "Wed Mar 11 16:07:12 +0000 2009", "favourites_count": 18, "listed_count": 0, "utc_offset": -25200, "location": "Concord, California", "statuses_count": 26, "friends_count": 38, "profile_background_image_url": "http://abs.twimg.com/images/themes/theme1/bg.png", "status": {"truncated": false, "in_reply_to_screen_name": "putinsgay", "retweet_count": 0, "in_reply_to_user_id": 824704724117057536, "id": 922648081220464641, "contributors": null, "id_str": "922648081220464641", "geo": null, "created_at": "Tue Oct 24 02:16:59 +0000 2017", "place": null, "is_quote_status": false, "favorited": false, "favorite_count": 0, "in_reply_to_status_id": 922626142548344832, "in_reply_to_user_id_str": "824704724117057536", "retweeted": false, "entities": {"user_mentions": [{"screen_name": "putinsgay", "id": 824704724117057536, "id_str": "824704724117057536", "indices": [0, 10], "name": "JDP"}, {"screen_name": "SLandinSoCal", "id": 757731953281904640, "id_str": "757731953281904640", "indices": [11, 24], "name": "SL"}, {"screen_name": "realDonaldTrump", "id": 25073877, "id_str": "25073877", "indices": [25, 41], "name": "Donald J. Trump"}, {"screen_name": "POTUS", "id": 822215679726100480, "id_str": "822215679726100480", "indices": [42, 48], "name": "President Trump"}], "symbols": [], "urls": [], "hashtags": []}, "lang": "en", "in_reply_to_status_id_str": "922626142548344832", "coordinates": null, "text": "@putinsgay @SLandinSoCal @realDonaldTrump @POTUS TRUE!", "source": "<a href=\"http://twitter.com/download/android\" rel=\"nofollow\">Twitter for Android</a>"}, "profile_sidebar_border_color": "C0DEED", "notifications": false, "profile_background_tile": false, "profile_use_background_image": true, "follow_request_sent": false, "entities": {"url": {"urls": [{"url": "http://t.co/MBuagCc1vd", "display_url": "twitter.com/wales4me", "indices": [0, 22], "expanded_url": "https://twitter.com/wales4me"}]}, "description": {"urls": []}}, "lang": "en", "profile_link_color": "1DA1F2", "verified": false, "profile_image_url": "http://pbs.twimg.com/profile_images/1479734318/IMG04_normal.JPG", "contributors_enabled": false, "time_zone": "Pacific Time (US & Canada)", "default_profile": true, "profile_text_color": "333333"}
2017-10-24T22:00:03.848557	{"statuses_count": 26, "notifications": false, "followers_count": 1, "id_str": "23783299", "location": "Concord, California", "screen_name": "wales4me", "profile_image_url_https": "https://pbs.twimg.com/profile_images/1479734318/IMG04_normal.JPG", "profile_background_image_url_https": "https://abs.twimg.com/images/themes/theme1/bg.png", "name": "Don", "geo_enabled": false, "friends_count": 38, "created_at": "Wed Mar 11 16:07:12 +0000 2009", "is_translator": false, "profile_sidebar_border_color": "C0DEED", "status": {"contributors": null, "id_str": "922648081220464641", "is_quote_status": false, "in_reply_to_user_id": 824704724117057536, "in_reply_to_status_id": 922626142548344832, "lang": "en", "source": "<a href=\"http://twitter.com/download/android\" rel=\"nofollow\">Twitter for Android</a>", "in_reply_to_user_id_str": "824704724117057536", "favorited": false, "in_reply_to_status_id_str": "922626142548344832", "retweeted": false, "in_reply_to_screen_name": "putinsgay", "place": null, "created_at": "Tue Oct 24 02:16:59 +0000 2017", "text": "@putinsgay @SLandinSoCal @realDonaldTrump @POTUS TRUE!", "entities": {"hashtags": [], "user_mentions": [{"indices": [0, 10], "screen_name": "putinsgay", "id_str": "824704724117057536", "name": "JDP", "id": 824704724117057536}, {"indices": [11, 24], "screen_name": "SLandinSoCal", "id_str": "757731953281904640", "name": "SL", "id": 757731953281904640}, {"indices": [25, 41], "screen_name": "realDonaldTrump", "id_str": "25073877", "name": "Donald J. Trump", "id": 25073877}, {"indices": [42, 48], "screen_name": "POTUS", "id_str": "822215679726100480", "name": "President Trump", "id": 822215679726100480}], "symbols": [], "urls": []}, "id": 922648081220464641, "favorite_count": 0, "geo": null, "retweet_count": 0, "coordinates": null, "truncated": false}, "is_translation_enabled": false, "profile_background_tile": false, "lang": "en", "profile_sidebar_fill_color": "DDEEF6", "following": false, "profile_background_color": "C0DEED", "favourites_count": 18, "time_zone": "Pacific Time (US & Canada)", "protected": false, "profile_background_image_url": "http://abs.twimg.com/images/themes/theme1/bg.png", "profile_image_url": "http://pbs.twimg.com/profile_images/1479734318/IMG04_normal.JPG", "default_profile_image": false, "profile_use_background_image": true, "profile_link_color": "1DA1F2", "verified": false, "url": "http://t.co/MBuagCc1vd", "follow_request_sent": false, "entities": {"description": {"urls": []}, "url": {"urls": [{"indices": [0, 22], "expanded_url": "https://twitter.com/wales4me", "display_url": "twitter.com/wales4me", "url": "http://t.co/MBuagCc1vd"}]}}, "id": 23783299, "contributors_enabled": false, "profile_text_color": "333333", "default_profile": true, "description": "Enjoying retirement", "utc_offset": -25200, "has_extended_profile": false, "listed_count": 0, "translator_type": "none"}
2017-10-24T23:00:03.864409	{"utc_offset": -25200, "listed_count": 0, "profile_image_url": "http://pbs.twimg.com/profile_images/1479734318/IMG04_normal.JPG", "id_str": "23783299", "friends_count": 38, "favourites_count": 18, "profile_use_background_image": true, "time_zone": "Pacific Time (US & Canada)", "url": "http://t.co/MBuagCc1vd", "created_at": "Wed Mar 11 16:07:12 +0000 2009", "lang": "en", "contributors_enabled": false, "profile_background_image_url_https": "https://abs.twimg.com/images/themes/theme1/bg.png", "profile_sidebar_border_color": "C0DEED", "translator_type": "none", "profile_background_image_url": "http://abs.twimg.com/images/themes/theme1/bg.png", "verified": false, "description": "Enjoying retirement", "entities": {"url": {"urls": [{"indices": [0, 22], "display_url": "twitter.com/wales4me", "url": "http://t.co/MBuagCc1vd", "expanded_url": "https://twitter.com/wales4me"}]}, "description": {"urls": []}}, "protected": false, "location": "Concord, California", "default_profile": true, "screen_name": "wales4me", "name": "Don", "profile_sidebar_fill_color": "DDEEF6", "profile_image_url_https": "https://pbs.twimg.com/profile_images/1479734318/IMG04_normal.JPG", "followers_count": 1, "id": 23783299, "has_extended_profile": false, "following": false, "profile_text_color": "333333", "is_translation_enabled": false, "is_translator": false, "geo_enabled": false, "follow_request_sent": false, "notifications": false, "statuses_count": 26, "profile_background_color": "C0DEED", "profile_link_color": "1DA1F2", "profile_background_tile": false, "status": {"is_quote_status": false, "id_str": "922648081220464641", "in_reply_to_user_id": 824704724117057536, "place": null, "lang": "en", "created_at": "Tue Oct 24 02:16:59 +0000 2017", "in_reply_to_screen_name": "putinsgay", "text": "@putinsgay @SLandinSoCal @realDonaldTrump @POTUS TRUE!", "entities": {"urls": [], "symbols": [], "hashtags": [], "user_mentions": [{"id": 824704724117057536, "indices": [0, 10], "screen_name": "putinsgay", "name": "JDP", "id_str": "824704724117057536"}, {"id": 757731953281904640, "indices": [11, 24], "screen_name": "SLandinSoCal", "name": "SL", "id_str": "757731953281904640"}, {"id": 25073877, "indices": [25, 41], "screen_name": "realDonaldTrump", "name": "Donald J. Trump", "id_str": "25073877"}, {"id": 822215679726100480, "indices": [42, 48], "screen_name": "POTUS", "name": "President Trump", "id_str": "822215679726100480"}]}, "coordinates": null, "source": "<a href=\"http://twitter.com/download/android\" rel=\"nofollow\">Twitter for Android</a>", "in_reply_to_status_id_str": "922626142548344832", "favorite_count": 0, "in_reply_to_status_id": 922626142548344832, "geo": null, "in_reply_to_user_id_str": "824704724117057536", "id": 922648081220464641, "retweet_count": 0, "truncated": false, "contributors": null, "retweeted": false, "favorited": false}, "default_profile_image": false}
2017-10-25T00:00:03.562908	{"followers_count": 1, "notifications": false, "id": 23783299, "profile_sidebar_border_color": "C0DEED", "id_str": "23783299", "follow_request_sent": false, "contributors_enabled": false, "profile_image_url": "http://pbs.twimg.com/profile_images/1479734318/IMG04_normal.JPG", "utc_offset": -25200, "friends_count": 38, "translator_type": "none", "status": {"retweeted": false, "text": "@putinsgay @SLandinSoCal @realDonaldTrump @POTUS TRUE!", "id_str": "922648081220464641", "place": null, "retweet_count": 0, "in_reply_to_user_id_str": "824704724117057536", "id": 922648081220464641, "favorite_count": 0, "truncated": false, "created_at": "Tue Oct 24 02:16:59 +0000 2017", "is_quote_status": false, "favorited": false, "in_reply_to_status_id": 922626142548344832, "source": "<a href=\"http://twitter.com/download/android\" rel=\"nofollow\">Twitter for Android</a>", "in_reply_to_status_id_str": "922626142548344832", "contributors": null, "entities": {"user_mentions": [{"indices": [0, 10], "id": 824704724117057536, "id_str": "824704724117057536", "name": "JDP", "screen_name": "putinsgay"}, {"indices": [11, 24], "id": 757731953281904640, "id_str": "757731953281904640", "name": "SL", "screen_name": "SLandinSoCal"}, {"indices": [25, 41], "id": 25073877, "id_str": "25073877", "name": "Donald J. Trump", "screen_name": "realDonaldTrump"}, {"indices": [42, 48], "id": 822215679726100480, "id_str": "822215679726100480", "name": "President Trump", "screen_name": "POTUS"}], "urls": [], "symbols": [], "hashtags": []}, "in_reply_to_screen_name": "putinsgay", "lang": "en", "coordinates": null, "in_reply_to_user_id": 824704724117057536, "geo": null}, "profile_background_tile": false, "location": "Concord, California", "profile_sidebar_fill_color": "DDEEF6", "time_zone": "Pacific Time (US & Canada)", "screen_name": "wales4me", "has_extended_profile": false, "profile_link_color": "1DA1F2", "created_at": "Wed Mar 11 16:07:12 +0000 2009", "profile_background_image_url_https": "https://abs.twimg.com/images/themes/theme1/bg.png", "default_profile_image": false, "statuses_count": 26, "profile_image_url_https": "https://pbs.twimg.com/profile_images/1479734318/IMG04_normal.JPG", "lang": "en", "profile_text_color": "333333", "description": "Enjoying retirement", "name": "Don", "verified": false, "profile_use_background_image": true, "entities": {"url": {"urls": [{"expanded_url": "https://twitter.com/wales4me", "display_url": "twitter.com/wales4me", "url": "http://t.co/MBuagCc1vd", "indices": [0, 22]}]}, "description": {"urls": []}}, "following": false, "is_translator": false, "profile_background_image_url": "http://abs.twimg.com/images/themes/theme1/bg.png", "profile_background_color": "C0DEED", "geo_enabled": false, "url": "http://t.co/MBuagCc1vd", "protected": false, "listed_count": 0, "is_translation_enabled": false, "favourites_count": 18, "default_profile": true}
2017-10-25T01:00:04.033198	{"translator_type": "none", "profile_link_color": "1DA1F2", "created_at": "Wed Mar 11 16:07:12 +0000 2009", "name": "Don", "default_profile": true, "id": 23783299, "statuses_count": 26, "profile_sidebar_fill_color": "DDEEF6", "following": false, "followers_count": 1, "profile_sidebar_border_color": "C0DEED", "is_translator": false, "contributors_enabled": false, "location": "Concord, California", "profile_background_image_url": "http://abs.twimg.com/images/themes/theme1/bg.png", "profile_background_color": "C0DEED", "follow_request_sent": false, "url": "http://t.co/MBuagCc1vd", "utc_offset": -25200, "profile_text_color": "333333", "protected": false, "time_zone": "Pacific Time (US & Canada)", "entities": {"description": {"urls": []}, "url": {"urls": [{"url": "http://t.co/MBuagCc1vd", "display_url": "twitter.com/wales4me", "indices": [0, 22], "expanded_url": "https://twitter.com/wales4me"}]}}, "favourites_count": 18, "verified": false, "lang": "en", "is_translation_enabled": false, "profile_use_background_image": true, "notifications": false, "default_profile_image": false, "profile_background_tile": false, "profile_image_url_https": "https://pbs.twimg.com/profile_images/1479734318/IMG04_normal.JPG", "profile_background_image_url_https": "https://abs.twimg.com/images/themes/theme1/bg.png", "id_str": "23783299", "friends_count": 38, "listed_count": 0, "has_extended_profile": false, "geo_enabled": false, "description": "Enjoying retirement", "screen_name": "wales4me", "profile_image_url": "http://pbs.twimg.com/profile_images/1479734318/IMG04_normal.JPG", "status": {"created_at": "Tue Oct 24 02:16:59 +0000 2017", "is_quote_status": false, "place": null, "geo": null, "coordinates": null, "retweeted": false, "text": "@putinsgay @SLandinSoCal @realDonaldTrump @POTUS TRUE!", "contributors": null, "favorited": false, "source": "<a href=\"http://twitter.com/download/android\" rel=\"nofollow\">Twitter for Android</a>", "id_str": "922648081220464641", "entities": {"user_mentions": [{"id": 824704724117057536, "screen_name": "putinsgay", "name": "JDP", "id_str": "824704724117057536", "indices": [0, 10]}, {"id": 757731953281904640, "screen_name": "SLandinSoCal", "name": "SL", "id_str": "757731953281904640", "indices": [11, 24]}, {"id": 25073877, "screen_name": "realDonaldTrump", "name": "Donald J. Trump", "id_str": "25073877", "indices": [25, 41]}, {"id": 822215679726100480, "screen_name": "POTUS", "name": "President Trump", "id_str": "822215679726100480", "indices": [42, 48]}], "urls": [], "symbols": [], "hashtags": []}, "in_reply_to_screen_name": "putinsgay", "lang": "en", "in_reply_to_user_id": 824704724117057536, "retweet_count": 0, "favorite_count": 0, "in_reply_to_status_id_str": "922626142548344832", "in_reply_to_status_id": 922626142548344832, "in_reply_to_user_id_str": "824704724117057536", "truncated": false, "id": 922648081220464641}}
2017-10-25T02:00:04.465598	{"profile_sidebar_fill_color": "DDEEF6", "default_profile": true, "favourites_count": 18, "profile_text_color": "333333", "profile_background_tile": false, "screen_name": "wales4me", "lang": "en", "notifications": false, "is_translation_enabled": false, "statuses_count": 26, "profile_link_color": "1DA1F2", "geo_enabled": false, "translator_type": "none", "following": false, "verified": false, "created_at": "Wed Mar 11 16:07:12 +0000 2009", "profile_background_image_url_https": "https://abs.twimg.com/images/themes/theme1/bg.png", "protected": false, "listed_count": 0, "profile_background_color": "C0DEED", "follow_request_sent": false, "followers_count": 1, "profile_sidebar_border_color": "C0DEED", "profile_image_url_https": "https://pbs.twimg.com/profile_images/1479734318/IMG04_normal.JPG", "id_str": "23783299", "utc_offset": -25200, "has_extended_profile": false, "contributors_enabled": false, "friends_count": 38, "profile_use_background_image": true, "id": 23783299, "time_zone": "Pacific Time (US & Canada)", "profile_background_image_url": "http://abs.twimg.com/images/themes/theme1/bg.png", "name": "Don", "profile_image_url": "http://pbs.twimg.com/profile_images/1479734318/IMG04_normal.JPG", "is_translator": false, "default_profile_image": false, "url": "http://t.co/MBuagCc1vd", "description": "Enjoying retirement", "status": {"in_reply_to_user_id": 824704724117057536, "in_reply_to_screen_name": "putinsgay", "source": "<a href=\"http://twitter.com/download/android\" rel=\"nofollow\">Twitter for Android</a>", "in_reply_to_user_id_str": "824704724117057536", "id_str": "922648081220464641", "favorited": false, "created_at": "Tue Oct 24 02:16:59 +0000 2017", "contributors": null, "favorite_count": 0, "lang": "en", "retweeted": false, "retweet_count": 0, "geo": null, "text": "@putinsgay @SLandinSoCal @realDonaldTrump @POTUS TRUE!", "is_quote_status": false, "in_reply_to_status_id": 922626142548344832, "coordinates": null, "truncated": false, "in_reply_to_status_id_str": "922626142548344832", "id": 922648081220464641, "entities": {"hashtags": [], "urls": [], "user_mentions": [{"indices": [0, 10], "id_str": "824704724117057536", "name": "JDP", "id": 824704724117057536, "screen_name": "putinsgay"}, {"indices": [11, 24], "id_str": "757731953281904640", "name": "SL", "id": 757731953281904640, "screen_name": "SLandinSoCal"}, {"indices": [25, 41], "id_str": "25073877", "name": "Donald J. Trump", "id": 25073877, "screen_name": "realDonaldTrump"}, {"indices": [42, 48], "id_str": "822215679726100480", "name": "President Trump", "id": 822215679726100480, "screen_name": "POTUS"}], "symbols": []}, "place": null}, "location": "Concord, California", "entities": {"url": {"urls": [{"url": "http://t.co/MBuagCc1vd", "indices": [0, 22], "display_url": "twitter.com/wales4me", "expanded_url": "https://twitter.com/wales4me"}]}, "description": {"urls": []}}}
2017-10-25T03:00:03.457341	{"location": "Concord, California", "url": "http://t.co/MBuagCc1vd", "entities": {"url": {"urls": [{"url": "http://t.co/MBuagCc1vd", "indices": [0, 22], "display_url": "twitter.com/wales4me", "expanded_url": "https://twitter.com/wales4me"}]}, "description": {"urls": []}}, "created_at": "Wed Mar 11 16:07:12 +0000 2009", "verified": false, "profile_background_image_url": "http://abs.twimg.com/images/themes/theme1/bg.png", "protected": false, "profile_sidebar_border_color": "C0DEED", "default_profile": true, "follow_request_sent": false, "id": 23783299, "listed_count": 0, "time_zone": "Pacific Time (US & Canada)", "utc_offset": -25200, "profile_use_background_image": true, "status": {"geo": null, "retweeted": false, "entities": {"hashtags": [], "symbols": [], "urls": [], "user_mentions": [{"screen_name": "putinsgay", "id_str": "824704724117057536", "id": 824704724117057536, "name": "JDP", "indices": [0, 10]}, {"screen_name": "SLandinSoCal", "id_str": "757731953281904640", "id": 757731953281904640, "name": "SL", "indices": [11, 24]}, {"screen_name": "realDonaldTrump", "id_str": "25073877", "id": 25073877, "name": "Donald J. Trump", "indices": [25, 41]}, {"screen_name": "POTUS", "id_str": "822215679726100480", "id": 822215679726100480, "name": "President Trump", "indices": [42, 48]}]}, "favorite_count": 0, "coordinates": null, "truncated": false, "in_reply_to_user_id": 824704724117057536, "place": null, "retweet_count": 0, "lang": "en", "favorited": false, "contributors": null, "in_reply_to_status_id_str": "922626142548344832", "is_quote_status": false, "source": "<a href=\"http://twitter.com/download/android\" rel=\"nofollow\">Twitter for Android</a>", "id_str": "922648081220464641", "in_reply_to_screen_name": "putinsgay", "in_reply_to_status_id": 922626142548344832, "created_at": "Tue Oct 24 02:16:59 +0000 2017", "id": 922648081220464641, "text": "@putinsgay @SLandinSoCal @realDonaldTrump @POTUS TRUE!", "in_reply_to_user_id_str": "824704724117057536"}, "lang": "en", "is_translator": false, "name": "Don", "following": false, "screen_name": "wales4me", "translator_type": "none", "default_profile_image": false, "description": "Enjoying retirement", "has_extended_profile": false, "notifications": false, "is_translation_enabled": false, "id_str": "23783299", "profile_background_image_url_https": "https://abs.twimg.com/images/themes/theme1/bg.png", "followers_count": 1, "profile_link_color": "1DA1F2", "favourites_count": 18, "geo_enabled": false, "profile_text_color": "333333", "profile_image_url_https": "https://pbs.twimg.com/profile_images/1479734318/IMG04_normal.JPG", "friends_count": 38, "profile_sidebar_fill_color": "DDEEF6", "statuses_count": 26, "profile_background_tile": false, "profile_image_url": "http://pbs.twimg.com/profile_images/1479734318/IMG04_normal.JPG", "profile_background_color": "C0DEED", "contributors_enabled": false}
2017-10-25T04:00:04.344129	{"profile_sidebar_fill_color": "DDEEF6", "followers_count": 1, "profile_sidebar_border_color": "C0DEED", "favourites_count": 18, "entities": {"description": {"urls": []}, "url": {"urls": [{"display_url": "twitter.com/wales4me", "expanded_url": "https://twitter.com/wales4me", "url": "http://t.co/MBuagCc1vd", "indices": [0, 22]}]}}, "id": 23783299, "utc_offset": -25200, "lang": "en", "profile_background_tile": false, "protected": false, "id_str": "23783299", "url": "http://t.co/MBuagCc1vd", "created_at": "Wed Mar 11 16:07:12 +0000 2009", "description": "Enjoying retirement", "profile_background_image_url": "http://abs.twimg.com/images/themes/theme1/bg.png", "profile_use_background_image": true, "notifications": false, "default_profile": true, "profile_background_color": "C0DEED", "following": false, "profile_image_url": "http://pbs.twimg.com/profile_images/1479734318/IMG04_normal.JPG", "statuses_count": 26, "friends_count": 38, "default_profile_image": false, "status": {"source": "<a href=\"http://twitter.com/download/android\" rel=\"nofollow\">Twitter for Android</a>", "favorite_count": 0, "in_reply_to_status_id": 922626142548344832, "retweet_count": 0, "entities": {"user_mentions": [{"name": "JDP", "screen_name": "putinsgay", "indices": [0, 10], "id_str": "824704724117057536", "id": 824704724117057536}, {"name": "SL", "screen_name": "SLandinSoCal", "indices": [11, 24], "id_str": "757731953281904640", "id": 757731953281904640}, {"name": "Donald J. Trump", "screen_name": "realDonaldTrump", "indices": [25, 41], "id_str": "25073877", "id": 25073877}, {"name": "President Trump", "screen_name": "POTUS", "indices": [42, 48], "id_str": "822215679726100480", "id": 822215679726100480}], "urls": [], "hashtags": [], "symbols": []}, "id": 922648081220464641, "coordinates": null, "is_quote_status": false, "id_str": "922648081220464641", "created_at": "Tue Oct 24 02:16:59 +0000 2017", "truncated": false, "retweeted": false, "in_reply_to_screen_name": "putinsgay", "contributors": null, "text": "@putinsgay @SLandinSoCal @realDonaldTrump @POTUS TRUE!", "in_reply_to_user_id_str": "824704724117057536", "in_reply_to_user_id": 824704724117057536, "favorited": false, "in_reply_to_status_id_str": "922626142548344832", "lang": "en", "geo": null, "place": null}, "location": "Concord, California", "time_zone": "Pacific Time (US & Canada)", "geo_enabled": false, "translator_type": "none", "follow_request_sent": false, "profile_background_image_url_https": "https://abs.twimg.com/images/themes/theme1/bg.png", "verified": false, "profile_image_url_https": "https://pbs.twimg.com/profile_images/1479734318/IMG04_normal.JPG", "is_translator": false, "screen_name": "wales4me", "name": "Don", "listed_count": 0, "contributors_enabled": false, "is_translation_enabled": false, "has_extended_profile": false, "profile_text_color": "333333", "profile_link_color": "1DA1F2"}
2017-10-25T05:00:03.726379	{"profile_use_background_image": true, "profile_background_tile": false, "location": "Concord, California", "profile_sidebar_border_color": "C0DEED", "is_translation_enabled": false, "url": "http://t.co/MBuagCc1vd", "profile_background_image_url_https": "https://abs.twimg.com/images/themes/theme1/bg.png", "protected": false, "name": "Don", "listed_count": 0, "profile_text_color": "333333", "lang": "en", "profile_link_color": "1DA1F2", "screen_name": "wales4me", "default_profile_image": false, "time_zone": "Pacific Time (US & Canada)", "contributors_enabled": false, "translator_type": "none", "description": "Enjoying retirement", "notifications": false, "following": false, "id": 23783299, "default_profile": true, "profile_background_color": "C0DEED", "profile_sidebar_fill_color": "DDEEF6", "follow_request_sent": false, "id_str": "23783299", "verified": false, "has_extended_profile": false, "created_at": "Wed Mar 11 16:07:12 +0000 2009", "statuses_count": 26, "profile_image_url": "http://pbs.twimg.com/profile_images/1479734318/IMG04_normal.JPG", "followers_count": 1, "profile_background_image_url": "http://abs.twimg.com/images/themes/theme1/bg.png", "is_translator": false, "utc_offset": -25200, "favourites_count": 18, "status": {"lang": "en", "source": "<a href=\"http://twitter.com/download/android\" rel=\"nofollow\">Twitter for Android</a>", "text": "@putinsgay @SLandinSoCal @realDonaldTrump @POTUS TRUE!", "place": null, "contributors": null, "favorited": false, "in_reply_to_user_id_str": "824704724117057536", "in_reply_to_screen_name": "putinsgay", "retweeted": false, "in_reply_to_status_id_str": "922626142548344832", "id": 922648081220464641, "coordinates": null, "id_str": "922648081220464641", "favorite_count": 0, "in_reply_to_status_id": 922626142548344832, "is_quote_status": false, "geo": null, "retweet_count": 0, "in_reply_to_user_id": 824704724117057536, "entities": {"user_mentions": [{"screen_name": "putinsgay", "id": 824704724117057536, "indices": [0, 10], "name": "JDP", "id_str": "824704724117057536"}, {"screen_name": "SLandinSoCal", "id": 757731953281904640, "indices": [11, 24], "name": "SL", "id_str": "757731953281904640"}, {"screen_name": "realDonaldTrump", "id": 25073877, "indices": [25, 41], "name": "Donald J. Trump", "id_str": "25073877"}, {"screen_name": "POTUS", "id": 822215679726100480, "indices": [42, 48], "name": "President Trump", "id_str": "822215679726100480"}], "hashtags": [], "symbols": [], "urls": []}, "created_at": "Tue Oct 24 02:16:59 +0000 2017", "truncated": false}, "entities": {"url": {"urls": [{"indices": [0, 22], "url": "http://t.co/MBuagCc1vd", "display_url": "twitter.com/wales4me", "expanded_url": "https://twitter.com/wales4me"}]}, "description": {"urls": []}}, "geo_enabled": false, "profile_image_url_https": "https://pbs.twimg.com/profile_images/1479734318/IMG04_normal.JPG", "friends_count": 38}
2017-10-25T06:00:04.428350	{"statuses_count": 26, "name": "Don", "follow_request_sent": false, "is_translator": false, "translator_type": "none", "created_at": "Wed Mar 11 16:07:12 +0000 2009", "lang": "en", "profile_background_image_url_https": "https://abs.twimg.com/images/themes/theme1/bg.png", "notifications": false, "default_profile": true, "friends_count": 38, "contributors_enabled": false, "id_str": "23783299", "followers_count": 1, "listed_count": 0, "url": "http://t.co/MBuagCc1vd", "verified": false, "time_zone": "Pacific Time (US & Canada)", "profile_background_color": "C0DEED", "id": 23783299, "description": "Enjoying retirement", "default_profile_image": false, "entities": {"url": {"urls": [{"url": "http://t.co/MBuagCc1vd", "display_url": "twitter.com/wales4me", "indices": [0, 22], "expanded_url": "https://twitter.com/wales4me"}]}, "description": {"urls": []}}, "geo_enabled": false, "following": false, "profile_link_color": "1DA1F2", "profile_background_tile": false, "status": {"geo": null, "created_at": "Tue Oct 24 02:16:59 +0000 2017", "lang": "en", "favorited": false, "favorite_count": 0, "in_reply_to_screen_name": "putinsgay", "id_str": "922648081220464641", "text": "@putinsgay @SLandinSoCal @realDonaldTrump @POTUS TRUE!", "retweet_count": 0, "in_reply_to_user_id": 824704724117057536, "place": null, "id": 922648081220464641, "coordinates": null, "in_reply_to_status_id": 922626142548344832, "entities": {"user_mentions": [{"id": 824704724117057536, "name": "JDP", "id_str": "824704724117057536", "indices": [0, 10], "screen_name": "putinsgay"}, {"id": 757731953281904640, "name": "SL", "id_str": "757731953281904640", "indices": [11, 24], "screen_name": "SLandinSoCal"}, {"id": 25073877, "name": "Donald J. Trump", "id_str": "25073877", "indices": [25, 41], "screen_name": "realDonaldTrump"}, {"id": 822215679726100480, "name": "President Trump", "id_str": "822215679726100480", "indices": [42, 48], "screen_name": "POTUS"}], "symbols": [], "hashtags": [], "urls": []}, "in_reply_to_status_id_str": "922626142548344832", "source": "<a href=\"http://twitter.com/download/android\" rel=\"nofollow\">Twitter for Android</a>", "is_quote_status": false, "in_reply_to_user_id_str": "824704724117057536", "truncated": false, "contributors": null, "retweeted": false}, "location": "Concord, California", "is_translation_enabled": false, "screen_name": "wales4me", "has_extended_profile": false, "profile_sidebar_border_color": "C0DEED", "profile_use_background_image": true, "profile_background_image_url": "http://abs.twimg.com/images/themes/theme1/bg.png", "protected": false, "utc_offset": -25200, "profile_text_color": "333333", "profile_image_url_https": "https://pbs.twimg.com/profile_images/1479734318/IMG04_normal.JPG", "profile_image_url": "http://pbs.twimg.com/profile_images/1479734318/IMG04_normal.JPG", "favourites_count": 18, "profile_sidebar_fill_color": "DDEEF6"}
2017-10-25T07:00:04.033276	{"default_profile_image": false, "profile_background_tile": false, "is_translation_enabled": false, "lang": "en", "description": "Enjoying retirement", "profile_link_color": "1DA1F2", "profile_text_color": "333333", "utc_offset": -25200, "profile_sidebar_border_color": "C0DEED", "status": {"contributors": null, "in_reply_to_screen_name": "putinsgay", "truncated": false, "in_reply_to_status_id_str": "922626142548344832", "source": "<a href=\"http://twitter.com/download/android\" rel=\"nofollow\">Twitter for Android</a>", "coordinates": null, "id_str": "922648081220464641", "favorited": false, "in_reply_to_user_id_str": "824704724117057536", "retweet_count": 0, "entities": {"hashtags": [], "urls": [], "user_mentions": [{"id": 824704724117057536, "screen_name": "putinsgay", "id_str": "824704724117057536", "indices": [0, 10], "name": "JDP"}, {"id": 757731953281904640, "screen_name": "SLandinSoCal", "id_str": "757731953281904640", "indices": [11, 24], "name": "SL"}, {"id": 25073877, "screen_name": "realDonaldTrump", "id_str": "25073877", "indices": [25, 41], "name": "Donald J. Trump"}, {"id": 822215679726100480, "screen_name": "POTUS", "id_str": "822215679726100480", "indices": [42, 48], "name": "President Trump"}], "symbols": []}, "in_reply_to_user_id": 824704724117057536, "text": "@putinsgay @SLandinSoCal @realDonaldTrump @POTUS TRUE!", "favorite_count": 0, "geo": null, "in_reply_to_status_id": 922626142548344832, "id": 922648081220464641, "place": null, "is_quote_status": false, "created_at": "Tue Oct 24 02:16:59 +0000 2017", "retweeted": false, "lang": "en"}, "listed_count": 0, "id_str": "23783299", "default_profile": true, "is_translator": false, "time_zone": "Pacific Time (US & Canada)", "name": "Don", "entities": {"url": {"urls": [{"url": "http://t.co/MBuagCc1vd", "expanded_url": "https://twitter.com/wales4me", "indices": [0, 22], "display_url": "twitter.com/wales4me"}]}, "description": {"urls": []}}, "statuses_count": 26, "friends_count": 38, "profile_sidebar_fill_color": "DDEEF6", "profile_background_color": "C0DEED", "profile_image_url": "http://pbs.twimg.com/profile_images/1479734318/IMG04_normal.JPG", "profile_image_url_https": "https://pbs.twimg.com/profile_images/1479734318/IMG04_normal.JPG", "has_extended_profile": false, "notifications": false, "id": 23783299, "url": "http://t.co/MBuagCc1vd", "geo_enabled": false, "protected": false, "profile_background_image_url": "http://abs.twimg.com/images/themes/theme1/bg.png", "screen_name": "wales4me", "location": "Concord, California", "follow_request_sent": false, "profile_background_image_url_https": "https://abs.twimg.com/images/themes/theme1/bg.png", "followers_count": 1, "following": false, "contributors_enabled": false, "profile_use_background_image": true, "verified": false, "created_at": "Wed Mar 11 16:07:12 +0000 2009", "translator_type": "none", "favourites_count": 18}
2017-10-25T08:00:03.807935	{"id_str": "23783299", "screen_name": "wales4me", "notifications": false, "is_translator": false, "lang": "en", "listed_count": 0, "utc_offset": -25200, "time_zone": "Pacific Time (US & Canada)", "default_profile": true, "geo_enabled": false, "name": "Don", "is_translation_enabled": false, "has_extended_profile": false, "profile_text_color": "333333", "protected": false, "profile_background_tile": false, "profile_link_color": "1DA1F2", "verified": false, "following": false, "status": {"id_str": "922648081220464641", "lang": "en", "favorite_count": 0, "in_reply_to_user_id_str": "824704724117057536", "retweet_count": 0, "geo": null, "entities": {"hashtags": [], "symbols": [], "urls": [], "user_mentions": [{"screen_name": "putinsgay", "id": 824704724117057536, "id_str": "824704724117057536", "name": "JDP", "indices": [0, 10]}, {"screen_name": "SLandinSoCal", "id": 757731953281904640, "id_str": "757731953281904640", "name": "SL", "indices": [11, 24]}, {"screen_name": "realDonaldTrump", "id": 25073877, "id_str": "25073877", "name": "Donald J. Trump", "indices": [25, 41]}, {"screen_name": "POTUS", "id": 822215679726100480, "id_str": "822215679726100480", "name": "President Trump", "indices": [42, 48]}]}, "source": "<a href=\"http://twitter.com/download/android\" rel=\"nofollow\">Twitter for Android</a>", "place": null, "created_at": "Tue Oct 24 02:16:59 +0000 2017", "contributors": null, "id": 922648081220464641, "text": "@putinsgay @SLandinSoCal @realDonaldTrump @POTUS TRUE!", "truncated": false, "in_reply_to_screen_name": "putinsgay", "is_quote_status": false, "favorited": false, "retweeted": false, "in_reply_to_status_id": 922626142548344832, "in_reply_to_user_id": 824704724117057536, "in_reply_to_status_id_str": "922626142548344832", "coordinates": null}, "contributors_enabled": false, "created_at": "Wed Mar 11 16:07:12 +0000 2009", "followers_count": 1, "id": 23783299, "profile_sidebar_border_color": "C0DEED", "friends_count": 38, "favourites_count": 18, "default_profile_image": false, "profile_sidebar_fill_color": "DDEEF6", "description": "Enjoying retirement", "profile_image_url_https": "https://pbs.twimg.com/profile_images/1479734318/IMG04_normal.JPG", "follow_request_sent": false, "translator_type": "none", "profile_background_image_url_https": "https://abs.twimg.com/images/themes/theme1/bg.png", "statuses_count": 26, "profile_image_url": "http://pbs.twimg.com/profile_images/1479734318/IMG04_normal.JPG", "profile_use_background_image": true, "url": "http://t.co/MBuagCc1vd", "entities": {"description": {"urls": []}, "url": {"urls": [{"expanded_url": "https://twitter.com/wales4me", "url": "http://t.co/MBuagCc1vd", "display_url": "twitter.com/wales4me", "indices": [0, 22]}]}}, "location": "Concord, California", "profile_background_color": "C0DEED", "profile_background_image_url": "http://abs.twimg.com/images/themes/theme1/bg.png"}
2017-10-25T09:00:04.519286	{"is_translator": false, "profile_image_url_https": "https://pbs.twimg.com/profile_images/1479734318/IMG04_normal.JPG", "entities": {"description": {"urls": []}, "url": {"urls": [{"expanded_url": "https://twitter.com/wales4me", "indices": [0, 22], "display_url": "twitter.com/wales4me", "url": "http://t.co/MBuagCc1vd"}]}}, "followers_count": 1, "verified": false, "lang": "en", "statuses_count": 26, "is_translation_enabled": false, "has_extended_profile": false, "listed_count": 0, "created_at": "Wed Mar 11 16:07:12 +0000 2009", "following": false, "contributors_enabled": false, "profile_use_background_image": true, "geo_enabled": false, "notifications": false, "profile_text_color": "333333", "url": "http://t.co/MBuagCc1vd", "id": 23783299, "profile_background_image_url": "http://abs.twimg.com/images/themes/theme1/bg.png", "utc_offset": -25200, "profile_background_tile": false, "location": "Concord, California", "time_zone": "Pacific Time (US & Canada)", "name": "Don", "profile_background_image_url_https": "https://abs.twimg.com/images/themes/theme1/bg.png", "status": {"retweet_count": 0, "favorite_count": 0, "favorited": false, "lang": "en", "text": "@putinsgay @SLandinSoCal @realDonaldTrump @POTUS TRUE!", "source": "<a href=\"http://twitter.com/download/android\" rel=\"nofollow\">Twitter for Android</a>", "entities": {"hashtags": [], "urls": [], "symbols": [], "user_mentions": [{"id": 824704724117057536, "id_str": "824704724117057536", "name": "JDP", "indices": [0, 10], "screen_name": "putinsgay"}, {"id": 757731953281904640, "id_str": "757731953281904640", "name": "SL", "indices": [11, 24], "screen_name": "SLandinSoCal"}, {"id": 25073877, "id_str": "25073877", "name": "Donald J. Trump", "indices": [25, 41], "screen_name": "realDonaldTrump"}, {"id": 822215679726100480, "id_str": "822215679726100480", "name": "President Trump", "indices": [42, 48], "screen_name": "POTUS"}]}, "retweeted": false, "created_at": "Tue Oct 24 02:16:59 +0000 2017", "in_reply_to_screen_name": "putinsgay", "id": 922648081220464641, "in_reply_to_status_id_str": "922626142548344832", "truncated": false, "coordinates": null, "id_str": "922648081220464641", "in_reply_to_status_id": 922626142548344832, "in_reply_to_user_id": 824704724117057536, "is_quote_status": false, "in_reply_to_user_id_str": "824704724117057536", "place": null, "geo": null, "contributors": null}, "profile_link_color": "1DA1F2", "profile_background_color": "C0DEED", "follow_request_sent": false, "profile_sidebar_border_color": "C0DEED", "id_str": "23783299", "favourites_count": 18, "protected": false, "default_profile_image": false, "profile_image_url": "http://pbs.twimg.com/profile_images/1479734318/IMG04_normal.JPG", "profile_sidebar_fill_color": "DDEEF6", "description": "Enjoying retirement", "friends_count": 38, "translator_type": "none", "default_profile": true, "screen_name": "wales4me"}
2017-10-25T10:00:04.527079	{"location": "Concord, California", "profile_background_image_url": "http://abs.twimg.com/images/themes/theme1/bg.png", "profile_text_color": "333333", "profile_image_url": "http://pbs.twimg.com/profile_images/1479734318/IMG04_normal.JPG", "listed_count": 0, "screen_name": "wales4me", "protected": false, "url": "http://t.co/MBuagCc1vd", "lang": "en", "id": 23783299, "has_extended_profile": false, "followers_count": 1, "default_profile_image": false, "contributors_enabled": false, "id_str": "23783299", "profile_use_background_image": true, "time_zone": "Pacific Time (US & Canada)", "geo_enabled": false, "utc_offset": -25200, "profile_image_url_https": "https://pbs.twimg.com/profile_images/1479734318/IMG04_normal.JPG", "favourites_count": 18, "profile_sidebar_fill_color": "DDEEF6", "is_translator": false, "statuses_count": 26, "entities": {"url": {"urls": [{"url": "http://t.co/MBuagCc1vd", "indices": [0, 22], "display_url": "twitter.com/wales4me", "expanded_url": "https://twitter.com/wales4me"}]}, "description": {"urls": []}}, "follow_request_sent": false, "profile_sidebar_border_color": "C0DEED", "name": "Don", "verified": false, "profile_link_color": "1DA1F2", "default_profile": true, "notifications": false, "friends_count": 38, "is_translation_enabled": false, "following": false, "profile_background_tile": false, "translator_type": "none", "description": "Enjoying retirement", "profile_background_color": "C0DEED", "profile_background_image_url_https": "https://abs.twimg.com/images/themes/theme1/bg.png", "status": {"in_reply_to_user_id": 824704724117057536, "geo": null, "text": "@putinsgay @SLandinSoCal @realDonaldTrump @POTUS TRUE!", "lang": "en", "id": 922648081220464641, "retweeted": false, "is_quote_status": false, "favorite_count": 0, "id_str": "922648081220464641", "created_at": "Tue Oct 24 02:16:59 +0000 2017", "contributors": null, "favorited": false, "in_reply_to_screen_name": "putinsgay", "entities": {"user_mentions": [{"id_str": "824704724117057536", "indices": [0, 10], "id": 824704724117057536, "name": "JDP", "screen_name": "putinsgay"}, {"id_str": "757731953281904640", "indices": [11, 24], "id": 757731953281904640, "name": "SL", "screen_name": "SLandinSoCal"}, {"id_str": "25073877", "indices": [25, 41], "id": 25073877, "name": "Donald J. Trump", "screen_name": "realDonaldTrump"}, {"id_str": "822215679726100480", "indices": [42, 48], "id": 822215679726100480, "name": "President Trump", "screen_name": "POTUS"}], "urls": [], "hashtags": [], "symbols": []}, "truncated": false, "in_reply_to_user_id_str": "824704724117057536", "source": "<a href=\"http://twitter.com/download/android\" rel=\"nofollow\">Twitter for Android</a>", "retweet_count": 0, "coordinates": null, "in_reply_to_status_id": 922626142548344832, "in_reply_to_status_id_str": "922626142548344832", "place": null}, "created_at": "Wed Mar 11 16:07:12 +0000 2009"}
2017-10-25T11:00:04.194936	{"follow_request_sent": false, "notifications": false, "following": false, "is_translation_enabled": false, "friends_count": 38, "profile_background_image_url_https": "https://abs.twimg.com/images/themes/theme1/bg.png", "default_profile": true, "profile_image_url_https": "https://pbs.twimg.com/profile_images/1479734318/IMG04_normal.JPG", "id": 23783299, "is_translator": false, "profile_background_image_url": "http://abs.twimg.com/images/themes/theme1/bg.png", "profile_sidebar_border_color": "C0DEED", "geo_enabled": false, "profile_background_color": "C0DEED", "created_at": "Wed Mar 11 16:07:12 +0000 2009", "profile_link_color": "1DA1F2", "url": "http://t.co/MBuagCc1vd", "default_profile_image": false, "screen_name": "wales4me", "protected": false, "profile_image_url": "http://pbs.twimg.com/profile_images/1479734318/IMG04_normal.JPG", "id_str": "23783299", "name": "Don", "description": "Enjoying retirement", "verified": false, "entities": {"url": {"urls": [{"url": "http://t.co/MBuagCc1vd", "expanded_url": "https://twitter.com/wales4me", "indices": [0, 22], "display_url": "twitter.com/wales4me"}]}, "description": {"urls": []}}, "statuses_count": 26, "profile_sidebar_fill_color": "DDEEF6", "has_extended_profile": false, "time_zone": "Pacific Time (US & Canada)", "translator_type": "none", "listed_count": 0, "status": {"in_reply_to_status_id": 922626142548344832, "id": 922648081220464641, "in_reply_to_status_id_str": "922626142548344832", "contributors": null, "source": "<a href=\"http://twitter.com/download/android\" rel=\"nofollow\">Twitter for Android</a>", "created_at": "Tue Oct 24 02:16:59 +0000 2017", "place": null, "retweet_count": 0, "in_reply_to_screen_name": "putinsgay", "geo": null, "coordinates": null, "id_str": "922648081220464641", "in_reply_to_user_id_str": "824704724117057536", "entities": {"symbols": [], "urls": [], "hashtags": [], "user_mentions": [{"name": "JDP", "screen_name": "putinsgay", "indices": [0, 10], "id": 824704724117057536, "id_str": "824704724117057536"}, {"name": "SL", "screen_name": "SLandinSoCal", "indices": [11, 24], "id": 757731953281904640, "id_str": "757731953281904640"}, {"name": "Donald J. Trump", "screen_name": "realDonaldTrump", "indices": [25, 41], "id": 25073877, "id_str": "25073877"}, {"name": "President Trump", "screen_name": "POTUS", "indices": [42, 48], "id": 822215679726100480, "id_str": "822215679726100480"}]}, "retweeted": false, "text": "@putinsgay @SLandinSoCal @realDonaldTrump @POTUS TRUE!", "in_reply_to_user_id": 824704724117057536, "favorite_count": 0, "favorited": false, "is_quote_status": false, "lang": "en", "truncated": false}, "followers_count": 1, "profile_text_color": "333333", "profile_background_tile": false, "profile_use_background_image": true, "location": "Concord, California", "favourites_count": 18, "utc_offset": -25200, "lang": "en", "contributors_enabled": false}
2017-10-25T12:00:04.366071	{"profile_image_url_https": "https://pbs.twimg.com/profile_images/1479734318/IMG04_normal.JPG", "default_profile_image": false, "profile_background_image_url_https": "https://abs.twimg.com/images/themes/theme1/bg.png", "following": false, "id": 23783299, "profile_background_tile": false, "description": "Enjoying retirement", "profile_background_image_url": "http://abs.twimg.com/images/themes/theme1/bg.png", "entities": {"description": {"urls": []}, "url": {"urls": [{"expanded_url": "https://twitter.com/wales4me", "url": "http://t.co/MBuagCc1vd", "display_url": "twitter.com/wales4me", "indices": [0, 22]}]}}, "protected": false, "utc_offset": -25200, "has_extended_profile": false, "status": {"in_reply_to_status_id": 922626142548344832, "place": null, "id": 922648081220464641, "entities": {"user_mentions": [{"screen_name": "putinsgay", "id": 824704724117057536, "indices": [0, 10], "name": "JDP", "id_str": "824704724117057536"}, {"screen_name": "SLandinSoCal", "id": 757731953281904640, "indices": [11, 24], "name": "SL", "id_str": "757731953281904640"}, {"screen_name": "realDonaldTrump", "id": 25073877, "indices": [25, 41], "name": "Donald J. Trump", "id_str": "25073877"}, {"screen_name": "POTUS", "id": 822215679726100480, "indices": [42, 48], "name": "President Trump", "id_str": "822215679726100480"}], "symbols": [], "hashtags": [], "urls": []}, "source": "<a href=\"http://twitter.com/download/android\" rel=\"nofollow\">Twitter for Android</a>", "favorite_count": 0, "in_reply_to_user_id": 824704724117057536, "geo": null, "favorited": false, "truncated": false, "is_quote_status": false, "text": "@putinsgay @SLandinSoCal @realDonaldTrump @POTUS TRUE!", "contributors": null, "created_at": "Tue Oct 24 02:16:59 +0000 2017", "lang": "en", "in_reply_to_user_id_str": "824704724117057536", "retweeted": false, "in_reply_to_screen_name": "putinsgay", "in_reply_to_status_id_str": "922626142548344832", "id_str": "922648081220464641", "retweet_count": 0, "coordinates": null}, "contributors_enabled": false, "id_str": "23783299", "profile_text_color": "333333", "profile_background_color": "C0DEED", "profile_use_background_image": true, "follow_request_sent": false, "verified": false, "followers_count": 1, "is_translation_enabled": false, "profile_sidebar_border_color": "C0DEED", "time_zone": "Pacific Time (US & Canada)", "friends_count": 38, "geo_enabled": false, "location": "Concord, California", "created_at": "Wed Mar 11 16:07:12 +0000 2009", "lang": "en", "profile_image_url": "http://pbs.twimg.com/profile_images/1479734318/IMG04_normal.JPG", "listed_count": 0, "name": "Don", "default_profile": true, "screen_name": "wales4me", "profile_sidebar_fill_color": "DDEEF6", "url": "http://t.co/MBuagCc1vd", "notifications": false, "is_translator": false, "translator_type": "none", "statuses_count": 26, "profile_link_color": "1DA1F2", "favourites_count": 18}
2017-10-25T13:00:03.998084	{"created_at": "Wed Mar 11 16:07:12 +0000 2009", "description": "Enjoying retirement", "followers_count": 1, "statuses_count": 26, "geo_enabled": false, "favourites_count": 18, "notifications": false, "translator_type": "none", "profile_image_url_https": "https://pbs.twimg.com/profile_images/1479734318/IMG04_normal.JPG", "has_extended_profile": false, "url": "http://t.co/MBuagCc1vd", "verified": false, "is_translator": false, "contributors_enabled": false, "profile_use_background_image": true, "profile_sidebar_border_color": "C0DEED", "entities": {"description": {"urls": []}, "url": {"urls": [{"indices": [0, 22], "url": "http://t.co/MBuagCc1vd", "expanded_url": "https://twitter.com/wales4me", "display_url": "twitter.com/wales4me"}]}}, "name": "Don", "default_profile": true, "profile_sidebar_fill_color": "DDEEF6", "follow_request_sent": false, "profile_image_url": "http://pbs.twimg.com/profile_images/1479734318/IMG04_normal.JPG", "listed_count": 0, "protected": false, "location": "Concord, California", "following": false, "time_zone": "Pacific Time (US & Canada)", "profile_background_color": "C0DEED", "id_str": "23783299", "profile_background_tile": false, "profile_text_color": "333333", "id": 23783299, "status": {"created_at": "Tue Oct 24 02:16:59 +0000 2017", "in_reply_to_screen_name": "putinsgay", "coordinates": null, "in_reply_to_status_id": 922626142548344832, "retweeted": false, "truncated": false, "favorited": false, "in_reply_to_status_id_str": "922626142548344832", "text": "@putinsgay @SLandinSoCal @realDonaldTrump @POTUS TRUE!", "entities": {"user_mentions": [{"screen_name": "putinsgay", "id_str": "824704724117057536", "name": "JDP", "indices": [0, 10], "id": 824704724117057536}, {"screen_name": "SLandinSoCal", "id_str": "757731953281904640", "name": "SL", "indices": [11, 24], "id": 757731953281904640}, {"screen_name": "realDonaldTrump", "id_str": "25073877", "name": "Donald J. Trump", "indices": [25, 41], "id": 25073877}, {"screen_name": "POTUS", "id_str": "822215679726100480", "name": "President Trump", "indices": [42, 48], "id": 822215679726100480}], "urls": [], "hashtags": [], "symbols": []}, "place": null, "source": "<a href=\"http://twitter.com/download/android\" rel=\"nofollow\">Twitter for Android</a>", "in_reply_to_user_id": 824704724117057536, "geo": null, "id_str": "922648081220464641", "id": 922648081220464641, "retweet_count": 0, "favorite_count": 0, "is_quote_status": false, "in_reply_to_user_id_str": "824704724117057536", "lang": "en", "contributors": null}, "profile_background_image_url_https": "https://abs.twimg.com/images/themes/theme1/bg.png", "profile_link_color": "1DA1F2", "is_translation_enabled": false, "profile_background_image_url": "http://abs.twimg.com/images/themes/theme1/bg.png", "utc_offset": -25200, "screen_name": "wales4me", "default_profile_image": false, "friends_count": 38, "lang": "en"}
2017-10-25T14:00:04.457443	{"profile_background_tile": false, "description": "Enjoying retirement", "is_translator": false, "lang": "en", "entities": {"description": {"urls": []}, "url": {"urls": [{"display_url": "twitter.com/wales4me", "expanded_url": "https://twitter.com/wales4me", "url": "http://t.co/MBuagCc1vd", "indices": [0, 22]}]}}, "profile_image_url_https": "https://pbs.twimg.com/profile_images/1479734318/IMG04_normal.JPG", "translator_type": "none", "profile_sidebar_fill_color": "DDEEF6", "profile_sidebar_border_color": "C0DEED", "profile_text_color": "333333", "statuses_count": 26, "status": {"in_reply_to_status_id": 922626142548344832, "truncated": false, "entities": {"user_mentions": [{"screen_name": "putinsgay", "indices": [0, 10], "id": 824704724117057536, "name": "JDP", "id_str": "824704724117057536"}, {"screen_name": "SLandinSoCal", "indices": [11, 24], "id": 757731953281904640, "name": "SL", "id_str": "757731953281904640"}, {"screen_name": "realDonaldTrump", "indices": [25, 41], "id": 25073877, "name": "Donald J. Trump", "id_str": "25073877"}, {"screen_name": "POTUS", "indices": [42, 48], "id": 822215679726100480, "name": "President Trump", "id_str": "822215679726100480"}], "symbols": [], "urls": [], "hashtags": []}, "lang": "en", "is_quote_status": false, "retweet_count": 0, "place": null, "favorited": false, "geo": null, "id_str": "922648081220464641", "contributors": null, "text": "@putinsgay @SLandinSoCal @realDonaldTrump @POTUS TRUE!", "favorite_count": 0, "in_reply_to_user_id_str": "824704724117057536", "id": 922648081220464641, "created_at": "Tue Oct 24 02:16:59 +0000 2017", "coordinates": null, "in_reply_to_user_id": 824704724117057536, "in_reply_to_screen_name": "putinsgay", "retweeted": false, "source": "<a href=\"http://twitter.com/download/android\" rel=\"nofollow\">Twitter for Android</a>", "in_reply_to_status_id_str": "922626142548344832"}, "following": false, "followers_count": 1, "notifications": false, "is_translation_enabled": false, "utc_offset": -25200, "url": "http://t.co/MBuagCc1vd", "geo_enabled": false, "default_profile": true, "default_profile_image": false, "profile_background_image_url_https": "https://abs.twimg.com/images/themes/theme1/bg.png", "verified": false, "profile_image_url": "http://pbs.twimg.com/profile_images/1479734318/IMG04_normal.JPG", "has_extended_profile": false, "id": 23783299, "protected": false, "created_at": "Wed Mar 11 16:07:12 +0000 2009", "profile_use_background_image": true, "favourites_count": 18, "listed_count": 0, "name": "Don", "id_str": "23783299", "location": "Concord, California", "screen_name": "wales4me", "follow_request_sent": false, "time_zone": "Pacific Time (US & Canada)", "profile_background_image_url": "http://abs.twimg.com/images/themes/theme1/bg.png", "profile_link_color": "1DA1F2", "profile_background_color": "C0DEED", "friends_count": 38, "contributors_enabled": false}
2017-10-25T15:00:04.121127	{"location": "Concord, California", "following": false, "follow_request_sent": false, "favourites_count": 18, "profile_text_color": "333333", "profile_background_tile": false, "followers_count": 1, "created_at": "Wed Mar 11 16:07:12 +0000 2009", "protected": false, "profile_use_background_image": true, "profile_background_image_url_https": "https://abs.twimg.com/images/themes/theme1/bg.png", "default_profile_image": false, "profile_sidebar_border_color": "C0DEED", "has_extended_profile": false, "default_profile": true, "time_zone": "Pacific Time (US & Canada)", "is_translator": false, "geo_enabled": false, "profile_image_url": "http://pbs.twimg.com/profile_images/1479734318/IMG04_normal.JPG", "is_translation_enabled": false, "verified": false, "description": "Enjoying retirement", "friends_count": 38, "notifications": false, "translator_type": "none", "id_str": "23783299", "profile_background_image_url": "http://abs.twimg.com/images/themes/theme1/bg.png", "entities": {"description": {"urls": []}, "url": {"urls": [{"expanded_url": "https://twitter.com/wales4me", "url": "http://t.co/MBuagCc1vd", "display_url": "twitter.com/wales4me", "indices": [0, 22]}]}}, "profile_sidebar_fill_color": "DDEEF6", "screen_name": "wales4me", "profile_link_color": "1DA1F2", "lang": "en", "name": "Don", "listed_count": 0, "status": {"favorited": false, "in_reply_to_user_id": 824704724117057536, "entities": {"hashtags": [], "urls": [], "symbols": [], "user_mentions": [{"indices": [0, 10], "name": "JDP", "screen_name": "putinsgay", "id_str": "824704724117057536", "id": 824704724117057536}, {"indices": [11, 24], "name": "SL", "screen_name": "SLandinSoCal", "id_str": "757731953281904640", "id": 757731953281904640}, {"indices": [25, 41], "name": "Donald J. Trump", "screen_name": "realDonaldTrump", "id_str": "25073877", "id": 25073877}, {"indices": [42, 48], "name": "President Trump", "screen_name": "POTUS", "id_str": "822215679726100480", "id": 822215679726100480}]}, "favorite_count": 0, "in_reply_to_status_id": 922626142548344832, "created_at": "Tue Oct 24 02:16:59 +0000 2017", "place": null, "retweeted": false, "source": "<a href=\"http://twitter.com/download/android\" rel=\"nofollow\">Twitter for Android</a>", "contributors": null, "in_reply_to_screen_name": "putinsgay", "geo": null, "truncated": false, "id_str": "922648081220464641", "in_reply_to_status_id_str": "922626142548344832", "retweet_count": 0, "text": "@putinsgay @SLandinSoCal @realDonaldTrump @POTUS TRUE!", "in_reply_to_user_id_str": "824704724117057536", "lang": "en", "id": 922648081220464641, "is_quote_status": false, "coordinates": null}, "statuses_count": 26, "utc_offset": -25200, "profile_image_url_https": "https://pbs.twimg.com/profile_images/1479734318/IMG04_normal.JPG", "profile_background_color": "C0DEED", "contributors_enabled": false, "url": "http://t.co/MBuagCc1vd", "id": 23783299}
2017-10-25T16:00:04.280900	{"time_zone": "Pacific Time (US & Canada)", "profile_text_color": "333333", "is_translator": false, "listed_count": 0, "profile_image_url": "http://pbs.twimg.com/profile_images/1479734318/IMG04_normal.JPG", "is_translation_enabled": false, "location": "Concord, California", "status": {"favorite_count": 0, "truncated": false, "geo": null, "entities": {"user_mentions": [{"indices": [0, 10], "name": "JDP", "id_str": "824704724117057536", "id": 824704724117057536, "screen_name": "putinsgay"}, {"indices": [11, 24], "name": "SL", "id_str": "757731953281904640", "id": 757731953281904640, "screen_name": "SLandinSoCal"}, {"indices": [25, 41], "name": "Donald J. Trump", "id_str": "25073877", "id": 25073877, "screen_name": "realDonaldTrump"}, {"indices": [42, 48], "name": "President Trump", "id_str": "822215679726100480", "id": 822215679726100480, "screen_name": "POTUS"}], "urls": [], "hashtags": [], "symbols": []}, "contributors": null, "in_reply_to_screen_name": "putinsgay", "text": "@putinsgay @SLandinSoCal @realDonaldTrump @POTUS TRUE!", "in_reply_to_status_id_str": "922626142548344832", "lang": "en", "is_quote_status": false, "created_at": "Tue Oct 24 02:16:59 +0000 2017", "source": "<a href=\"http://twitter.com/download/android\" rel=\"nofollow\">Twitter for Android</a>", "coordinates": null, "id_str": "922648081220464641", "place": null, "id": 922648081220464641, "retweet_count": 0, "favorited": false, "in_reply_to_user_id_str": "824704724117057536", "retweeted": false, "in_reply_to_user_id": 824704724117057536, "in_reply_to_status_id": 922626142548344832}, "favourites_count": 18, "following": false, "profile_sidebar_fill_color": "DDEEF6", "protected": false, "profile_link_color": "1DA1F2", "statuses_count": 26, "entities": {"description": {"urls": []}, "url": {"urls": [{"display_url": "twitter.com/wales4me", "expanded_url": "https://twitter.com/wales4me", "indices": [0, 22], "url": "http://t.co/MBuagCc1vd"}]}}, "utc_offset": -25200, "translator_type": "none", "profile_background_color": "C0DEED", "friends_count": 38, "profile_background_image_url_https": "https://abs.twimg.com/images/themes/theme1/bg.png", "screen_name": "wales4me", "profile_background_image_url": "http://abs.twimg.com/images/themes/theme1/bg.png", "profile_use_background_image": true, "has_extended_profile": false, "default_profile_image": false, "created_at": "Wed Mar 11 16:07:12 +0000 2009", "description": "Enjoying retirement", "followers_count": 1, "geo_enabled": false, "profile_background_tile": false, "id_str": "23783299", "default_profile": true, "id": 23783299, "url": "http://t.co/MBuagCc1vd", "profile_sidebar_border_color": "C0DEED", "notifications": false, "name": "Don", "follow_request_sent": false, "profile_image_url_https": "https://pbs.twimg.com/profile_images/1479734318/IMG04_normal.JPG", "verified": false, "lang": "en", "contributors_enabled": false}
2017-10-25T17:00:04.502353	{"name": "Don", "id": 23783299, "screen_name": "wales4me", "profile_image_url_https": "https://pbs.twimg.com/profile_images/1479734318/IMG04_normal.JPG", "is_translator": false, "notifications": false, "verified": false, "status": {"in_reply_to_status_id_str": "922626142548344832", "coordinates": null, "id": 922648081220464641, "retweet_count": 0, "is_quote_status": false, "truncated": false, "lang": "en", "favorite_count": 0, "retweeted": false, "created_at": "Tue Oct 24 02:16:59 +0000 2017", "place": null, "favorited": false, "source": "<a href=\"http://twitter.com/download/android\" rel=\"nofollow\">Twitter for Android</a>", "id_str": "922648081220464641", "entities": {"urls": [], "symbols": [], "hashtags": [], "user_mentions": [{"id_str": "824704724117057536", "name": "JDP", "id": 824704724117057536, "screen_name": "putinsgay", "indices": [0, 10]}, {"id_str": "757731953281904640", "name": "SL", "id": 757731953281904640, "screen_name": "SLandinSoCal", "indices": [11, 24]}, {"id_str": "25073877", "name": "Donald J. Trump", "id": 25073877, "screen_name": "realDonaldTrump", "indices": [25, 41]}, {"id_str": "822215679726100480", "name": "President Trump", "id": 822215679726100480, "screen_name": "POTUS", "indices": [42, 48]}]}, "geo": null, "in_reply_to_status_id": 922626142548344832, "text": "@putinsgay @SLandinSoCal @realDonaldTrump @POTUS TRUE!", "in_reply_to_screen_name": "putinsgay", "contributors": null, "in_reply_to_user_id_str": "824704724117057536", "in_reply_to_user_id": 824704724117057536}, "followers_count": 1, "profile_link_color": "1DA1F2", "protected": false, "time_zone": "Pacific Time (US & Canada)", "lang": "en", "profile_background_color": "C0DEED", "id_str": "23783299", "following": false, "utc_offset": -25200, "default_profile_image": false, "profile_image_url": "http://pbs.twimg.com/profile_images/1479734318/IMG04_normal.JPG", "statuses_count": 26, "profile_use_background_image": true, "description": "Enjoying retirement", "location": "Concord, California", "created_at": "Wed Mar 11 16:07:12 +0000 2009", "entities": {"description": {"urls": []}, "url": {"urls": [{"expanded_url": "https://twitter.com/wales4me", "indices": [0, 22], "url": "http://t.co/MBuagCc1vd", "display_url": "twitter.com/wales4me"}]}}, "profile_sidebar_fill_color": "DDEEF6", "listed_count": 0, "is_translation_enabled": false, "profile_sidebar_border_color": "C0DEED", "translator_type": "none", "friends_count": 38, "profile_background_image_url": "http://abs.twimg.com/images/themes/theme1/bg.png", "favourites_count": 18, "profile_background_image_url_https": "https://abs.twimg.com/images/themes/theme1/bg.png", "geo_enabled": false, "default_profile": true, "has_extended_profile": false, "profile_text_color": "333333", "follow_request_sent": false, "contributors_enabled": false, "url": "http://t.co/MBuagCc1vd", "profile_background_tile": false}
2017-10-25T18:00:04.516178	{"name": "Don", "location": "Concord, California", "is_translator": false, "verified": false, "id_str": "23783299", "default_profile": true, "contributors_enabled": false, "profile_link_color": "1DA1F2", "favourites_count": 18, "follow_request_sent": false, "profile_image_url_https": "https://pbs.twimg.com/profile_images/1479734318/IMG04_normal.JPG", "following": false, "protected": false, "is_translation_enabled": false, "lang": "en", "id": 23783299, "listed_count": 0, "profile_background_tile": false, "statuses_count": 26, "translator_type": "none", "friends_count": 38, "followers_count": 1, "created_at": "Wed Mar 11 16:07:12 +0000 2009", "profile_image_url": "http://pbs.twimg.com/profile_images/1479734318/IMG04_normal.JPG", "profile_sidebar_border_color": "C0DEED", "profile_background_color": "C0DEED", "profile_background_image_url_https": "https://abs.twimg.com/images/themes/theme1/bg.png", "default_profile_image": false, "profile_use_background_image": true, "has_extended_profile": false, "time_zone": "Pacific Time (US & Canada)", "geo_enabled": false, "screen_name": "wales4me", "description": "Enjoying retirement", "profile_background_image_url": "http://abs.twimg.com/images/themes/theme1/bg.png", "utc_offset": -25200, "entities": {"description": {"urls": []}, "url": {"urls": [{"display_url": "twitter.com/wales4me", "indices": [0, 22], "url": "http://t.co/MBuagCc1vd", "expanded_url": "https://twitter.com/wales4me"}]}}, "notifications": false, "url": "http://t.co/MBuagCc1vd", "profile_sidebar_fill_color": "DDEEF6", "profile_text_color": "333333", "status": {"is_quote_status": false, "in_reply_to_user_id": 824704724117057536, "id_str": "922648081220464641", "in_reply_to_screen_name": "putinsgay", "favorited": false, "geo": null, "place": null, "source": "<a href=\"http://twitter.com/download/android\" rel=\"nofollow\">Twitter for Android</a>", "lang": "en", "id": 922648081220464641, "in_reply_to_status_id": 922626142548344832, "in_reply_to_status_id_str": "922626142548344832", "retweet_count": 0, "text": "@putinsgay @SLandinSoCal @realDonaldTrump @POTUS TRUE!", "in_reply_to_user_id_str": "824704724117057536", "favorite_count": 0, "retweeted": false, "contributors": null, "coordinates": null, "entities": {"urls": [], "symbols": [], "hashtags": [], "user_mentions": [{"name": "JDP", "indices": [0, 10], "screen_name": "putinsgay", "id": 824704724117057536, "id_str": "824704724117057536"}, {"name": "SL", "indices": [11, 24], "screen_name": "SLandinSoCal", "id": 757731953281904640, "id_str": "757731953281904640"}, {"name": "Donald J. Trump", "indices": [25, 41], "screen_name": "realDonaldTrump", "id": 25073877, "id_str": "25073877"}, {"name": "President Trump", "indices": [42, 48], "screen_name": "POTUS", "id": 822215679726100480, "id_str": "822215679726100480"}]}, "truncated": false, "created_at": "Tue Oct 24 02:16:59 +0000 2017"}}
2017-10-25T19:00:04.320588	{"followers_count": 1, "entities": {"url": {"urls": [{"url": "http://t.co/MBuagCc1vd", "display_url": "twitter.com/wales4me", "indices": [0, 22], "expanded_url": "https://twitter.com/wales4me"}]}, "description": {"urls": []}}, "lang": "en", "profile_background_color": "C0DEED", "id": 23783299, "description": "Enjoying retirement", "contributors_enabled": false, "geo_enabled": false, "profile_text_color": "333333", "statuses_count": 26, "is_translation_enabled": false, "profile_sidebar_fill_color": "DDEEF6", "profile_background_image_url_https": "https://abs.twimg.com/images/themes/theme1/bg.png", "friends_count": 38, "profile_background_tile": false, "translator_type": "none", "follow_request_sent": false, "protected": false, "default_profile_image": false, "location": "Concord, California", "listed_count": 0, "profile_image_url_https": "https://pbs.twimg.com/profile_images/1479734318/IMG04_normal.JPG", "time_zone": "Pacific Time (US & Canada)", "url": "http://t.co/MBuagCc1vd", "profile_image_url": "http://pbs.twimg.com/profile_images/1479734318/IMG04_normal.JPG", "profile_use_background_image": true, "default_profile": true, "verified": false, "profile_link_color": "1DA1F2", "id_str": "23783299", "created_at": "Wed Mar 11 16:07:12 +0000 2009", "name": "Don", "screen_name": "wales4me", "has_extended_profile": false, "profile_sidebar_border_color": "C0DEED", "favourites_count": 18, "notifications": false, "following": false, "utc_offset": -25200, "status": {"in_reply_to_status_id": 922626142548344832, "source": "<a href=\"http://twitter.com/download/android\" rel=\"nofollow\">Twitter for Android</a>", "id": 922648081220464641, "place": null, "in_reply_to_user_id_str": "824704724117057536", "retweet_count": 0, "is_quote_status": false, "lang": "en", "favorite_count": 0, "in_reply_to_status_id_str": "922626142548344832", "contributors": null, "in_reply_to_screen_name": "putinsgay", "entities": {"symbols": [], "user_mentions": [{"id_str": "824704724117057536", "name": "JDP", "indices": [0, 10], "id": 824704724117057536, "screen_name": "putinsgay"}, {"id_str": "757731953281904640", "name": "SL", "indices": [11, 24], "id": 757731953281904640, "screen_name": "SLandinSoCal"}, {"id_str": "25073877", "name": "Donald J. Trump", "indices": [25, 41], "id": 25073877, "screen_name": "realDonaldTrump"}, {"id_str": "822215679726100480", "name": "President Trump", "indices": [42, 48], "id": 822215679726100480, "screen_name": "POTUS"}], "hashtags": [], "urls": []}, "favorited": false, "truncated": false, "in_reply_to_user_id": 824704724117057536, "id_str": "922648081220464641", "created_at": "Tue Oct 24 02:16:59 +0000 2017", "text": "@putinsgay @SLandinSoCal @realDonaldTrump @POTUS TRUE!", "retweeted": false, "coordinates": null, "geo": null}, "profile_background_image_url": "http://abs.twimg.com/images/themes/theme1/bg.png", "is_translator": false}
2017-10-25T20:00:03.730033	{"id_str": "23783299", "contributors_enabled": false, "status": {"id_str": "922648081220464641", "coordinates": null, "in_reply_to_screen_name": "putinsgay", "entities": {"user_mentions": [{"id_str": "824704724117057536", "screen_name": "putinsgay", "id": 824704724117057536, "name": "JDP", "indices": [0, 10]}, {"id_str": "757731953281904640", "screen_name": "SLandinSoCal", "id": 757731953281904640, "name": "SL", "indices": [11, 24]}, {"id_str": "25073877", "screen_name": "realDonaldTrump", "id": 25073877, "name": "Donald J. Trump", "indices": [25, 41]}, {"id_str": "822215679726100480", "screen_name": "POTUS", "id": 822215679726100480, "name": "President Trump", "indices": [42, 48]}], "hashtags": [], "urls": [], "symbols": []}, "in_reply_to_status_id": 922626142548344832, "in_reply_to_user_id": 824704724117057536, "retweeted": false, "truncated": false, "in_reply_to_user_id_str": "824704724117057536", "in_reply_to_status_id_str": "922626142548344832", "lang": "en", "text": "@putinsgay @SLandinSoCal @realDonaldTrump @POTUS TRUE!", "favorite_count": 0, "contributors": null, "retweet_count": 0, "geo": null, "id": 922648081220464641, "place": null, "created_at": "Tue Oct 24 02:16:59 +0000 2017", "source": "<a href=\"http://twitter.com/download/android\" rel=\"nofollow\">Twitter for Android</a>", "is_quote_status": false, "favorited": false}, "url": "http://t.co/MBuagCc1vd", "entities": {"url": {"urls": [{"url": "http://t.co/MBuagCc1vd", "display_url": "twitter.com/wales4me", "expanded_url": "https://twitter.com/wales4me", "indices": [0, 22]}]}, "description": {"urls": []}}, "profile_use_background_image": true, "profile_background_image_url": "http://abs.twimg.com/images/themes/theme1/bg.png", "profile_sidebar_fill_color": "DDEEF6", "time_zone": "Pacific Time (US & Canada)", "has_extended_profile": false, "default_profile": true, "description": "Enjoying retirement", "listed_count": 0, "profile_background_tile": false, "profile_sidebar_border_color": "C0DEED", "lang": "en", "protected": false, "followers_count": 1, "profile_link_color": "1DA1F2", "notifications": false, "id": 23783299, "name": "Don", "profile_background_image_url_https": "https://abs.twimg.com/images/themes/theme1/bg.png", "friends_count": 38, "profile_text_color": "333333", "screen_name": "wales4me", "verified": false, "profile_background_color": "C0DEED", "favourites_count": 18, "is_translator": false, "default_profile_image": false, "following": false, "created_at": "Wed Mar 11 16:07:12 +0000 2009", "follow_request_sent": false, "is_translation_enabled": false, "utc_offset": -25200, "profile_image_url": "http://pbs.twimg.com/profile_images/1479734318/IMG04_normal.JPG", "profile_image_url_https": "https://pbs.twimg.com/profile_images/1479734318/IMG04_normal.JPG", "translator_type": "none", "location": "Concord, California", "geo_enabled": false, "statuses_count": 26}
2017-10-25T21:00:04.335202	{"follow_request_sent": false, "profile_background_image_url_https": "https://abs.twimg.com/images/themes/theme1/bg.png", "verified": false, "profile_use_background_image": true, "geo_enabled": false, "profile_image_url": "http://pbs.twimg.com/profile_images/1479734318/IMG04_normal.JPG", "profile_background_tile": false, "name": "Don", "utc_offset": -25200, "profile_image_url_https": "https://pbs.twimg.com/profile_images/1479734318/IMG04_normal.JPG", "description": "Enjoying retirement", "favourites_count": 18, "default_profile": true, "profile_sidebar_fill_color": "DDEEF6", "following": false, "listed_count": 0, "followers_count": 1, "translator_type": "none", "entities": {"url": {"urls": [{"url": "http://t.co/MBuagCc1vd", "display_url": "twitter.com/wales4me", "indices": [0, 22], "expanded_url": "https://twitter.com/wales4me"}]}, "description": {"urls": []}}, "profile_background_image_url": "http://abs.twimg.com/images/themes/theme1/bg.png", "profile_link_color": "1DA1F2", "statuses_count": 26, "default_profile_image": false, "url": "http://t.co/MBuagCc1vd", "profile_background_color": "C0DEED", "profile_sidebar_border_color": "C0DEED", "id": 23783299, "status": {"in_reply_to_user_id_str": "824704724117057536", "lang": "en", "favorite_count": 0, "contributors": null, "in_reply_to_user_id": 824704724117057536, "truncated": false, "retweet_count": 0, "entities": {"urls": [], "hashtags": [], "symbols": [], "user_mentions": [{"name": "JDP", "id_str": "824704724117057536", "id": 824704724117057536, "screen_name": "putinsgay", "indices": [0, 10]}, {"name": "SL", "id_str": "757731953281904640", "id": 757731953281904640, "screen_name": "SLandinSoCal", "indices": [11, 24]}, {"name": "Donald J. Trump", "id_str": "25073877", "id": 25073877, "screen_name": "realDonaldTrump", "indices": [25, 41]}, {"name": "President Trump", "id_str": "822215679726100480", "id": 822215679726100480, "screen_name": "POTUS", "indices": [42, 48]}]}, "is_quote_status": false, "id_str": "922648081220464641", "in_reply_to_status_id_str": "922626142548344832", "favorited": false, "id": 922648081220464641, "in_reply_to_screen_name": "putinsgay", "in_reply_to_status_id": 922626142548344832, "retweeted": false, "text": "@putinsgay @SLandinSoCal @realDonaldTrump @POTUS TRUE!", "coordinates": null, "created_at": "Tue Oct 24 02:16:59 +0000 2017", "source": "<a href=\"http://twitter.com/download/android\" rel=\"nofollow\">Twitter for Android</a>", "place": null, "geo": null}, "time_zone": "Pacific Time (US & Canada)", "location": "Concord, California", "friends_count": 38, "has_extended_profile": false, "is_translation_enabled": false, "lang": "en", "is_translator": false, "profile_text_color": "333333", "notifications": false, "id_str": "23783299", "created_at": "Wed Mar 11 16:07:12 +0000 2009", "protected": false, "screen_name": "wales4me", "contributors_enabled": false}
2017-10-25T22:00:04.168061	{"id": 23783299, "profile_background_image_url_https": "https://abs.twimg.com/images/themes/theme1/bg.png", "protected": false, "profile_link_color": "1DA1F2", "location": "Concord, California", "profile_background_image_url": "http://abs.twimg.com/images/themes/theme1/bg.png", "profile_background_tile": false, "name": "Don", "followers_count": 1, "has_extended_profile": false, "id_str": "23783299", "favourites_count": 18, "statuses_count": 26, "profile_use_background_image": true, "profile_sidebar_fill_color": "DDEEF6", "is_translator": false, "profile_image_url": "http://pbs.twimg.com/profile_images/1479734318/IMG04_normal.JPG", "translator_type": "none", "created_at": "Wed Mar 11 16:07:12 +0000 2009", "verified": false, "status": {"is_quote_status": false, "id": 922648081220464641, "favorited": false, "in_reply_to_screen_name": "putinsgay", "in_reply_to_status_id": 922626142548344832, "favorite_count": 0, "contributors": null, "source": "<a href=\"http://twitter.com/download/android\" rel=\"nofollow\">Twitter for Android</a>", "in_reply_to_user_id": 824704724117057536, "in_reply_to_user_id_str": "824704724117057536", "geo": null, "coordinates": null, "created_at": "Tue Oct 24 02:16:59 +0000 2017", "in_reply_to_status_id_str": "922626142548344832", "text": "@putinsgay @SLandinSoCal @realDonaldTrump @POTUS TRUE!", "id_str": "922648081220464641", "truncated": false, "entities": {"hashtags": [], "user_mentions": [{"id_str": "824704724117057536", "id": 824704724117057536, "screen_name": "putinsgay", "indices": [0, 10], "name": "JDP"}, {"id_str": "757731953281904640", "id": 757731953281904640, "screen_name": "SLandinSoCal", "indices": [11, 24], "name": "SL"}, {"id_str": "25073877", "id": 25073877, "screen_name": "realDonaldTrump", "indices": [25, 41], "name": "Donald J. Trump"}, {"id_str": "822215679726100480", "id": 822215679726100480, "screen_name": "POTUS", "indices": [42, 48], "name": "President Trump"}], "symbols": [], "urls": []}, "retweet_count": 0, "lang": "en", "retweeted": false, "place": null}, "default_profile_image": false, "description": "Enjoying retirement", "contributors_enabled": false, "geo_enabled": false, "screen_name": "wales4me", "profile_sidebar_border_color": "C0DEED", "notifications": false, "time_zone": "Pacific Time (US & Canada)", "follow_request_sent": false, "profile_background_color": "C0DEED", "entities": {"description": {"urls": []}, "url": {"urls": [{"expanded_url": "https://twitter.com/wales4me", "display_url": "twitter.com/wales4me", "indices": [0, 22], "url": "http://t.co/MBuagCc1vd"}]}}, "default_profile": true, "profile_text_color": "333333", "utc_offset": -25200, "is_translation_enabled": false, "listed_count": 0, "following": false, "url": "http://t.co/MBuagCc1vd", "friends_count": 38, "lang": "en", "profile_image_url_https": "https://pbs.twimg.com/profile_images/1479734318/IMG04_normal.JPG"}
2017-10-25T23:00:03.762342	{"default_profile_image": false, "profile_background_image_url_https": "https://abs.twimg.com/images/themes/theme1/bg.png", "entities": {"url": {"urls": [{"url": "http://t.co/MBuagCc1vd", "display_url": "twitter.com/wales4me", "expanded_url": "https://twitter.com/wales4me", "indices": [0, 22]}]}, "description": {"urls": []}}, "name": "Don", "favourites_count": 18, "profile_image_url": "http://pbs.twimg.com/profile_images/1479734318/IMG04_normal.JPG", "is_translation_enabled": false, "profile_background_tile": false, "profile_background_color": "C0DEED", "default_profile": true, "profile_sidebar_fill_color": "DDEEF6", "profile_text_color": "333333", "profile_sidebar_border_color": "C0DEED", "lang": "en", "id_str": "23783299", "notifications": false, "friends_count": 38, "contributors_enabled": false, "followers_count": 1, "profile_use_background_image": true, "verified": false, "has_extended_profile": false, "time_zone": "Pacific Time (US & Canada)", "location": "Concord, California", "listed_count": 0, "description": "Enjoying retirement", "following": false, "screen_name": "wales4me", "utc_offset": -25200, "statuses_count": 26, "profile_image_url_https": "https://pbs.twimg.com/profile_images/1479734318/IMG04_normal.JPG", "profile_background_image_url": "http://abs.twimg.com/images/themes/theme1/bg.png", "url": "http://t.co/MBuagCc1vd", "created_at": "Wed Mar 11 16:07:12 +0000 2009", "is_translator": false, "protected": false, "follow_request_sent": false, "id": 23783299, "geo_enabled": false, "translator_type": "none", "status": {"entities": {"urls": [], "hashtags": [], "symbols": [], "user_mentions": [{"id": 824704724117057536, "screen_name": "putinsgay", "indices": [0, 10], "name": "JDP", "id_str": "824704724117057536"}, {"id": 757731953281904640, "screen_name": "SLandinSoCal", "indices": [11, 24], "name": "SL", "id_str": "757731953281904640"}, {"id": 25073877, "screen_name": "realDonaldTrump", "indices": [25, 41], "name": "Donald J. Trump", "id_str": "25073877"}, {"id": 822215679726100480, "screen_name": "POTUS", "indices": [42, 48], "name": "President Trump", "id_str": "822215679726100480"}]}, "id": 922648081220464641, "retweeted": false, "geo": null, "in_reply_to_status_id_str": "922626142548344832", "in_reply_to_status_id": 922626142548344832, "retweet_count": 0, "is_quote_status": false, "id_str": "922648081220464641", "in_reply_to_user_id_str": "824704724117057536", "source": "<a href=\"http://twitter.com/download/android\" rel=\"nofollow\">Twitter for Android</a>", "text": "@putinsgay @SLandinSoCal @realDonaldTrump @POTUS TRUE!", "contributors": null, "favorited": false, "truncated": false, "created_at": "Tue Oct 24 02:16:59 +0000 2017", "in_reply_to_user_id": 824704724117057536, "in_reply_to_screen_name": "putinsgay", "coordinates": null, "place": null, "favorite_count": 0, "lang": "en"}, "profile_link_color": "1DA1F2"}
2017-10-26T00:00:03.650995	{"entities": {"description": {"urls": []}, "url": {"urls": [{"expanded_url": "https://twitter.com/wales4me", "indices": [0, 22], "url": "http://t.co/MBuagCc1vd", "display_url": "twitter.com/wales4me"}]}}, "profile_image_url_https": "https://pbs.twimg.com/profile_images/1479734318/IMG04_normal.JPG", "favourites_count": 18, "verified": false, "notifications": false, "id_str": "23783299", "profile_sidebar_border_color": "C0DEED", "profile_background_image_url": "http://abs.twimg.com/images/themes/theme1/bg.png", "followers_count": 1, "is_translation_enabled": false, "profile_background_color": "C0DEED", "protected": false, "utc_offset": -25200, "lang": "en", "has_extended_profile": false, "profile_image_url": "http://pbs.twimg.com/profile_images/1479734318/IMG04_normal.JPG", "id": 23783299, "name": "Don", "default_profile_image": false, "profile_link_color": "1DA1F2", "following": false, "status": {"entities": {"symbols": [], "urls": [], "hashtags": [], "user_mentions": [{"name": "JDP", "indices": [0, 10], "id_str": "824704724117057536", "screen_name": "putinsgay", "id": 824704724117057536}, {"name": "SL", "indices": [11, 24], "id_str": "757731953281904640", "screen_name": "SLandinSoCal", "id": 757731953281904640}, {"name": "Donald J. Trump", "indices": [25, 41], "id_str": "25073877", "screen_name": "realDonaldTrump", "id": 25073877}, {"name": "President Trump", "indices": [42, 48], "id_str": "822215679726100480", "screen_name": "POTUS", "id": 822215679726100480}]}, "source": "<a href=\"http://twitter.com/download/android\" rel=\"nofollow\">Twitter for Android</a>", "in_reply_to_screen_name": "putinsgay", "contributors": null, "id_str": "922648081220464641", "is_quote_status": false, "lang": "en", "place": null, "in_reply_to_status_id_str": "922626142548344832", "retweet_count": 0, "in_reply_to_user_id": 824704724117057536, "truncated": false, "favorited": false, "text": "@putinsgay @SLandinSoCal @realDonaldTrump @POTUS TRUE!", "geo": null, "coordinates": null, "in_reply_to_status_id": 922626142548344832, "id": 922648081220464641, "in_reply_to_user_id_str": "824704724117057536", "favorite_count": 0, "created_at": "Tue Oct 24 02:16:59 +0000 2017", "retweeted": false}, "contributors_enabled": false, "url": "http://t.co/MBuagCc1vd", "statuses_count": 26, "geo_enabled": false, "location": "Concord, California", "profile_background_image_url_https": "https://abs.twimg.com/images/themes/theme1/bg.png", "profile_background_tile": false, "is_translator": false, "default_profile": true, "time_zone": "Pacific Time (US & Canada)", "profile_use_background_image": true, "profile_text_color": "333333", "translator_type": "none", "follow_request_sent": false, "created_at": "Wed Mar 11 16:07:12 +0000 2009", "friends_count": 38, "screen_name": "wales4me", "description": "Enjoying retirement", "listed_count": 0, "profile_sidebar_fill_color": "DDEEF6"}
2017-10-26T01:00:03.408944	{"profile_link_color": "1DA1F2", "description": "Enjoying retirement", "protected": false, "verified": false, "is_translator": false, "translator_type": "none", "url": "http://t.co/MBuagCc1vd", "profile_use_background_image": true, "has_extended_profile": false, "id": 23783299, "notifications": false, "lang": "en", "statuses_count": 26, "entities": {"description": {"urls": []}, "url": {"urls": [{"expanded_url": "https://twitter.com/wales4me", "display_url": "twitter.com/wales4me", "indices": [0, 22], "url": "http://t.co/MBuagCc1vd"}]}}, "profile_image_url_https": "https://pbs.twimg.com/profile_images/1479734318/IMG04_normal.JPG", "profile_background_color": "C0DEED", "is_translation_enabled": false, "id_str": "23783299", "following": false, "name": "Don", "time_zone": "Pacific Time (US & Canada)", "created_at": "Wed Mar 11 16:07:12 +0000 2009", "profile_sidebar_border_color": "C0DEED", "favourites_count": 18, "profile_background_image_url": "http://abs.twimg.com/images/themes/theme1/bg.png", "default_profile_image": false, "utc_offset": -25200, "profile_sidebar_fill_color": "DDEEF6", "follow_request_sent": false, "contributors_enabled": false, "profile_text_color": "333333", "status": {"truncated": false, "lang": "en", "coordinates": null, "id": 922648081220464641, "in_reply_to_status_id": 922626142548344832, "retweeted": false, "place": null, "id_str": "922648081220464641", "source": "<a href=\"http://twitter.com/download/android\" rel=\"nofollow\">Twitter for Android</a>", "contributors": null, "created_at": "Tue Oct 24 02:16:59 +0000 2017", "retweet_count": 0, "is_quote_status": false, "in_reply_to_screen_name": "putinsgay", "favorited": false, "text": "@putinsgay @SLandinSoCal @realDonaldTrump @POTUS TRUE!", "in_reply_to_user_id_str": "824704724117057536", "favorite_count": 0, "geo": null, "entities": {"urls": [], "symbols": [], "hashtags": [], "user_mentions": [{"name": "JDP", "screen_name": "putinsgay", "indices": [0, 10], "id": 824704724117057536, "id_str": "824704724117057536"}, {"name": "SL", "screen_name": "SLandinSoCal", "indices": [11, 24], "id": 757731953281904640, "id_str": "757731953281904640"}, {"name": "Donald J. Trump", "screen_name": "realDonaldTrump", "indices": [25, 41], "id": 25073877, "id_str": "25073877"}, {"name": "President Trump", "screen_name": "POTUS", "indices": [42, 48], "id": 822215679726100480, "id_str": "822215679726100480"}]}, "in_reply_to_status_id_str": "922626142548344832", "in_reply_to_user_id": 824704724117057536}, "listed_count": 0, "followers_count": 1, "profile_background_image_url_https": "https://abs.twimg.com/images/themes/theme1/bg.png", "screen_name": "wales4me", "default_profile": true, "location": "Concord, California", "geo_enabled": false, "profile_background_tile": false, "profile_image_url": "http://pbs.twimg.com/profile_images/1479734318/IMG04_normal.JPG", "friends_count": 38}
2017-10-26T02:00:04.504790	{"profile_background_color": "C0DEED", "profile_image_url_https": "https://pbs.twimg.com/profile_images/1479734318/IMG04_normal.JPG", "profile_link_color": "1DA1F2", "profile_use_background_image": true, "entities": {"description": {"urls": []}, "url": {"urls": [{"display_url": "twitter.com/wales4me", "indices": [0, 22], "url": "http://t.co/MBuagCc1vd", "expanded_url": "https://twitter.com/wales4me"}]}}, "geo_enabled": false, "profile_image_url": "http://pbs.twimg.com/profile_images/1479734318/IMG04_normal.JPG", "profile_sidebar_border_color": "C0DEED", "default_profile_image": false, "profile_sidebar_fill_color": "DDEEF6", "is_translation_enabled": false, "statuses_count": 26, "default_profile": true, "verified": false, "follow_request_sent": false, "profile_background_image_url": "http://abs.twimg.com/images/themes/theme1/bg.png", "friends_count": 38, "description": "Enjoying retirement", "time_zone": "Pacific Time (US & Canada)", "name": "Don", "created_at": "Wed Mar 11 16:07:12 +0000 2009", "translator_type": "none", "url": "http://t.co/MBuagCc1vd", "profile_text_color": "333333", "contributors_enabled": false, "id": 23783299, "id_str": "23783299", "following": false, "location": "Concord, California", "lang": "en", "profile_background_tile": false, "has_extended_profile": false, "protected": false, "screen_name": "wales4me", "followers_count": 1, "status": {"id_str": "922648081220464641", "retweet_count": 0, "favorite_count": 0, "coordinates": null, "text": "@putinsgay @SLandinSoCal @realDonaldTrump @POTUS TRUE!", "favorited": false, "in_reply_to_screen_name": "putinsgay", "in_reply_to_user_id_str": "824704724117057536", "contributors": null, "source": "<a href=\"http://twitter.com/download/android\" rel=\"nofollow\">Twitter for Android</a>", "in_reply_to_status_id": 922626142548344832, "place": null, "id": 922648081220464641, "truncated": false, "entities": {"urls": [], "symbols": [], "hashtags": [], "user_mentions": [{"indices": [0, 10], "name": "JDP", "id": 824704724117057536, "screen_name": "putinsgay", "id_str": "824704724117057536"}, {"indices": [11, 24], "name": "SL", "id": 757731953281904640, "screen_name": "SLandinSoCal", "id_str": "757731953281904640"}, {"indices": [25, 41], "name": "Donald J. Trump", "id": 25073877, "screen_name": "realDonaldTrump", "id_str": "25073877"}, {"indices": [42, 48], "name": "President Trump", "id": 822215679726100480, "screen_name": "POTUS", "id_str": "822215679726100480"}]}, "created_at": "Tue Oct 24 02:16:59 +0000 2017", "is_quote_status": false, "in_reply_to_user_id": 824704724117057536, "geo": null, "retweeted": false, "lang": "en", "in_reply_to_status_id_str": "922626142548344832"}, "utc_offset": -25200, "listed_count": 0, "notifications": false, "favourites_count": 18, "profile_background_image_url_https": "https://abs.twimg.com/images/themes/theme1/bg.png", "is_translator": false}
2017-10-26T03:00:03.994357	{"status": {"in_reply_to_user_id_str": "824704724117057536", "in_reply_to_screen_name": "putinsgay", "in_reply_to_status_id": 922626142548344832, "retweeted": false, "favorite_count": 0, "is_quote_status": false, "id_str": "922648081220464641", "favorited": false, "coordinates": null, "geo": null, "in_reply_to_user_id": 824704724117057536, "lang": "en", "text": "@putinsgay @SLandinSoCal @realDonaldTrump @POTUS TRUE!", "truncated": false, "place": null, "created_at": "Tue Oct 24 02:16:59 +0000 2017", "retweet_count": 0, "contributors": null, "entities": {"symbols": [], "urls": [], "hashtags": [], "user_mentions": [{"indices": [0, 10], "name": "JDP", "id_str": "824704724117057536", "screen_name": "putinsgay", "id": 824704724117057536}, {"indices": [11, 24], "name": "SL", "id_str": "757731953281904640", "screen_name": "SLandinSoCal", "id": 757731953281904640}, {"indices": [25, 41], "name": "Donald J. Trump", "id_str": "25073877", "screen_name": "realDonaldTrump", "id": 25073877}, {"indices": [42, 48], "name": "President Trump", "id_str": "822215679726100480", "screen_name": "POTUS", "id": 822215679726100480}]}, "source": "<a href=\"http://twitter.com/download/android\" rel=\"nofollow\">Twitter for Android</a>", "in_reply_to_status_id_str": "922626142548344832", "id": 922648081220464641}, "profile_image_url_https": "https://pbs.twimg.com/profile_images/1479734318/IMG04_normal.JPG", "favourites_count": 18, "contributors_enabled": false, "profile_background_image_url_https": "https://abs.twimg.com/images/themes/theme1/bg.png", "screen_name": "wales4me", "time_zone": "Pacific Time (US & Canada)", "protected": false, "profile_image_url": "http://pbs.twimg.com/profile_images/1479734318/IMG04_normal.JPG", "has_extended_profile": false, "notifications": false, "is_translator": false, "profile_background_image_url": "http://abs.twimg.com/images/themes/theme1/bg.png", "id_str": "23783299", "listed_count": 0, "location": "Concord, California", "following": false, "default_profile_image": false, "statuses_count": 26, "url": "http://t.co/MBuagCc1vd", "translator_type": "none", "followers_count": 1, "name": "Don", "is_translation_enabled": false, "profile_background_color": "C0DEED", "utc_offset": -25200, "geo_enabled": false, "lang": "en", "description": "Enjoying retirement", "profile_sidebar_border_color": "C0DEED", "follow_request_sent": false, "profile_sidebar_fill_color": "DDEEF6", "created_at": "Wed Mar 11 16:07:12 +0000 2009", "profile_use_background_image": true, "friends_count": 38, "default_profile": true, "profile_link_color": "1DA1F2", "profile_background_tile": false, "entities": {"description": {"urls": []}, "url": {"urls": [{"indices": [0, 22], "display_url": "twitter.com/wales4me", "expanded_url": "https://twitter.com/wales4me", "url": "http://t.co/MBuagCc1vd"}]}}, "verified": false, "profile_text_color": "333333", "id": 23783299}
2017-10-26T04:00:03.983684	{"location": "Concord, California", "protected": false, "lang": "en", "notifications": false, "profile_link_color": "1DA1F2", "has_extended_profile": false, "favourites_count": 18, "profile_background_image_url": "http://abs.twimg.com/images/themes/theme1/bg.png", "profile_sidebar_fill_color": "DDEEF6", "verified": false, "id": 23783299, "created_at": "Wed Mar 11 16:07:12 +0000 2009", "url": "http://t.co/MBuagCc1vd", "profile_background_image_url_https": "https://abs.twimg.com/images/themes/theme1/bg.png", "listed_count": 0, "name": "Don", "statuses_count": 26, "follow_request_sent": false, "profile_text_color": "333333", "entities": {"url": {"urls": [{"indices": [0, 22], "url": "http://t.co/MBuagCc1vd", "expanded_url": "https://twitter.com/wales4me", "display_url": "twitter.com/wales4me"}]}, "description": {"urls": []}}, "utc_offset": -25200, "friends_count": 38, "profile_image_url_https": "https://pbs.twimg.com/profile_images/1479734318/IMG04_normal.JPG", "following": false, "time_zone": "Pacific Time (US & Canada)", "profile_use_background_image": true, "translator_type": "none", "screen_name": "wales4me", "is_translation_enabled": false, "profile_image_url": "http://pbs.twimg.com/profile_images/1479734318/IMG04_normal.JPG", "followers_count": 1, "default_profile_image": false, "status": {"lang": "en", "in_reply_to_screen_name": "putinsgay", "text": "@putinsgay @SLandinSoCal @realDonaldTrump @POTUS TRUE!", "id": 922648081220464641, "created_at": "Tue Oct 24 02:16:59 +0000 2017", "favorite_count": 0, "contributors": null, "favorited": false, "in_reply_to_user_id": 824704724117057536, "retweet_count": 0, "entities": {"hashtags": [], "symbols": [], "urls": [], "user_mentions": [{"name": "JDP", "screen_name": "putinsgay", "id": 824704724117057536, "indices": [0, 10], "id_str": "824704724117057536"}, {"name": "SL", "screen_name": "SLandinSoCal", "id": 757731953281904640, "indices": [11, 24], "id_str": "757731953281904640"}, {"name": "Donald J. Trump", "screen_name": "realDonaldTrump", "id": 25073877, "indices": [25, 41], "id_str": "25073877"}, {"name": "President Trump", "screen_name": "POTUS", "id": 822215679726100480, "indices": [42, 48], "id_str": "822215679726100480"}]}, "coordinates": null, "place": null, "in_reply_to_status_id_str": "922626142548344832", "in_reply_to_status_id": 922626142548344832, "retweeted": false, "is_quote_status": false, "id_str": "922648081220464641", "in_reply_to_user_id_str": "824704724117057536", "geo": null, "truncated": false, "source": "<a href=\"http://twitter.com/download/android\" rel=\"nofollow\">Twitter for Android</a>"}, "profile_background_tile": false, "contributors_enabled": false, "profile_background_color": "C0DEED", "is_translator": false, "description": "Enjoying retirement", "default_profile": true, "profile_sidebar_border_color": "C0DEED", "geo_enabled": false, "id_str": "23783299"}
2017-10-26T05:00:03.579937	{"is_translator": false, "notifications": false, "has_extended_profile": false, "location": "Concord, California", "description": "Enjoying retirement", "name": "Don", "profile_background_image_url_https": "https://abs.twimg.com/images/themes/theme1/bg.png", "is_translation_enabled": false, "profile_link_color": "1DA1F2", "entities": {"url": {"urls": [{"url": "http://t.co/MBuagCc1vd", "display_url": "twitter.com/wales4me", "expanded_url": "https://twitter.com/wales4me", "indices": [0, 22]}]}, "description": {"urls": []}}, "followers_count": 1, "url": "http://t.co/MBuagCc1vd", "profile_sidebar_fill_color": "DDEEF6", "following": false, "default_profile": true, "contributors_enabled": false, "profile_image_url": "http://pbs.twimg.com/profile_images/1479734318/IMG04_normal.JPG", "protected": false, "statuses_count": 26, "translator_type": "none", "profile_sidebar_border_color": "C0DEED", "profile_background_image_url": "http://abs.twimg.com/images/themes/theme1/bg.png", "time_zone": "Pacific Time (US & Canada)", "verified": false, "created_at": "Wed Mar 11 16:07:12 +0000 2009", "follow_request_sent": false, "default_profile_image": false, "favourites_count": 18, "id": 23783299, "profile_text_color": "333333", "profile_background_tile": false, "friends_count": 38, "screen_name": "wales4me", "lang": "en", "profile_background_color": "C0DEED", "id_str": "23783299", "profile_use_background_image": true, "utc_offset": -25200, "profile_image_url_https": "https://pbs.twimg.com/profile_images/1479734318/IMG04_normal.JPG", "status": {"entities": {"urls": [], "symbols": [], "hashtags": [], "user_mentions": [{"screen_name": "putinsgay", "indices": [0, 10], "id_str": "824704724117057536", "id": 824704724117057536, "name": "JDP"}, {"screen_name": "SLandinSoCal", "indices": [11, 24], "id_str": "757731953281904640", "id": 757731953281904640, "name": "SL"}, {"screen_name": "realDonaldTrump", "indices": [25, 41], "id_str": "25073877", "id": 25073877, "name": "Donald J. Trump"}, {"screen_name": "POTUS", "indices": [42, 48], "id_str": "822215679726100480", "id": 822215679726100480, "name": "President Trump"}]}, "in_reply_to_user_id": 824704724117057536, "is_quote_status": false, "in_reply_to_status_id_str": "922626142548344832", "in_reply_to_status_id": 922626142548344832, "in_reply_to_screen_name": "putinsgay", "favorited": false, "retweeted": false, "retweet_count": 0, "geo": null, "source": "<a href=\"http://twitter.com/download/android\" rel=\"nofollow\">Twitter for Android</a>", "in_reply_to_user_id_str": "824704724117057536", "created_at": "Tue Oct 24 02:16:59 +0000 2017", "coordinates": null, "id": 922648081220464641, "contributors": null, "place": null, "lang": "en", "truncated": false, "id_str": "922648081220464641", "favorite_count": 0, "text": "@putinsgay @SLandinSoCal @realDonaldTrump @POTUS TRUE!"}, "listed_count": 0, "geo_enabled": false}
2017-10-26T06:00:04.077607	{"protected": false, "default_profile": true, "id": 23783299, "lang": "en", "profile_link_color": "1DA1F2", "url": "http://t.co/MBuagCc1vd", "status": {"favorited": false, "is_quote_status": false, "in_reply_to_status_id_str": "922626142548344832", "source": "<a href=\"http://twitter.com/download/android\" rel=\"nofollow\">Twitter for Android</a>", "place": null, "text": "@putinsgay @SLandinSoCal @realDonaldTrump @POTUS TRUE!", "id": 922648081220464641, "id_str": "922648081220464641", "in_reply_to_user_id": 824704724117057536, "in_reply_to_screen_name": "putinsgay", "retweeted": false, "lang": "en", "truncated": false, "geo": null, "created_at": "Tue Oct 24 02:16:59 +0000 2017", "in_reply_to_status_id": 922626142548344832, "coordinates": null, "retweet_count": 0, "entities": {"urls": [], "symbols": [], "hashtags": [], "user_mentions": [{"name": "JDP", "indices": [0, 10], "id": 824704724117057536, "id_str": "824704724117057536", "screen_name": "putinsgay"}, {"name": "SL", "indices": [11, 24], "id": 757731953281904640, "id_str": "757731953281904640", "screen_name": "SLandinSoCal"}, {"name": "Donald J. Trump", "indices": [25, 41], "id": 25073877, "id_str": "25073877", "screen_name": "realDonaldTrump"}, {"name": "President Trump", "indices": [42, 48], "id": 822215679726100480, "id_str": "822215679726100480", "screen_name": "POTUS"}]}, "contributors": null, "in_reply_to_user_id_str": "824704724117057536", "favorite_count": 0}, "default_profile_image": false, "followers_count": 1, "utc_offset": -25200, "id_str": "23783299", "has_extended_profile": false, "verified": false, "translator_type": "none", "follow_request_sent": false, "profile_image_url": "http://pbs.twimg.com/profile_images/1479734318/IMG04_normal.JPG", "statuses_count": 26, "following": false, "profile_image_url_https": "https://pbs.twimg.com/profile_images/1479734318/IMG04_normal.JPG", "description": "Enjoying retirement", "is_translation_enabled": false, "listed_count": 0, "name": "Don", "profile_text_color": "333333", "contributors_enabled": false, "screen_name": "wales4me", "geo_enabled": false, "created_at": "Wed Mar 11 16:07:12 +0000 2009", "profile_sidebar_fill_color": "DDEEF6", "time_zone": "Pacific Time (US & Canada)", "is_translator": false, "profile_background_color": "C0DEED", "profile_background_image_url_https": "https://abs.twimg.com/images/themes/theme1/bg.png", "profile_use_background_image": true, "entities": {"description": {"urls": []}, "url": {"urls": [{"indices": [0, 22], "expanded_url": "https://twitter.com/wales4me", "display_url": "twitter.com/wales4me", "url": "http://t.co/MBuagCc1vd"}]}}, "profile_background_image_url": "http://abs.twimg.com/images/themes/theme1/bg.png", "favourites_count": 18, "friends_count": 38, "profile_sidebar_border_color": "C0DEED", "profile_background_tile": false, "location": "Concord, California", "notifications": false}
2017-10-26T07:00:03.471475	{"profile_background_image_url": "http://abs.twimg.com/images/themes/theme1/bg.png", "is_translator": false, "default_profile_image": false, "profile_background_tile": false, "following": false, "location": "Concord, California", "profile_text_color": "333333", "lang": "en", "geo_enabled": false, "has_extended_profile": false, "profile_image_url_https": "https://pbs.twimg.com/profile_images/1479734318/IMG04_normal.JPG", "time_zone": "Pacific Time (US & Canada)", "screen_name": "wales4me", "profile_sidebar_fill_color": "DDEEF6", "profile_use_background_image": true, "utc_offset": -25200, "friends_count": 38, "protected": false, "name": "Don", "profile_background_color": "C0DEED", "entities": {"description": {"urls": []}, "url": {"urls": [{"expanded_url": "https://twitter.com/wales4me", "indices": [0, 22], "url": "http://t.co/MBuagCc1vd", "display_url": "twitter.com/wales4me"}]}}, "profile_image_url": "http://pbs.twimg.com/profile_images/1479734318/IMG04_normal.JPG", "contributors_enabled": false, "translator_type": "none", "followers_count": 1, "is_translation_enabled": false, "description": "Enjoying retirement", "notifications": false, "favourites_count": 18, "verified": false, "statuses_count": 26, "listed_count": 0, "id_str": "23783299", "created_at": "Wed Mar 11 16:07:12 +0000 2009", "default_profile": true, "status": {"contributors": null, "truncated": false, "lang": "en", "coordinates": null, "is_quote_status": false, "in_reply_to_status_id": 922626142548344832, "in_reply_to_status_id_str": "922626142548344832", "source": "<a href=\"http://twitter.com/download/android\" rel=\"nofollow\">Twitter for Android</a>", "entities": {"symbols": [], "urls": [], "hashtags": [], "user_mentions": [{"name": "JDP", "indices": [0, 10], "screen_name": "putinsgay", "id": 824704724117057536, "id_str": "824704724117057536"}, {"name": "SL", "indices": [11, 24], "screen_name": "SLandinSoCal", "id": 757731953281904640, "id_str": "757731953281904640"}, {"name": "Donald J. Trump", "indices": [25, 41], "screen_name": "realDonaldTrump", "id": 25073877, "id_str": "25073877"}, {"name": "President Trump", "indices": [42, 48], "screen_name": "POTUS", "id": 822215679726100480, "id_str": "822215679726100480"}]}, "place": null, "favorited": false, "text": "@putinsgay @SLandinSoCal @realDonaldTrump @POTUS TRUE!", "in_reply_to_user_id": 824704724117057536, "in_reply_to_screen_name": "putinsgay", "favorite_count": 0, "id_str": "922648081220464641", "in_reply_to_user_id_str": "824704724117057536", "retweet_count": 0, "created_at": "Tue Oct 24 02:16:59 +0000 2017", "geo": null, "retweeted": false, "id": 922648081220464641}, "profile_background_image_url_https": "https://abs.twimg.com/images/themes/theme1/bg.png", "profile_sidebar_border_color": "C0DEED", "url": "http://t.co/MBuagCc1vd", "id": 23783299, "follow_request_sent": false, "profile_link_color": "1DA1F2"}
2017-10-26T08:00:04.096997	{"entities": {"url": {"urls": [{"url": "http://t.co/MBuagCc1vd", "display_url": "twitter.com/wales4me", "indices": [0, 22], "expanded_url": "https://twitter.com/wales4me"}]}, "description": {"urls": []}}, "lang": "en", "utc_offset": -25200, "profile_use_background_image": true, "description": "Enjoying retirement", "url": "http://t.co/MBuagCc1vd", "verified": false, "has_extended_profile": false, "follow_request_sent": false, "is_translation_enabled": false, "geo_enabled": false, "profile_image_url": "http://pbs.twimg.com/profile_images/1479734318/IMG04_normal.JPG", "profile_sidebar_fill_color": "DDEEF6", "profile_text_color": "333333", "name": "Don", "id_str": "23783299", "default_profile": true, "notifications": false, "profile_background_color": "C0DEED", "default_profile_image": false, "time_zone": "Pacific Time (US & Canada)", "profile_background_image_url_https": "https://abs.twimg.com/images/themes/theme1/bg.png", "protected": false, "profile_background_tile": false, "contributors_enabled": false, "profile_sidebar_border_color": "C0DEED", "friends_count": 38, "profile_link_color": "1DA1F2", "screen_name": "wales4me", "status": {"in_reply_to_user_id": 824704724117057536, "entities": {"symbols": [], "user_mentions": [{"id_str": "824704724117057536", "screen_name": "putinsgay", "indices": [0, 10], "id": 824704724117057536, "name": "JDP"}, {"id_str": "757731953281904640", "screen_name": "SLandinSoCal", "indices": [11, 24], "id": 757731953281904640, "name": "SL"}, {"id_str": "25073877", "screen_name": "realDonaldTrump", "indices": [25, 41], "id": 25073877, "name": "Donald J. Trump"}, {"id_str": "822215679726100480", "screen_name": "POTUS", "indices": [42, 48], "id": 822215679726100480, "name": "President Trump"}], "hashtags": [], "urls": []}, "lang": "en", "favorited": false, "in_reply_to_screen_name": "putinsgay", "source": "<a href=\"http://twitter.com/download/android\" rel=\"nofollow\">Twitter for Android</a>", "text": "@putinsgay @SLandinSoCal @realDonaldTrump @POTUS TRUE!", "contributors": null, "in_reply_to_status_id_str": "922626142548344832", "retweeted": false, "id_str": "922648081220464641", "is_quote_status": false, "in_reply_to_user_id_str": "824704724117057536", "truncated": false, "coordinates": null, "favorite_count": 0, "place": null, "geo": null, "in_reply_to_status_id": 922626142548344832, "id": 922648081220464641, "created_at": "Tue Oct 24 02:16:59 +0000 2017", "retweet_count": 0}, "listed_count": 0, "location": "Concord, California", "following": false, "profile_image_url_https": "https://pbs.twimg.com/profile_images/1479734318/IMG04_normal.JPG", "profile_background_image_url": "http://abs.twimg.com/images/themes/theme1/bg.png", "followers_count": 1, "id": 23783299, "favourites_count": 18, "translator_type": "none", "statuses_count": 26, "is_translator": false, "created_at": "Wed Mar 11 16:07:12 +0000 2009"}
2017-10-26T09:00:03.903384	{"is_translator": false, "profile_image_url_https": "https://pbs.twimg.com/profile_images/1479734318/IMG04_normal.JPG", "location": "Concord, California", "screen_name": "wales4me", "utc_offset": -25200, "protected": false, "name": "Don", "profile_background_image_url": "http://abs.twimg.com/images/themes/theme1/bg.png", "following": false, "is_translation_enabled": false, "id_str": "23783299", "profile_use_background_image": true, "profile_background_image_url_https": "https://abs.twimg.com/images/themes/theme1/bg.png", "profile_sidebar_fill_color": "DDEEF6", "time_zone": "Pacific Time (US & Canada)", "has_extended_profile": false, "lang": "en", "status": {"contributors": null, "lang": "en", "geo": null, "is_quote_status": false, "truncated": false, "place": null, "id_str": "922648081220464641", "in_reply_to_user_id_str": "824704724117057536", "retweet_count": 0, "in_reply_to_status_id_str": "922626142548344832", "in_reply_to_status_id": 922626142548344832, "coordinates": null, "favorited": false, "created_at": "Tue Oct 24 02:16:59 +0000 2017", "source": "<a href=\"http://twitter.com/download/android\" rel=\"nofollow\">Twitter for Android</a>", "id": 922648081220464641, "entities": {"hashtags": [], "urls": [], "symbols": [], "user_mentions": [{"id": 824704724117057536, "screen_name": "putinsgay", "indices": [0, 10], "name": "JDP", "id_str": "824704724117057536"}, {"id": 757731953281904640, "screen_name": "SLandinSoCal", "indices": [11, 24], "name": "SL", "id_str": "757731953281904640"}, {"id": 25073877, "screen_name": "realDonaldTrump", "indices": [25, 41], "name": "Donald J. Trump", "id_str": "25073877"}, {"id": 822215679726100480, "screen_name": "POTUS", "indices": [42, 48], "name": "President Trump", "id_str": "822215679726100480"}]}, "retweeted": false, "text": "@putinsgay @SLandinSoCal @realDonaldTrump @POTUS TRUE!", "in_reply_to_user_id": 824704724117057536, "favorite_count": 0, "in_reply_to_screen_name": "putinsgay"}, "contributors_enabled": false, "profile_text_color": "333333", "followers_count": 1, "profile_background_tile": false, "translator_type": "none", "created_at": "Wed Mar 11 16:07:12 +0000 2009", "follow_request_sent": false, "profile_background_color": "C0DEED", "profile_link_color": "1DA1F2", "id": 23783299, "description": "Enjoying retirement", "entities": {"description": {"urls": []}, "url": {"urls": [{"indices": [0, 22], "expanded_url": "https://twitter.com/wales4me", "url": "http://t.co/MBuagCc1vd", "display_url": "twitter.com/wales4me"}]}}, "favourites_count": 18, "listed_count": 0, "notifications": false, "profile_sidebar_border_color": "C0DEED", "url": "http://t.co/MBuagCc1vd", "statuses_count": 26, "friends_count": 38, "verified": false, "default_profile": true, "geo_enabled": false, "profile_image_url": "http://pbs.twimg.com/profile_images/1479734318/IMG04_normal.JPG", "default_profile_image": false}
2017-10-26T10:00:04.333491	{"contributors_enabled": false, "default_profile": true, "created_at": "Wed Mar 11 16:07:12 +0000 2009", "location": "Concord, California", "profile_image_url": "http://pbs.twimg.com/profile_images/1479734318/IMG04_normal.JPG", "screen_name": "wales4me", "favourites_count": 18, "listed_count": 0, "url": "http://t.co/MBuagCc1vd", "profile_background_tile": false, "verified": false, "followers_count": 1, "lang": "en", "translator_type": "none", "profile_background_color": "C0DEED", "time_zone": "Pacific Time (US & Canada)", "is_translation_enabled": false, "profile_background_image_url_https": "https://abs.twimg.com/images/themes/theme1/bg.png", "profile_link_color": "1DA1F2", "geo_enabled": false, "profile_image_url_https": "https://pbs.twimg.com/profile_images/1479734318/IMG04_normal.JPG", "has_extended_profile": false, "profile_text_color": "333333", "utc_offset": -25200, "profile_sidebar_fill_color": "DDEEF6", "is_translator": false, "status": {"truncated": false, "retweet_count": 0, "favorited": false, "coordinates": null, "in_reply_to_status_id_str": "922626142548344832", "contributors": null, "text": "@putinsgay @SLandinSoCal @realDonaldTrump @POTUS TRUE!", "in_reply_to_user_id": 824704724117057536, "in_reply_to_screen_name": "putinsgay", "place": null, "source": "<a href=\"http://twitter.com/download/android\" rel=\"nofollow\">Twitter for Android</a>", "lang": "en", "created_at": "Tue Oct 24 02:16:59 +0000 2017", "geo": null, "in_reply_to_user_id_str": "824704724117057536", "is_quote_status": false, "in_reply_to_status_id": 922626142548344832, "retweeted": false, "favorite_count": 0, "id_str": "922648081220464641", "entities": {"urls": [], "symbols": [], "hashtags": [], "user_mentions": [{"id_str": "824704724117057536", "id": 824704724117057536, "name": "JDP", "indices": [0, 10], "screen_name": "putinsgay"}, {"id_str": "757731953281904640", "id": 757731953281904640, "name": "SL", "indices": [11, 24], "screen_name": "SLandinSoCal"}, {"id_str": "25073877", "id": 25073877, "name": "Donald J. Trump", "indices": [25, 41], "screen_name": "realDonaldTrump"}, {"id_str": "822215679726100480", "id": 822215679726100480, "name": "President Trump", "indices": [42, 48], "screen_name": "POTUS"}]}, "id": 922648081220464641}, "statuses_count": 26, "notifications": false, "profile_sidebar_border_color": "C0DEED", "friends_count": 38, "description": "Enjoying retirement", "follow_request_sent": false, "name": "Don", "following": false, "profile_background_image_url": "http://abs.twimg.com/images/themes/theme1/bg.png", "profile_use_background_image": true, "id_str": "23783299", "protected": false, "entities": {"description": {"urls": []}, "url": {"urls": [{"indices": [0, 22], "url": "http://t.co/MBuagCc1vd", "expanded_url": "https://twitter.com/wales4me", "display_url": "twitter.com/wales4me"}]}}, "default_profile_image": false, "id": 23783299}
2017-10-26T11:00:04.789463	{"profile_image_url_https": "https://pbs.twimg.com/profile_images/1479734318/IMG04_normal.JPG", "profile_sidebar_border_color": "C0DEED", "listed_count": 0, "time_zone": "Pacific Time (US & Canada)", "name": "Don", "has_extended_profile": false, "location": "Concord, California", "friends_count": 38, "lang": "en", "notifications": false, "translator_type": "none", "created_at": "Wed Mar 11 16:07:12 +0000 2009", "profile_image_url": "http://pbs.twimg.com/profile_images/1479734318/IMG04_normal.JPG", "description": "Enjoying retirement", "entities": {"description": {"urls": []}, "url": {"urls": [{"indices": [0, 22], "display_url": "twitter.com/wales4me", "url": "http://t.co/MBuagCc1vd", "expanded_url": "https://twitter.com/wales4me"}]}}, "profile_background_image_url": "http://abs.twimg.com/images/themes/theme1/bg.png", "is_translation_enabled": false, "profile_sidebar_fill_color": "DDEEF6", "contributors_enabled": false, "profile_background_tile": false, "profile_background_image_url_https": "https://abs.twimg.com/images/themes/theme1/bg.png", "id_str": "23783299", "followers_count": 1, "id": 23783299, "profile_use_background_image": true, "verified": false, "url": "http://t.co/MBuagCc1vd", "protected": false, "profile_text_color": "333333", "default_profile_image": false, "is_translator": false, "geo_enabled": false, "utc_offset": -25200, "screen_name": "wales4me", "profile_link_color": "1DA1F2", "default_profile": true, "statuses_count": 26, "status": {"place": null, "in_reply_to_status_id_str": "922626142548344832", "source": "<a href=\"http://twitter.com/download/android\" rel=\"nofollow\">Twitter for Android</a>", "retweet_count": 0, "in_reply_to_user_id_str": "824704724117057536", "lang": "en", "created_at": "Tue Oct 24 02:16:59 +0000 2017", "geo": null, "in_reply_to_user_id": 824704724117057536, "retweeted": false, "contributors": null, "favorite_count": 0, "id_str": "922648081220464641", "coordinates": null, "id": 922648081220464641, "in_reply_to_screen_name": "putinsgay", "text": "@putinsgay @SLandinSoCal @realDonaldTrump @POTUS TRUE!", "truncated": false, "favorited": false, "in_reply_to_status_id": 922626142548344832, "entities": {"symbols": [], "urls": [], "user_mentions": [{"id": 824704724117057536, "indices": [0, 10], "id_str": "824704724117057536", "name": "JDP", "screen_name": "putinsgay"}, {"id": 757731953281904640, "indices": [11, 24], "id_str": "757731953281904640", "name": "SL", "screen_name": "SLandinSoCal"}, {"id": 25073877, "indices": [25, 41], "id_str": "25073877", "name": "Donald J. Trump", "screen_name": "realDonaldTrump"}, {"id": 822215679726100480, "indices": [42, 48], "id_str": "822215679726100480", "name": "President Trump", "screen_name": "POTUS"}], "hashtags": []}, "is_quote_status": false}, "follow_request_sent": false, "following": false, "favourites_count": 18, "profile_background_color": "C0DEED"}
2017-10-26T12:00:03.853278	{"has_extended_profile": false, "profile_background_color": "C0DEED", "default_profile_image": false, "followers_count": 1, "profile_text_color": "333333", "id": 23783299, "entities": {"description": {"urls": []}, "url": {"urls": [{"expanded_url": "https://twitter.com/wales4me", "indices": [0, 22], "display_url": "twitter.com/wales4me", "url": "http://t.co/MBuagCc1vd"}]}}, "default_profile": true, "time_zone": "Pacific Time (US & Canada)", "status": {"id": 922648081220464641, "entities": {"user_mentions": [{"screen_name": "putinsgay", "indices": [0, 10], "id_str": "824704724117057536", "id": 824704724117057536, "name": "JDP"}, {"screen_name": "SLandinSoCal", "indices": [11, 24], "id_str": "757731953281904640", "id": 757731953281904640, "name": "SL"}, {"screen_name": "realDonaldTrump", "indices": [25, 41], "id_str": "25073877", "id": 25073877, "name": "Donald J. Trump"}, {"screen_name": "POTUS", "indices": [42, 48], "id_str": "822215679726100480", "id": 822215679726100480, "name": "President Trump"}], "urls": [], "hashtags": [], "symbols": []}, "in_reply_to_status_id_str": "922626142548344832", "favorite_count": 0, "favorited": false, "truncated": false, "coordinates": null, "created_at": "Tue Oct 24 02:16:59 +0000 2017", "retweeted": false, "in_reply_to_user_id": 824704724117057536, "in_reply_to_status_id": 922626142548344832, "geo": null, "in_reply_to_user_id_str": "824704724117057536", "lang": "en", "contributors": null, "source": "<a href=\"http://twitter.com/download/android\" rel=\"nofollow\">Twitter for Android</a>", "retweet_count": 0, "is_quote_status": false, "in_reply_to_screen_name": "putinsgay", "place": null, "id_str": "922648081220464641", "text": "@putinsgay @SLandinSoCal @realDonaldTrump @POTUS TRUE!"}, "profile_image_url_https": "https://pbs.twimg.com/profile_images/1479734318/IMG04_normal.JPG", "utc_offset": -25200, "is_translation_enabled": false, "favourites_count": 18, "statuses_count": 26, "notifications": false, "is_translator": false, "follow_request_sent": false, "created_at": "Wed Mar 11 16:07:12 +0000 2009", "contributors_enabled": false, "name": "Don", "friends_count": 37, "profile_background_image_url": "http://abs.twimg.com/images/themes/theme1/bg.png", "verified": false, "location": "Concord, California", "lang": "en", "screen_name": "wales4me", "protected": false, "profile_sidebar_fill_color": "DDEEF6", "translator_type": "none", "url": "http://t.co/MBuagCc1vd", "description": "Enjoying retirement", "profile_sidebar_border_color": "C0DEED", "profile_use_background_image": true, "profile_background_tile": false, "profile_image_url": "http://pbs.twimg.com/profile_images/1479734318/IMG04_normal.JPG", "profile_link_color": "1DA1F2", "listed_count": 0, "following": false, "id_str": "23783299", "geo_enabled": false, "profile_background_image_url_https": "https://abs.twimg.com/images/themes/theme1/bg.png"}
2017-10-26T13:00:04.065745	{"profile_background_image_url": "http://abs.twimg.com/images/themes/theme1/bg.png", "statuses_count": 26, "follow_request_sent": false, "url": "http://t.co/MBuagCc1vd", "profile_image_url": "http://pbs.twimg.com/profile_images/1479734318/IMG04_normal.JPG", "profile_sidebar_border_color": "C0DEED", "is_translation_enabled": false, "profile_image_url_https": "https://pbs.twimg.com/profile_images/1479734318/IMG04_normal.JPG", "name": "Don", "profile_background_image_url_https": "https://abs.twimg.com/images/themes/theme1/bg.png", "favourites_count": 18, "screen_name": "wales4me", "lang": "en", "created_at": "Wed Mar 11 16:07:12 +0000 2009", "profile_use_background_image": true, "profile_link_color": "1DA1F2", "friends_count": 37, "protected": false, "status": {"place": null, "text": "@putinsgay @SLandinSoCal @realDonaldTrump @POTUS TRUE!", "in_reply_to_screen_name": "putinsgay", "source": "<a href=\"http://twitter.com/download/android\" rel=\"nofollow\">Twitter for Android</a>", "is_quote_status": false, "favorited": false, "favorite_count": 0, "in_reply_to_status_id_str": "922626142548344832", "lang": "en", "entities": {"urls": [], "symbols": [], "hashtags": [], "user_mentions": [{"screen_name": "putinsgay", "name": "JDP", "id_str": "824704724117057536", "id": 824704724117057536, "indices": [0, 10]}, {"screen_name": "SLandinSoCal", "name": "SL", "id_str": "757731953281904640", "id": 757731953281904640, "indices": [11, 24]}, {"screen_name": "realDonaldTrump", "name": "Donald J. Trump", "id_str": "25073877", "id": 25073877, "indices": [25, 41]}, {"screen_name": "POTUS", "name": "President Trump", "id_str": "822215679726100480", "id": 822215679726100480, "indices": [42, 48]}]}, "in_reply_to_user_id_str": "824704724117057536", "created_at": "Tue Oct 24 02:16:59 +0000 2017", "in_reply_to_status_id": 922626142548344832, "in_reply_to_user_id": 824704724117057536, "truncated": false, "id_str": "922648081220464641", "id": 922648081220464641, "geo": null, "retweet_count": 0, "coordinates": null, "retweeted": false, "contributors": null}, "has_extended_profile": false, "entities": {"description": {"urls": []}, "url": {"urls": [{"expanded_url": "https://twitter.com/wales4me", "url": "http://t.co/MBuagCc1vd", "indices": [0, 22], "display_url": "twitter.com/wales4me"}]}}, "profile_background_tile": false, "location": "Concord, California", "is_translator": false, "id_str": "23783299", "id": 23783299, "followers_count": 1, "notifications": false, "profile_text_color": "333333", "time_zone": "Pacific Time (US & Canada)", "following": false, "geo_enabled": false, "contributors_enabled": false, "default_profile": true, "translator_type": "none", "verified": false, "description": "Enjoying retirement", "default_profile_image": false, "listed_count": 0, "profile_background_color": "C0DEED", "utc_offset": -25200, "profile_sidebar_fill_color": "DDEEF6"}
2017-10-26T14:00:03.888197	{"verified": false, "default_profile_image": false, "id": 23783299, "name": "Don", "screen_name": "wales4me", "profile_background_image_url_https": "https://abs.twimg.com/images/themes/theme1/bg.png", "is_translation_enabled": false, "utc_offset": -25200, "profile_text_color": "333333", "statuses_count": 26, "profile_background_color": "C0DEED", "lang": "en", "description": "Enjoying retirement", "profile_background_image_url": "http://abs.twimg.com/images/themes/theme1/bg.png", "following": false, "notifications": false, "protected": false, "profile_use_background_image": true, "location": "Concord, California", "url": "http://t.co/MBuagCc1vd", "followers_count": 1, "translator_type": "none", "has_extended_profile": false, "profile_image_url_https": "https://pbs.twimg.com/profile_images/1479734318/IMG04_normal.JPG", "created_at": "Wed Mar 11 16:07:12 +0000 2009", "time_zone": "Pacific Time (US & Canada)", "follow_request_sent": false, "listed_count": 0, "default_profile": true, "status": {"favorite_count": 0, "id": 922648081220464641, "in_reply_to_user_id_str": "824704724117057536", "lang": "en", "retweet_count": 0, "favorited": false, "in_reply_to_status_id": 922626142548344832, "in_reply_to_screen_name": "putinsgay", "in_reply_to_user_id": 824704724117057536, "created_at": "Tue Oct 24 02:16:59 +0000 2017", "is_quote_status": false, "in_reply_to_status_id_str": "922626142548344832", "text": "@putinsgay @SLandinSoCal @realDonaldTrump @POTUS TRUE!", "contributors": null, "entities": {"symbols": [], "user_mentions": [{"id_str": "824704724117057536", "id": 824704724117057536, "indices": [0, 10], "name": "JDP", "screen_name": "putinsgay"}, {"id_str": "757731953281904640", "id": 757731953281904640, "indices": [11, 24], "name": "SL", "screen_name": "SLandinSoCal"}, {"id_str": "25073877", "id": 25073877, "indices": [25, 41], "name": "Donald J. Trump", "screen_name": "realDonaldTrump"}, {"id_str": "822215679726100480", "id": 822215679726100480, "indices": [42, 48], "name": "President Trump", "screen_name": "POTUS"}], "urls": [], "hashtags": []}, "id_str": "922648081220464641", "truncated": false, "retweeted": false, "place": null, "coordinates": null, "source": "<a href=\"http://twitter.com/download/android\" rel=\"nofollow\">Twitter for Android</a>", "geo": null}, "entities": {"url": {"urls": [{"expanded_url": "https://twitter.com/wales4me", "display_url": "twitter.com/wales4me", "url": "http://t.co/MBuagCc1vd", "indices": [0, 22]}]}, "description": {"urls": []}}, "id_str": "23783299", "profile_background_tile": false, "contributors_enabled": false, "profile_image_url": "http://pbs.twimg.com/profile_images/1479734318/IMG04_normal.JPG", "geo_enabled": false, "friends_count": 37, "profile_link_color": "1DA1F2", "profile_sidebar_fill_color": "DDEEF6", "favourites_count": 18, "profile_sidebar_border_color": "C0DEED", "is_translator": false}
2017-10-26T15:00:04.323178	{"profile_use_background_image": true, "follow_request_sent": false, "default_profile_image": false, "profile_image_url_https": "https://pbs.twimg.com/profile_images/1479734318/IMG04_normal.JPG", "statuses_count": 26, "status": {"in_reply_to_status_id_str": "922626142548344832", "coordinates": null, "geo": null, "retweeted": false, "place": null, "created_at": "Tue Oct 24 02:16:59 +0000 2017", "in_reply_to_user_id_str": "824704724117057536", "in_reply_to_screen_name": "putinsgay", "id": 922648081220464641, "in_reply_to_user_id": 824704724117057536, "favorited": false, "is_quote_status": false, "id_str": "922648081220464641", "source": "<a href=\"http://twitter.com/download/android\" rel=\"nofollow\">Twitter for Android</a>", "text": "@putinsgay @SLandinSoCal @realDonaldTrump @POTUS TRUE!", "contributors": null, "entities": {"symbols": [], "user_mentions": [{"id": 824704724117057536, "screen_name": "putinsgay", "name": "JDP", "indices": [0, 10], "id_str": "824704724117057536"}, {"id": 757731953281904640, "screen_name": "SLandinSoCal", "name": "SL", "indices": [11, 24], "id_str": "757731953281904640"}, {"id": 25073877, "screen_name": "realDonaldTrump", "name": "Donald J. Trump", "indices": [25, 41], "id_str": "25073877"}, {"id": 822215679726100480, "screen_name": "POTUS", "name": "President Trump", "indices": [42, 48], "id_str": "822215679726100480"}], "hashtags": [], "urls": []}, "lang": "en", "favorite_count": 0, "in_reply_to_status_id": 922626142548344832, "retweet_count": 0, "truncated": false}, "geo_enabled": false, "translator_type": "none", "created_at": "Wed Mar 11 16:07:12 +0000 2009", "friends_count": 37, "profile_background_image_url": "http://abs.twimg.com/images/themes/theme1/bg.png", "id": 23783299, "default_profile": true, "has_extended_profile": false, "profile_sidebar_border_color": "C0DEED", "following": false, "description": "Enjoying retirement", "time_zone": "Pacific Time (US & Canada)", "followers_count": 1, "profile_link_color": "1DA1F2", "screen_name": "wales4me", "listed_count": 0, "profile_image_url": "http://pbs.twimg.com/profile_images/1479734318/IMG04_normal.JPG", "id_str": "23783299", "favourites_count": 18, "is_translator": false, "utc_offset": -25200, "notifications": false, "url": "http://t.co/MBuagCc1vd", "contributors_enabled": false, "entities": {"description": {"urls": []}, "url": {"urls": [{"indices": [0, 22], "expanded_url": "https://twitter.com/wales4me", "display_url": "twitter.com/wales4me", "url": "http://t.co/MBuagCc1vd"}]}}, "profile_background_color": "C0DEED", "protected": false, "profile_sidebar_fill_color": "DDEEF6", "lang": "en", "profile_background_tile": false, "location": "Concord, California", "is_translation_enabled": false, "profile_text_color": "333333", "name": "Don", "profile_background_image_url_https": "https://abs.twimg.com/images/themes/theme1/bg.png", "verified": false}
2017-10-26T16:00:04.051715	{"profile_text_color": "333333", "location": "Concord, California", "default_profile": true, "lang": "en", "following": false, "geo_enabled": false, "status": {"created_at": "Tue Oct 24 02:16:59 +0000 2017", "favorite_count": 0, "lang": "en", "is_quote_status": false, "in_reply_to_status_id_str": "922626142548344832", "in_reply_to_user_id_str": "824704724117057536", "id": 922648081220464641, "geo": null, "in_reply_to_user_id": 824704724117057536, "source": "<a href=\"http://twitter.com/download/android\" rel=\"nofollow\">Twitter for Android</a>", "truncated": false, "retweet_count": 0, "in_reply_to_status_id": 922626142548344832, "entities": {"hashtags": [], "symbols": [], "user_mentions": [{"name": "JDP", "id_str": "824704724117057536", "screen_name": "putinsgay", "indices": [0, 10], "id": 824704724117057536}, {"name": "SL", "id_str": "757731953281904640", "screen_name": "SLandinSoCal", "indices": [11, 24], "id": 757731953281904640}, {"name": "Donald J. Trump", "id_str": "25073877", "screen_name": "realDonaldTrump", "indices": [25, 41], "id": 25073877}, {"name": "President Trump", "id_str": "822215679726100480", "screen_name": "POTUS", "indices": [42, 48], "id": 822215679726100480}], "urls": []}, "in_reply_to_screen_name": "putinsgay", "coordinates": null, "retweeted": false, "text": "@putinsgay @SLandinSoCal @realDonaldTrump @POTUS TRUE!", "id_str": "922648081220464641", "favorited": false, "place": null, "contributors": null}, "profile_image_url_https": "https://pbs.twimg.com/profile_images/1479734318/IMG04_normal.JPG", "url": "http://t.co/MBuagCc1vd", "verified": false, "translator_type": "none", "protected": false, "profile_use_background_image": true, "created_at": "Wed Mar 11 16:07:12 +0000 2009", "is_translator": false, "notifications": false, "favourites_count": 18, "listed_count": 0, "profile_background_image_url": "http://abs.twimg.com/images/themes/theme1/bg.png", "profile_sidebar_border_color": "C0DEED", "profile_link_color": "1DA1F2", "followers_count": 1, "follow_request_sent": false, "profile_background_tile": false, "id": 23783299, "name": "Don", "utc_offset": -25200, "profile_image_url": "http://pbs.twimg.com/profile_images/1479734318/IMG04_normal.JPG", "has_extended_profile": false, "entities": {"url": {"urls": [{"indices": [0, 22], "url": "http://t.co/MBuagCc1vd", "display_url": "twitter.com/wales4me", "expanded_url": "https://twitter.com/wales4me"}]}, "description": {"urls": []}}, "profile_background_color": "C0DEED", "time_zone": "Pacific Time (US & Canada)", "default_profile_image": false, "description": "Enjoying retirement", "profile_background_image_url_https": "https://abs.twimg.com/images/themes/theme1/bg.png", "profile_sidebar_fill_color": "DDEEF6", "contributors_enabled": false, "id_str": "23783299", "screen_name": "wales4me", "is_translation_enabled": false, "statuses_count": 26, "friends_count": 37}
2017-10-26T17:00:04.187622	{"translator_type": "none", "default_profile": true, "profile_background_image_url": "http://abs.twimg.com/images/themes/theme1/bg.png", "following": false, "utc_offset": -25200, "profile_use_background_image": true, "notifications": false, "followers_count": 1, "profile_background_tile": false, "location": "Concord, California", "created_at": "Wed Mar 11 16:07:12 +0000 2009", "status": {"is_quote_status": false, "geo": null, "coordinates": null, "in_reply_to_user_id": 824704724117057536, "created_at": "Tue Oct 24 02:16:59 +0000 2017", "favorited": false, "in_reply_to_user_id_str": "824704724117057536", "contributors": null, "text": "@putinsgay @SLandinSoCal @realDonaldTrump @POTUS TRUE!", "retweeted": false, "place": null, "id": 922648081220464641, "lang": "en", "id_str": "922648081220464641", "source": "<a href=\"http://twitter.com/download/android\" rel=\"nofollow\">Twitter for Android</a>", "entities": {"symbols": [], "user_mentions": [{"indices": [0, 10], "screen_name": "putinsgay", "id": 824704724117057536, "name": "JDP", "id_str": "824704724117057536"}, {"indices": [11, 24], "screen_name": "SLandinSoCal", "id": 757731953281904640, "name": "SL", "id_str": "757731953281904640"}, {"indices": [25, 41], "screen_name": "realDonaldTrump", "id": 25073877, "name": "Donald J. Trump", "id_str": "25073877"}, {"indices": [42, 48], "screen_name": "POTUS", "id": 822215679726100480, "name": "President Trump", "id_str": "822215679726100480"}], "hashtags": [], "urls": []}, "truncated": false, "in_reply_to_status_id_str": "922626142548344832", "favorite_count": 0, "in_reply_to_status_id": 922626142548344832, "in_reply_to_screen_name": "putinsgay", "retweet_count": 0}, "profile_background_image_url_https": "https://abs.twimg.com/images/themes/theme1/bg.png", "protected": false, "screen_name": "wales4me", "favourites_count": 18, "profile_sidebar_fill_color": "DDEEF6", "profile_sidebar_border_color": "C0DEED", "friends_count": 37, "default_profile_image": false, "has_extended_profile": false, "url": "http://t.co/MBuagCc1vd", "follow_request_sent": false, "id": 23783299, "geo_enabled": false, "profile_link_color": "1DA1F2", "id_str": "23783299", "entities": {"description": {"urls": []}, "url": {"urls": [{"expanded_url": "https://twitter.com/wales4me", "indices": [0, 22], "url": "http://t.co/MBuagCc1vd", "display_url": "twitter.com/wales4me"}]}}, "contributors_enabled": false, "profile_image_url_https": "https://pbs.twimg.com/profile_images/1479734318/IMG04_normal.JPG", "description": "Enjoying retirement", "name": "Don", "profile_background_color": "C0DEED", "verified": false, "is_translation_enabled": false, "profile_text_color": "333333", "profile_image_url": "http://pbs.twimg.com/profile_images/1479734318/IMG04_normal.JPG", "time_zone": "Pacific Time (US & Canada)", "lang": "en", "is_translator": false, "statuses_count": 26, "listed_count": 0}
2017-10-26T18:00:04.563343	{"verified": false, "friends_count": 37, "profile_image_url_https": "https://pbs.twimg.com/profile_images/1479734318/IMG04_normal.JPG", "default_profile": true, "time_zone": "Pacific Time (US & Canada)", "name": "Don", "translator_type": "none", "entities": {"description": {"urls": []}, "url": {"urls": [{"expanded_url": "https://twitter.com/wales4me", "indices": [0, 22], "display_url": "twitter.com/wales4me", "url": "http://t.co/MBuagCc1vd"}]}}, "profile_text_color": "333333", "favourites_count": 18, "url": "http://t.co/MBuagCc1vd", "has_extended_profile": false, "statuses_count": 26, "is_translation_enabled": false, "geo_enabled": false, "profile_background_image_url_https": "https://abs.twimg.com/images/themes/theme1/bg.png", "default_profile_image": false, "screen_name": "wales4me", "notifications": false, "protected": false, "following": false, "description": "Enjoying retirement", "followers_count": 1, "profile_background_tile": false, "profile_use_background_image": true, "location": "Concord, California", "profile_background_image_url": "http://abs.twimg.com/images/themes/theme1/bg.png", "status": {"in_reply_to_status_id_str": "922626142548344832", "in_reply_to_screen_name": "putinsgay", "id_str": "922648081220464641", "entities": {"user_mentions": [{"name": "JDP", "id": 824704724117057536, "indices": [0, 10], "id_str": "824704724117057536", "screen_name": "putinsgay"}, {"name": "SL", "id": 757731953281904640, "indices": [11, 24], "id_str": "757731953281904640", "screen_name": "SLandinSoCal"}, {"name": "Donald J. Trump", "id": 25073877, "indices": [25, 41], "id_str": "25073877", "screen_name": "realDonaldTrump"}, {"name": "President Trump", "id": 822215679726100480, "indices": [42, 48], "id_str": "822215679726100480", "screen_name": "POTUS"}], "hashtags": [], "urls": [], "symbols": []}, "retweeted": false, "contributors": null, "coordinates": null, "created_at": "Tue Oct 24 02:16:59 +0000 2017", "text": "@putinsgay @SLandinSoCal @realDonaldTrump @POTUS TRUE!", "geo": null, "is_quote_status": false, "in_reply_to_status_id": 922626142548344832, "retweet_count": 0, "favorited": false, "in_reply_to_user_id": 824704724117057536, "place": null, "id": 922648081220464641, "in_reply_to_user_id_str": "824704724117057536", "favorite_count": 0, "source": "<a href=\"http://twitter.com/download/android\" rel=\"nofollow\">Twitter for Android</a>", "lang": "en", "truncated": false}, "id": 23783299, "utc_offset": -25200, "is_translator": false, "follow_request_sent": false, "profile_sidebar_fill_color": "DDEEF6", "profile_image_url": "http://pbs.twimg.com/profile_images/1479734318/IMG04_normal.JPG", "id_str": "23783299", "profile_background_color": "C0DEED", "created_at": "Wed Mar 11 16:07:12 +0000 2009", "profile_link_color": "1DA1F2", "lang": "en", "listed_count": 0, "contributors_enabled": false, "profile_sidebar_border_color": "C0DEED"}
2017-10-26T19:00:04.465337	{"profile_background_color": "C0DEED", "is_translation_enabled": false, "has_extended_profile": false, "url": "http://t.co/MBuagCc1vd", "protected": false, "translator_type": "none", "verified": false, "favourites_count": 18, "description": "Enjoying retirement", "id": 23783299, "entities": {"description": {"urls": []}, "url": {"urls": [{"display_url": "twitter.com/wales4me", "url": "http://t.co/MBuagCc1vd", "indices": [0, 22], "expanded_url": "https://twitter.com/wales4me"}]}}, "profile_background_image_url_https": "https://abs.twimg.com/images/themes/theme1/bg.png", "profile_background_tile": false, "profile_sidebar_fill_color": "DDEEF6", "profile_link_color": "1DA1F2", "utc_offset": -25200, "contributors_enabled": false, "status": {"source": "<a href=\"http://twitter.com/download/android\" rel=\"nofollow\">Twitter for Android</a>", "retweet_count": 0, "contributors": null, "retweeted": false, "entities": {"hashtags": [], "user_mentions": [{"name": "JDP", "id": 824704724117057536, "id_str": "824704724117057536", "screen_name": "putinsgay", "indices": [0, 10]}, {"name": "SL", "id": 757731953281904640, "id_str": "757731953281904640", "screen_name": "SLandinSoCal", "indices": [11, 24]}, {"name": "Donald J. Trump", "id": 25073877, "id_str": "25073877", "screen_name": "realDonaldTrump", "indices": [25, 41]}, {"name": "President Trump", "id": 822215679726100480, "id_str": "822215679726100480", "screen_name": "POTUS", "indices": [42, 48]}], "symbols": [], "urls": []}, "favorited": false, "in_reply_to_status_id": 922626142548344832, "in_reply_to_user_id": 824704724117057536, "favorite_count": 0, "truncated": false, "created_at": "Tue Oct 24 02:16:59 +0000 2017", "in_reply_to_user_id_str": "824704724117057536", "place": null, "text": "@putinsgay @SLandinSoCal @realDonaldTrump @POTUS TRUE!", "lang": "en", "id_str": "922648081220464641", "is_quote_status": false, "id": 922648081220464641, "coordinates": null, "in_reply_to_status_id_str": "922626142548344832", "geo": null, "in_reply_to_screen_name": "putinsgay"}, "profile_sidebar_border_color": "C0DEED", "geo_enabled": false, "friends_count": 37, "id_str": "23783299", "follow_request_sent": false, "screen_name": "wales4me", "created_at": "Wed Mar 11 16:07:12 +0000 2009", "listed_count": 0, "profile_image_url": "http://pbs.twimg.com/profile_images/1479734318/IMG04_normal.JPG", "lang": "en", "name": "Don", "profile_text_color": "333333", "statuses_count": 26, "location": "Concord, California", "followers_count": 1, "default_profile_image": false, "time_zone": "Pacific Time (US & Canada)", "profile_background_image_url": "http://abs.twimg.com/images/themes/theme1/bg.png", "is_translator": false, "notifications": false, "profile_image_url_https": "https://pbs.twimg.com/profile_images/1479734318/IMG04_normal.JPG", "profile_use_background_image": true, "following": false, "default_profile": true}
2017-10-26T20:00:03.824977	{"notifications": false, "profile_sidebar_fill_color": "DDEEF6", "is_translation_enabled": false, "profile_image_url_https": "https://pbs.twimg.com/profile_images/1479734318/IMG04_normal.JPG", "profile_image_url": "http://pbs.twimg.com/profile_images/1479734318/IMG04_normal.JPG", "url": "http://t.co/MBuagCc1vd", "location": "Concord, California", "follow_request_sent": false, "lang": "en", "verified": false, "contributors_enabled": false, "description": "Enjoying retirement", "profile_link_color": "1DA1F2", "friends_count": 37, "followers_count": 1, "translator_type": "none", "following": false, "entities": {"description": {"urls": []}, "url": {"urls": [{"display_url": "twitter.com/wales4me", "url": "http://t.co/MBuagCc1vd", "indices": [0, 22], "expanded_url": "https://twitter.com/wales4me"}]}}, "status": {"favorited": false, "coordinates": null, "retweet_count": 0, "retweeted": false, "lang": "en", "favorite_count": 0, "in_reply_to_screen_name": "putinsgay", "entities": {"urls": [], "symbols": [], "hashtags": [], "user_mentions": [{"screen_name": "putinsgay", "name": "JDP", "id_str": "824704724117057536", "id": 824704724117057536, "indices": [0, 10]}, {"screen_name": "SLandinSoCal", "name": "SL", "id_str": "757731953281904640", "id": 757731953281904640, "indices": [11, 24]}, {"screen_name": "realDonaldTrump", "name": "Donald J. Trump", "id_str": "25073877", "id": 25073877, "indices": [25, 41]}, {"screen_name": "POTUS", "name": "President Trump", "id_str": "822215679726100480", "id": 822215679726100480, "indices": [42, 48]}]}, "source": "<a href=\"http://twitter.com/download/android\" rel=\"nofollow\">Twitter for Android</a>", "id_str": "922648081220464641", "geo": null, "id": 922648081220464641, "created_at": "Tue Oct 24 02:16:59 +0000 2017", "contributors": null, "in_reply_to_user_id_str": "824704724117057536", "text": "@putinsgay @SLandinSoCal @realDonaldTrump @POTUS TRUE!", "is_quote_status": false, "in_reply_to_user_id": 824704724117057536, "place": null, "in_reply_to_status_id_str": "922626142548344832", "truncated": false, "in_reply_to_status_id": 922626142548344832}, "utc_offset": -25200, "id_str": "23783299", "favourites_count": 18, "screen_name": "wales4me", "profile_sidebar_border_color": "C0DEED", "id": 23783299, "protected": false, "profile_background_tile": false, "default_profile_image": false, "created_at": "Wed Mar 11 16:07:12 +0000 2009", "listed_count": 0, "name": "Don", "statuses_count": 26, "has_extended_profile": false, "geo_enabled": false, "time_zone": "Pacific Time (US & Canada)", "profile_background_image_url_https": "https://abs.twimg.com/images/themes/theme1/bg.png", "profile_background_color": "C0DEED", "default_profile": true, "profile_use_background_image": true, "profile_background_image_url": "http://abs.twimg.com/images/themes/theme1/bg.png", "is_translator": false, "profile_text_color": "333333"}
2017-10-26T21:00:03.759963	{"id": 23783299, "url": "http://t.co/MBuagCc1vd", "lang": "en", "friends_count": 37, "screen_name": "wales4me", "profile_background_image_url_https": "https://abs.twimg.com/images/themes/theme1/bg.png", "time_zone": "Pacific Time (US & Canada)", "status": {"id": 922648081220464641, "retweeted": false, "geo": null, "text": "@putinsgay @SLandinSoCal @realDonaldTrump @POTUS TRUE!", "source": "<a href=\"http://twitter.com/download/android\" rel=\"nofollow\">Twitter for Android</a>", "contributors": null, "id_str": "922648081220464641", "in_reply_to_user_id": 824704724117057536, "lang": "en", "place": null, "in_reply_to_screen_name": "putinsgay", "entities": {"user_mentions": [{"id": 824704724117057536, "name": "JDP", "indices": [0, 10], "screen_name": "putinsgay", "id_str": "824704724117057536"}, {"id": 757731953281904640, "name": "SL", "indices": [11, 24], "screen_name": "SLandinSoCal", "id_str": "757731953281904640"}, {"id": 25073877, "name": "Donald J. Trump", "indices": [25, 41], "screen_name": "realDonaldTrump", "id_str": "25073877"}, {"id": 822215679726100480, "name": "President Trump", "indices": [42, 48], "screen_name": "POTUS", "id_str": "822215679726100480"}], "symbols": [], "hashtags": [], "urls": []}, "favorite_count": 0, "created_at": "Tue Oct 24 02:16:59 +0000 2017", "in_reply_to_status_id_str": "922626142548344832", "retweet_count": 0, "in_reply_to_user_id_str": "824704724117057536", "favorited": false, "is_quote_status": false, "truncated": false, "in_reply_to_status_id": 922626142548344832, "coordinates": null}, "contributors_enabled": false, "id_str": "23783299", "verified": false, "translator_type": "none", "profile_background_image_url": "http://abs.twimg.com/images/themes/theme1/bg.png", "profile_image_url": "http://pbs.twimg.com/profile_images/1479734318/IMG04_normal.JPG", "profile_sidebar_fill_color": "DDEEF6", "is_translation_enabled": false, "profile_image_url_https": "https://pbs.twimg.com/profile_images/1479734318/IMG04_normal.JPG", "favourites_count": 18, "entities": {"url": {"urls": [{"expanded_url": "https://twitter.com/wales4me", "url": "http://t.co/MBuagCc1vd", "display_url": "twitter.com/wales4me", "indices": [0, 22]}]}, "description": {"urls": []}}, "followers_count": 1, "description": "Enjoying retirement", "default_profile_image": false, "following": false, "is_translator": false, "geo_enabled": false, "created_at": "Wed Mar 11 16:07:12 +0000 2009", "follow_request_sent": false, "has_extended_profile": false, "name": "Don", "profile_link_color": "1DA1F2", "location": "Concord, California", "utc_offset": -25200, "profile_use_background_image": true, "protected": false, "notifications": false, "profile_background_color": "C0DEED", "default_profile": true, "profile_text_color": "333333", "listed_count": 0, "profile_sidebar_border_color": "C0DEED", "profile_background_tile": false, "statuses_count": 26}
2017-10-26T22:00:03.993242	{"profile_background_image_url_https": "https://abs.twimg.com/images/themes/theme1/bg.png", "url": "http://t.co/MBuagCc1vd", "created_at": "Wed Mar 11 16:07:12 +0000 2009", "lang": "en", "id": 23783299, "follow_request_sent": false, "profile_sidebar_border_color": "C0DEED", "contributors_enabled": false, "geo_enabled": false, "profile_sidebar_fill_color": "DDEEF6", "statuses_count": 26, "profile_background_color": "C0DEED", "id_str": "23783299", "friends_count": 37, "following": false, "profile_use_background_image": true, "name": "Don", "has_extended_profile": false, "translator_type": "none", "utc_offset": -25200, "notifications": false, "profile_background_image_url": "http://abs.twimg.com/images/themes/theme1/bg.png", "profile_image_url_https": "https://pbs.twimg.com/profile_images/1479734318/IMG04_normal.JPG", "followers_count": 1, "profile_link_color": "1DA1F2", "description": "Enjoying retirement", "default_profile": true, "default_profile_image": false, "status": {"created_at": "Tue Oct 24 02:16:59 +0000 2017", "lang": "en", "text": "@putinsgay @SLandinSoCal @realDonaldTrump @POTUS TRUE!", "id": 922648081220464641, "contributors": null, "in_reply_to_status_id_str": "922626142548344832", "id_str": "922648081220464641", "coordinates": null, "favorited": false, "favorite_count": 0, "retweeted": false, "in_reply_to_user_id_str": "824704724117057536", "source": "<a href=\"http://twitter.com/download/android\" rel=\"nofollow\">Twitter for Android</a>", "in_reply_to_screen_name": "putinsgay", "in_reply_to_user_id": 824704724117057536, "entities": {"hashtags": [], "symbols": [], "urls": [], "user_mentions": [{"indices": [0, 10], "screen_name": "putinsgay", "name": "JDP", "id_str": "824704724117057536", "id": 824704724117057536}, {"indices": [11, 24], "screen_name": "SLandinSoCal", "name": "SL", "id_str": "757731953281904640", "id": 757731953281904640}, {"indices": [25, 41], "screen_name": "realDonaldTrump", "name": "Donald J. Trump", "id_str": "25073877", "id": 25073877}, {"indices": [42, 48], "screen_name": "POTUS", "name": "President Trump", "id_str": "822215679726100480", "id": 822215679726100480}]}, "truncated": false, "in_reply_to_status_id": 922626142548344832, "place": null, "retweet_count": 0, "geo": null, "is_quote_status": false}, "profile_text_color": "333333", "protected": false, "entities": {"url": {"urls": [{"expanded_url": "https://twitter.com/wales4me", "display_url": "twitter.com/wales4me", "url": "http://t.co/MBuagCc1vd", "indices": [0, 22]}]}, "description": {"urls": []}}, "is_translation_enabled": false, "is_translator": false, "time_zone": "Pacific Time (US & Canada)", "profile_background_tile": false, "favourites_count": 18, "listed_count": 0, "location": "Concord, California", "screen_name": "wales4me", "profile_image_url": "http://pbs.twimg.com/profile_images/1479734318/IMG04_normal.JPG", "verified": false}
2017-10-26T23:00:03.550088	{"screen_name": "wales4me", "entities": {"url": {"urls": [{"expanded_url": "https://twitter.com/wales4me", "url": "http://t.co/MBuagCc1vd", "indices": [0, 22], "display_url": "twitter.com/wales4me"}]}, "description": {"urls": []}}, "name": "Don", "followers_count": 1, "is_translator": false, "utc_offset": -25200, "profile_text_color": "333333", "profile_background_color": "C0DEED", "url": "http://t.co/MBuagCc1vd", "id": 23783299, "listed_count": 0, "verified": false, "favourites_count": 18, "id_str": "23783299", "contributors_enabled": false, "profile_background_tile": false, "statuses_count": 26, "profile_background_image_url_https": "https://abs.twimg.com/images/themes/theme1/bg.png", "friends_count": 37, "profile_image_url": "http://pbs.twimg.com/profile_images/1479734318/IMG04_normal.JPG", "default_profile": true, "notifications": false, "time_zone": "Pacific Time (US & Canada)", "is_translation_enabled": false, "profile_image_url_https": "https://pbs.twimg.com/profile_images/1479734318/IMG04_normal.JPG", "has_extended_profile": false, "default_profile_image": false, "follow_request_sent": false, "protected": false, "following": false, "location": "Concord, California", "description": "Enjoying retirement", "created_at": "Wed Mar 11 16:07:12 +0000 2009", "profile_sidebar_border_color": "C0DEED", "profile_use_background_image": true, "lang": "en", "profile_link_color": "1DA1F2", "profile_sidebar_fill_color": "DDEEF6", "profile_background_image_url": "http://abs.twimg.com/images/themes/theme1/bg.png", "status": {"text": "@putinsgay @SLandinSoCal @realDonaldTrump @POTUS TRUE!", "entities": {"user_mentions": [{"id_str": "824704724117057536", "screen_name": "putinsgay", "name": "JDP", "indices": [0, 10], "id": 824704724117057536}, {"id_str": "757731953281904640", "screen_name": "SLandinSoCal", "name": "SL", "indices": [11, 24], "id": 757731953281904640}, {"id_str": "25073877", "screen_name": "realDonaldTrump", "name": "Donald J. Trump", "indices": [25, 41], "id": 25073877}, {"id_str": "822215679726100480", "screen_name": "POTUS", "name": "President Trump", "indices": [42, 48], "id": 822215679726100480}], "symbols": [], "hashtags": [], "urls": []}, "in_reply_to_user_id_str": "824704724117057536", "retweeted": false, "favorited": false, "in_reply_to_screen_name": "putinsgay", "id": 922648081220464641, "id_str": "922648081220464641", "in_reply_to_status_id": 922626142548344832, "is_quote_status": false, "favorite_count": 0, "in_reply_to_status_id_str": "922626142548344832", "source": "<a href=\"http://twitter.com/download/android\" rel=\"nofollow\">Twitter for Android</a>", "in_reply_to_user_id": 824704724117057536, "contributors": null, "retweet_count": 0, "created_at": "Tue Oct 24 02:16:59 +0000 2017", "coordinates": null, "lang": "en", "truncated": false, "place": null, "geo": null}, "translator_type": "none", "geo_enabled": false}
2017-10-27T00:00:04.456210	{"default_profile_image": false, "profile_sidebar_border_color": "C0DEED", "profile_background_color": "C0DEED", "status": {"favorite_count": 0, "id_str": "922648081220464641", "truncated": false, "retweeted": false, "favorited": false, "lang": "en", "in_reply_to_status_id": 922626142548344832, "place": null, "created_at": "Tue Oct 24 02:16:59 +0000 2017", "in_reply_to_screen_name": "putinsgay", "in_reply_to_user_id": 824704724117057536, "entities": {"user_mentions": [{"indices": [0, 10], "id": 824704724117057536, "id_str": "824704724117057536", "name": "JDP", "screen_name": "putinsgay"}, {"indices": [11, 24], "id": 757731953281904640, "id_str": "757731953281904640", "name": "SL", "screen_name": "SLandinSoCal"}, {"indices": [25, 41], "id": 25073877, "id_str": "25073877", "name": "Donald J. Trump", "screen_name": "realDonaldTrump"}, {"indices": [42, 48], "id": 822215679726100480, "id_str": "822215679726100480", "name": "President Trump", "screen_name": "POTUS"}], "urls": [], "hashtags": [], "symbols": []}, "in_reply_to_status_id_str": "922626142548344832", "in_reply_to_user_id_str": "824704724117057536", "text": "@putinsgay @SLandinSoCal @realDonaldTrump @POTUS TRUE!", "coordinates": null, "contributors": null, "geo": null, "is_quote_status": false, "source": "<a href=\"http://twitter.com/download/android\" rel=\"nofollow\">Twitter for Android</a>", "id": 922648081220464641, "retweet_count": 0}, "time_zone": "Pacific Time (US & Canada)", "profile_link_color": "1DA1F2", "profile_text_color": "333333", "id_str": "23783299", "description": "Enjoying retirement", "profile_background_tile": false, "screen_name": "wales4me", "follow_request_sent": false, "notifications": false, "utc_offset": -25200, "location": "Concord, California", "profile_sidebar_fill_color": "DDEEF6", "geo_enabled": false, "has_extended_profile": false, "default_profile": true, "verified": false, "profile_background_image_url_https": "https://abs.twimg.com/images/themes/theme1/bg.png", "created_at": "Wed Mar 11 16:07:12 +0000 2009", "profile_background_image_url": "http://abs.twimg.com/images/themes/theme1/bg.png", "protected": false, "listed_count": 0, "favourites_count": 18, "entities": {"description": {"urls": []}, "url": {"urls": [{"expanded_url": "https://twitter.com/wales4me", "indices": [0, 22], "display_url": "twitter.com/wales4me", "url": "http://t.co/MBuagCc1vd"}]}}, "url": "http://t.co/MBuagCc1vd", "profile_image_url": "http://pbs.twimg.com/profile_images/1479734318/IMG04_normal.JPG", "is_translator": false, "lang": "en", "profile_image_url_https": "https://pbs.twimg.com/profile_images/1479734318/IMG04_normal.JPG", "id": 23783299, "translator_type": "none", "profile_use_background_image": true, "name": "Don", "friends_count": 37, "contributors_enabled": false, "followers_count": 1, "statuses_count": 26, "following": false, "is_translation_enabled": false}
2017-10-27T01:00:04.019221	{"default_profile": true, "name": "Don", "id": 23783299, "profile_background_image_url": "http://abs.twimg.com/images/themes/theme1/bg.png", "lang": "en", "follow_request_sent": false, "url": "http://t.co/MBuagCc1vd", "following": false, "notifications": false, "id_str": "23783299", "profile_use_background_image": true, "profile_background_color": "C0DEED", "translator_type": "none", "verified": false, "listed_count": 0, "time_zone": "Pacific Time (US & Canada)", "location": "Concord, California", "statuses_count": 26, "contributors_enabled": false, "profile_text_color": "333333", "screen_name": "wales4me", "has_extended_profile": false, "geo_enabled": false, "profile_sidebar_fill_color": "DDEEF6", "default_profile_image": false, "created_at": "Wed Mar 11 16:07:12 +0000 2009", "is_translation_enabled": false, "is_translator": false, "profile_image_url_https": "https://pbs.twimg.com/profile_images/1479734318/IMG04_normal.JPG", "friends_count": 37, "profile_link_color": "1DA1F2", "profile_background_image_url_https": "https://abs.twimg.com/images/themes/theme1/bg.png", "profile_image_url": "http://pbs.twimg.com/profile_images/1479734318/IMG04_normal.JPG", "profile_sidebar_border_color": "C0DEED", "entities": {"url": {"urls": [{"url": "http://t.co/MBuagCc1vd", "display_url": "twitter.com/wales4me", "expanded_url": "https://twitter.com/wales4me", "indices": [0, 22]}]}, "description": {"urls": []}}, "protected": false, "favourites_count": 18, "description": "Enjoying retirement", "followers_count": 1, "utc_offset": -25200, "profile_background_tile": false, "status": {"id": 922648081220464641, "in_reply_to_user_id_str": "824704724117057536", "geo": null, "lang": "en", "favorite_count": 0, "text": "@putinsgay @SLandinSoCal @realDonaldTrump @POTUS TRUE!", "contributors": null, "is_quote_status": false, "id_str": "922648081220464641", "truncated": false, "in_reply_to_screen_name": "putinsgay", "place": null, "retweeted": false, "in_reply_to_user_id": 824704724117057536, "created_at": "Tue Oct 24 02:16:59 +0000 2017", "in_reply_to_status_id_str": "922626142548344832", "source": "<a href=\"http://twitter.com/download/android\" rel=\"nofollow\">Twitter for Android</a>", "entities": {"hashtags": [], "symbols": [], "urls": [], "user_mentions": [{"name": "JDP", "id": 824704724117057536, "indices": [0, 10], "screen_name": "putinsgay", "id_str": "824704724117057536"}, {"name": "SL", "id": 757731953281904640, "indices": [11, 24], "screen_name": "SLandinSoCal", "id_str": "757731953281904640"}, {"name": "Donald J. Trump", "id": 25073877, "indices": [25, 41], "screen_name": "realDonaldTrump", "id_str": "25073877"}, {"name": "President Trump", "id": 822215679726100480, "indices": [42, 48], "screen_name": "POTUS", "id_str": "822215679726100480"}]}, "favorited": false, "coordinates": null, "in_reply_to_status_id": 922626142548344832, "retweet_count": 0}}
2017-10-27T02:00:03.861423	{"time_zone": "Pacific Time (US & Canada)", "friends_count": 37, "is_translator": false, "followers_count": 1, "description": "Enjoying retirement", "profile_background_tile": false, "protected": false, "default_profile": true, "profile_image_url_https": "https://pbs.twimg.com/profile_images/1479734318/IMG04_normal.JPG", "notifications": false, "profile_sidebar_fill_color": "DDEEF6", "screen_name": "wales4me", "status": {"lang": "en", "in_reply_to_status_id": 923181896858824705, "in_reply_to_status_id_str": "923181896858824705", "retweeted": false, "retweet_count": 0, "id": 923725041036136448, "source": "<a href=\"http://twitter.com/download/android\" rel=\"nofollow\">Twitter for Android</a>", "truncated": false, "favorite_count": 0, "geo": null, "contributors": null, "in_reply_to_user_id": 905095603297943554, "id_str": "923725041036136448", "text": "@frostycamel @Team_Trump45 @realDonaldTrump Details.", "place": null, "is_quote_status": false, "created_at": "Fri Oct 27 01:36:26 +0000 2017", "favorited": false, "coordinates": null, "in_reply_to_screen_name": "frostycamel", "entities": {"urls": [], "user_mentions": [{"id_str": "905095603297943554", "indices": [0, 12], "screen_name": "frostycamel", "name": "Andy", "id": 905095603297943554}, {"id_str": "3580248555", "indices": [13, 26], "screen_name": "Team_Trump45", "name": "Trumpism\u2122", "id": 3580248555}, {"id_str": "25073877", "indices": [27, 43], "screen_name": "realDonaldTrump", "name": "Donald J. Trump", "id": 25073877}], "hashtags": [], "symbols": []}, "in_reply_to_user_id_str": "905095603297943554"}, "id": 23783299, "is_translation_enabled": false, "profile_image_url": "http://pbs.twimg.com/profile_images/1479734318/IMG04_normal.JPG", "favourites_count": 20, "entities": {"description": {"urls": []}, "url": {"urls": [{"indices": [0, 22], "expanded_url": "https://twitter.com/wales4me", "url": "http://t.co/MBuagCc1vd", "display_url": "twitter.com/wales4me"}]}}, "verified": false, "created_at": "Wed Mar 11 16:07:12 +0000 2009", "following": false, "profile_sidebar_border_color": "C0DEED", "profile_use_background_image": true, "id_str": "23783299", "utc_offset": -25200, "profile_link_color": "1DA1F2", "profile_background_image_url": "http://abs.twimg.com/images/themes/theme1/bg.png", "has_extended_profile": false, "url": "http://t.co/MBuagCc1vd", "name": "Don", "contributors_enabled": false, "profile_text_color": "333333", "listed_count": 0, "profile_background_image_url_https": "https://abs.twimg.com/images/themes/theme1/bg.png", "follow_request_sent": false, "location": "Concord, California", "profile_background_color": "C0DEED", "statuses_count": 31, "lang": "en", "default_profile_image": false, "geo_enabled": false, "translator_type": "none"}
2017-10-27T03:00:03.817916	{"time_zone": "Pacific Time (US & Canada)", "default_profile_image": false, "name": "Don", "id_str": "23783299", "lang": "en", "is_translation_enabled": false, "utc_offset": -25200, "screen_name": "wales4me", "has_extended_profile": false, "url": "http://t.co/MBuagCc1vd", "profile_text_color": "333333", "is_translator": false, "profile_use_background_image": true, "friends_count": 37, "profile_image_url": "http://pbs.twimg.com/profile_images/1479734318/IMG04_normal.JPG", "profile_image_url_https": "https://pbs.twimg.com/profile_images/1479734318/IMG04_normal.JPG", "follow_request_sent": false, "translator_type": "none", "entities": {"url": {"urls": [{"url": "http://t.co/MBuagCc1vd", "expanded_url": "https://twitter.com/wales4me", "display_url": "twitter.com/wales4me", "indices": [0, 22]}]}, "description": {"urls": []}}, "geo_enabled": false, "favourites_count": 20, "protected": false, "statuses_count": 31, "following": false, "profile_background_image_url": "http://abs.twimg.com/images/themes/theme1/bg.png", "profile_background_image_url_https": "https://abs.twimg.com/images/themes/theme1/bg.png", "profile_background_tile": false, "location": "Concord, California", "description": "Enjoying retirement", "profile_sidebar_fill_color": "DDEEF6", "profile_link_color": "1DA1F2", "profile_background_color": "C0DEED", "created_at": "Wed Mar 11 16:07:12 +0000 2009", "status": {"lang": "en", "contributors": null, "id_str": "923725041036136448", "in_reply_to_screen_name": "frostycamel", "favorite_count": 0, "truncated": false, "retweeted": false, "in_reply_to_status_id_str": "923181896858824705", "in_reply_to_user_id_str": "905095603297943554", "retweet_count": 0, "entities": {"urls": [], "symbols": [], "user_mentions": [{"name": "Andy", "indices": [0, 12], "screen_name": "frostycamel", "id_str": "905095603297943554", "id": 905095603297943554}, {"name": "Trumpism\u2122", "indices": [13, 26], "screen_name": "Team_Trump45", "id_str": "3580248555", "id": 3580248555}, {"name": "Donald J. Trump", "indices": [27, 43], "screen_name": "realDonaldTrump", "id_str": "25073877", "id": 25073877}], "hashtags": []}, "coordinates": null, "is_quote_status": false, "place": null, "geo": null, "source": "<a href=\"http://twitter.com/download/android\" rel=\"nofollow\">Twitter for Android</a>", "favorited": false, "created_at": "Fri Oct 27 01:36:26 +0000 2017", "in_reply_to_status_id": 923181896858824705, "id": 923725041036136448, "in_reply_to_user_id": 905095603297943554, "text": "@frostycamel @Team_Trump45 @realDonaldTrump Details."}, "followers_count": 1, "id": 23783299, "default_profile": true, "verified": false, "contributors_enabled": false, "notifications": false, "profile_sidebar_border_color": "C0DEED", "listed_count": 0}
2017-10-27T04:00:04.019775	{"geo_enabled": false, "protected": false, "translator_type": "none", "notifications": false, "favourites_count": 20, "profile_background_image_url_https": "https://abs.twimg.com/images/themes/theme1/bg.png", "profile_use_background_image": true, "profile_background_color": "C0DEED", "following": false, "statuses_count": 31, "profile_text_color": "333333", "entities": {"url": {"urls": [{"expanded_url": "https://twitter.com/wales4me", "indices": [0, 22], "url": "http://t.co/MBuagCc1vd", "display_url": "twitter.com/wales4me"}]}, "description": {"urls": []}}, "profile_background_image_url": "http://abs.twimg.com/images/themes/theme1/bg.png", "default_profile": true, "description": "Enjoying retirement", "name": "Don", "id": 23783299, "profile_sidebar_fill_color": "DDEEF6", "status": {"in_reply_to_screen_name": "frostycamel", "in_reply_to_status_id_str": "923181896858824705", "retweet_count": 0, "entities": {"symbols": [], "user_mentions": [{"name": "Andy", "id": 905095603297943554, "indices": [0, 12], "id_str": "905095603297943554", "screen_name": "frostycamel"}, {"name": "Trumpism\u2122", "id": 3580248555, "indices": [13, 26], "id_str": "3580248555", "screen_name": "Team_Trump45"}, {"name": "Donald J. Trump", "id": 25073877, "indices": [27, 43], "id_str": "25073877", "screen_name": "realDonaldTrump"}], "hashtags": [], "urls": []}, "id_str": "923725041036136448", "in_reply_to_user_id_str": "905095603297943554", "place": null, "id": 923725041036136448, "favorited": false, "text": "@frostycamel @Team_Trump45 @realDonaldTrump Details.", "created_at": "Fri Oct 27 01:36:26 +0000 2017", "lang": "en", "is_quote_status": false, "coordinates": null, "in_reply_to_status_id": 923181896858824705, "retweeted": false, "truncated": false, "source": "<a href=\"http://twitter.com/download/android\" rel=\"nofollow\">Twitter for Android</a>", "contributors": null, "geo": null, "in_reply_to_user_id": 905095603297943554, "favorite_count": 0}, "time_zone": "Pacific Time (US & Canada)", "verified": false, "created_at": "Wed Mar 11 16:07:12 +0000 2009", "lang": "en", "friends_count": 37, "default_profile_image": false, "followers_count": 1, "listed_count": 0, "utc_offset": -25200, "profile_sidebar_border_color": "C0DEED", "id_str": "23783299", "is_translator": false, "profile_background_tile": false, "follow_request_sent": false, "has_extended_profile": false, "url": "http://t.co/MBuagCc1vd", "screen_name": "wales4me", "is_translation_enabled": false, "profile_link_color": "1DA1F2", "profile_image_url": "http://pbs.twimg.com/profile_images/1479734318/IMG04_normal.JPG", "location": "Concord, California", "contributors_enabled": false, "profile_image_url_https": "https://pbs.twimg.com/profile_images/1479734318/IMG04_normal.JPG"}
2017-10-27T05:00:03.571524	{"utc_offset": -25200, "listed_count": 0, "profile_sidebar_border_color": "C0DEED", "contributors_enabled": false, "name": "Don", "entities": {"url": {"urls": [{"url": "http://t.co/MBuagCc1vd", "display_url": "twitter.com/wales4me", "indices": [0, 22], "expanded_url": "https://twitter.com/wales4me"}]}, "description": {"urls": []}}, "profile_use_background_image": true, "profile_background_image_url_https": "https://abs.twimg.com/images/themes/theme1/bg.png", "profile_image_url": "http://pbs.twimg.com/profile_images/1479734318/IMG04_normal.JPG", "geo_enabled": false, "notifications": false, "profile_background_image_url": "http://abs.twimg.com/images/themes/theme1/bg.png", "has_extended_profile": false, "follow_request_sent": false, "default_profile_image": false, "id": 23783299, "url": "http://t.co/MBuagCc1vd", "statuses_count": 31, "is_translator": false, "is_translation_enabled": false, "screen_name": "wales4me", "time_zone": "Pacific Time (US & Canada)", "favourites_count": 20, "status": {"is_quote_status": false, "contributors": null, "in_reply_to_user_id": 905095603297943554, "entities": {"symbols": [], "user_mentions": [{"id_str": "905095603297943554", "id": 905095603297943554, "screen_name": "frostycamel", "name": "Andy", "indices": [0, 12]}, {"id_str": "3580248555", "id": 3580248555, "screen_name": "Team_Trump45", "name": "Trumpism\u2122", "indices": [13, 26]}, {"id_str": "25073877", "id": 25073877, "screen_name": "realDonaldTrump", "name": "Donald J. Trump", "indices": [27, 43]}], "urls": [], "hashtags": []}, "retweeted": false, "id_str": "923725041036136448", "in_reply_to_screen_name": "frostycamel", "id": 923725041036136448, "in_reply_to_status_id_str": "923181896858824705", "truncated": false, "favorited": false, "lang": "en", "in_reply_to_user_id_str": "905095603297943554", "text": "@frostycamel @Team_Trump45 @realDonaldTrump Details.", "favorite_count": 0, "created_at": "Fri Oct 27 01:36:26 +0000 2017", "retweet_count": 0, "coordinates": null, "place": null, "geo": null, "in_reply_to_status_id": 923181896858824705, "source": "<a href=\"http://twitter.com/download/android\" rel=\"nofollow\">Twitter for Android</a>"}, "description": "Enjoying retirement", "lang": "en", "profile_sidebar_fill_color": "DDEEF6", "default_profile": true, "location": "Concord, California", "friends_count": 37, "profile_background_color": "C0DEED", "created_at": "Wed Mar 11 16:07:12 +0000 2009", "verified": false, "following": false, "protected": false, "profile_link_color": "1DA1F2", "profile_background_tile": false, "id_str": "23783299", "followers_count": 1, "profile_image_url_https": "https://pbs.twimg.com/profile_images/1479734318/IMG04_normal.JPG", "translator_type": "none", "profile_text_color": "333333"}
2017-10-27T06:00:04.112522	{"profile_use_background_image": true, "default_profile": true, "profile_background_image_url_https": "https://abs.twimg.com/images/themes/theme1/bg.png", "url": "http://t.co/MBuagCc1vd", "description": "Enjoying retirement", "verified": false, "time_zone": "Pacific Time (US & Canada)", "profile_image_url_https": "https://pbs.twimg.com/profile_images/1479734318/IMG04_normal.JPG", "friends_count": 37, "profile_link_color": "1DA1F2", "created_at": "Wed Mar 11 16:07:12 +0000 2009", "translator_type": "none", "notifications": false, "is_translation_enabled": false, "profile_image_url": "http://pbs.twimg.com/profile_images/1479734318/IMG04_normal.JPG", "followers_count": 1, "profile_background_tile": false, "status": {"text": "@frostycamel @Team_Trump45 @realDonaldTrump Details.", "in_reply_to_user_id": 905095603297943554, "in_reply_to_status_id_str": "923181896858824705", "in_reply_to_status_id": 923181896858824705, "created_at": "Fri Oct 27 01:36:26 +0000 2017", "is_quote_status": false, "geo": null, "contributors": null, "retweet_count": 0, "coordinates": null, "lang": "en", "entities": {"symbols": [], "urls": [], "hashtags": [], "user_mentions": [{"id_str": "905095603297943554", "screen_name": "frostycamel", "id": 905095603297943554, "indices": [0, 12], "name": "Andy"}, {"id_str": "3580248555", "screen_name": "Team_Trump45", "id": 3580248555, "indices": [13, 26], "name": "Trumpism\u2122"}, {"id_str": "25073877", "screen_name": "realDonaldTrump", "id": 25073877, "indices": [27, 43], "name": "Donald J. Trump"}]}, "id_str": "923725041036136448", "in_reply_to_user_id_str": "905095603297943554", "source": "<a href=\"http://twitter.com/download/android\" rel=\"nofollow\">Twitter for Android</a>", "id": 923725041036136448, "favorited": false, "truncated": false, "retweeted": false, "favorite_count": 0, "in_reply_to_screen_name": "frostycamel", "place": null}, "location": "Concord, California", "entities": {"description": {"urls": []}, "url": {"urls": [{"indices": [0, 22], "display_url": "twitter.com/wales4me", "url": "http://t.co/MBuagCc1vd", "expanded_url": "https://twitter.com/wales4me"}]}}, "profile_background_color": "C0DEED", "id_str": "23783299", "profile_background_image_url": "http://abs.twimg.com/images/themes/theme1/bg.png", "has_extended_profile": false, "following": false, "id": 23783299, "profile_text_color": "333333", "follow_request_sent": false, "utc_offset": -25200, "protected": false, "profile_sidebar_border_color": "C0DEED", "default_profile_image": false, "screen_name": "wales4me", "contributors_enabled": false, "is_translator": false, "name": "Don", "favourites_count": 20, "lang": "en", "listed_count": 0, "profile_sidebar_fill_color": "DDEEF6", "geo_enabled": false, "statuses_count": 31}
2017-10-27T07:00:04.121691	{"profile_background_color": "C0DEED", "description": "Enjoying retirement", "notifications": false, "profile_background_image_url_https": "https://abs.twimg.com/images/themes/theme1/bg.png", "profile_sidebar_border_color": "C0DEED", "geo_enabled": false, "translator_type": "none", "name": "Don", "listed_count": 0, "protected": false, "profile_background_image_url": "http://abs.twimg.com/images/themes/theme1/bg.png", "following": false, "profile_use_background_image": true, "location": "Concord, California", "follow_request_sent": false, "followers_count": 1, "status": {"place": null, "text": "@frostycamel @Team_Trump45 @realDonaldTrump Details.", "contributors": null, "geo": null, "coordinates": null, "in_reply_to_user_id_str": "905095603297943554", "in_reply_to_screen_name": "frostycamel", "retweet_count": 0, "id": 923725041036136448, "in_reply_to_status_id": 923181896858824705, "is_quote_status": false, "favorite_count": 0, "entities": {"hashtags": [], "symbols": [], "urls": [], "user_mentions": [{"id_str": "905095603297943554", "id": 905095603297943554, "name": "Andy", "indices": [0, 12], "screen_name": "frostycamel"}, {"id_str": "3580248555", "id": 3580248555, "name": "Trumpism\u2122", "indices": [13, 26], "screen_name": "Team_Trump45"}, {"id_str": "25073877", "id": 25073877, "name": "Donald J. Trump", "indices": [27, 43], "screen_name": "realDonaldTrump"}]}, "source": "<a href=\"http://twitter.com/download/android\" rel=\"nofollow\">Twitter for Android</a>", "id_str": "923725041036136448", "retweeted": false, "in_reply_to_status_id_str": "923181896858824705", "truncated": false, "lang": "en", "in_reply_to_user_id": 905095603297943554, "favorited": false, "created_at": "Fri Oct 27 01:36:26 +0000 2017"}, "time_zone": "Pacific Time (US & Canada)", "friends_count": 37, "favourites_count": 20, "has_extended_profile": false, "url": "http://t.co/MBuagCc1vd", "id": 23783299, "profile_sidebar_fill_color": "DDEEF6", "utc_offset": -25200, "statuses_count": 31, "verified": false, "profile_link_color": "1DA1F2", "entities": {"url": {"urls": [{"url": "http://t.co/MBuagCc1vd", "expanded_url": "https://twitter.com/wales4me", "indices": [0, 22], "display_url": "twitter.com/wales4me"}]}, "description": {"urls": []}}, "default_profile": true, "id_str": "23783299", "profile_background_tile": false, "screen_name": "wales4me", "profile_image_url_https": "https://pbs.twimg.com/profile_images/1479734318/IMG04_normal.JPG", "is_translation_enabled": false, "profile_image_url": "http://pbs.twimg.com/profile_images/1479734318/IMG04_normal.JPG", "contributors_enabled": false, "default_profile_image": false, "lang": "en", "is_translator": false, "profile_text_color": "333333", "created_at": "Wed Mar 11 16:07:12 +0000 2009"}
2017-10-27T08:00:04.565590	{"utc_offset": -25200, "time_zone": "Pacific Time (US & Canada)", "profile_background_image_url": "http://abs.twimg.com/images/themes/theme1/bg.png", "description": "Enjoying retirement", "following": false, "lang": "en", "has_extended_profile": false, "screen_name": "wales4me", "is_translation_enabled": false, "profile_link_color": "1DA1F2", "listed_count": 0, "followers_count": 1, "created_at": "Wed Mar 11 16:07:12 +0000 2009", "profile_background_tile": false, "protected": false, "follow_request_sent": false, "entities": {"url": {"urls": [{"display_url": "twitter.com/wales4me", "url": "http://t.co/MBuagCc1vd", "indices": [0, 22], "expanded_url": "https://twitter.com/wales4me"}]}, "description": {"urls": []}}, "url": "http://t.co/MBuagCc1vd", "default_profile": true, "profile_background_image_url_https": "https://abs.twimg.com/images/themes/theme1/bg.png", "favourites_count": 20, "status": {"retweeted": false, "lang": "en", "text": "@frostycamel @Team_Trump45 @realDonaldTrump Details.", "truncated": false, "entities": {"hashtags": [], "urls": [], "symbols": [], "user_mentions": [{"name": "Andy", "screen_name": "frostycamel", "indices": [0, 12], "id_str": "905095603297943554", "id": 905095603297943554}, {"name": "Trumpism\u2122", "screen_name": "Team_Trump45", "indices": [13, 26], "id_str": "3580248555", "id": 3580248555}, {"name": "Donald J. Trump", "screen_name": "realDonaldTrump", "indices": [27, 43], "id_str": "25073877", "id": 25073877}]}, "created_at": "Fri Oct 27 01:36:26 +0000 2017", "source": "<a href=\"http://twitter.com/download/android\" rel=\"nofollow\">Twitter for Android</a>", "is_quote_status": false, "contributors": null, "in_reply_to_user_id_str": "905095603297943554", "favorited": false, "in_reply_to_screen_name": "frostycamel", "place": null, "in_reply_to_status_id_str": "923181896858824705", "in_reply_to_status_id": 923181896858824705, "geo": null, "retweet_count": 0, "coordinates": null, "favorite_count": 0, "id": 923725041036136448, "in_reply_to_user_id": 905095603297943554, "id_str": "923725041036136448"}, "profile_image_url_https": "https://pbs.twimg.com/profile_images/1479734318/IMG04_normal.JPG", "default_profile_image": false, "verified": false, "location": "Concord, California", "translator_type": "none", "profile_text_color": "333333", "is_translator": false, "statuses_count": 31, "profile_sidebar_fill_color": "DDEEF6", "profile_use_background_image": true, "name": "Don", "geo_enabled": false, "friends_count": 37, "profile_background_color": "C0DEED", "contributors_enabled": false, "profile_image_url": "http://pbs.twimg.com/profile_images/1479734318/IMG04_normal.JPG", "id": 23783299, "notifications": false, "profile_sidebar_border_color": "C0DEED", "id_str": "23783299"}
2017-10-27T09:00:04.324904	{"is_translator": false, "contributors_enabled": false, "profile_background_color": "C0DEED", "favourites_count": 20, "translator_type": "none", "following": false, "id_str": "23783299", "statuses_count": 31, "listed_count": 0, "profile_sidebar_border_color": "C0DEED", "has_extended_profile": false, "lang": "en", "profile_image_url_https": "https://pbs.twimg.com/profile_images/1479734318/IMG04_normal.JPG", "url": "http://t.co/MBuagCc1vd", "profile_text_color": "333333", "created_at": "Wed Mar 11 16:07:12 +0000 2009", "profile_background_image_url_https": "https://abs.twimg.com/images/themes/theme1/bg.png", "id": 23783299, "profile_link_color": "1DA1F2", "utc_offset": -25200, "time_zone": "Pacific Time (US & Canada)", "followers_count": 1, "protected": false, "is_translation_enabled": false, "friends_count": 37, "verified": false, "location": "Concord, California", "screen_name": "wales4me", "geo_enabled": false, "entities": {"url": {"urls": [{"indices": [0, 22], "display_url": "twitter.com/wales4me", "url": "http://t.co/MBuagCc1vd", "expanded_url": "https://twitter.com/wales4me"}]}, "description": {"urls": []}}, "profile_use_background_image": true, "default_profile_image": false, "default_profile": true, "description": "Enjoying retirement", "profile_sidebar_fill_color": "DDEEF6", "notifications": false, "follow_request_sent": false, "profile_background_tile": false, "status": {"text": "@frostycamel @Team_Trump45 @realDonaldTrump Details.", "contributors": null, "lang": "en", "is_quote_status": false, "retweeted": false, "id_str": "923725041036136448", "geo": null, "source": "<a href=\"http://twitter.com/download/android\" rel=\"nofollow\">Twitter for Android</a>", "retweet_count": 0, "coordinates": null, "created_at": "Fri Oct 27 01:36:26 +0000 2017", "entities": {"symbols": [], "urls": [], "user_mentions": [{"indices": [0, 12], "id": 905095603297943554, "name": "Andy", "id_str": "905095603297943554", "screen_name": "frostycamel"}, {"indices": [13, 26], "id": 3580248555, "name": "Trumpism\u2122", "id_str": "3580248555", "screen_name": "Team_Trump45"}, {"indices": [27, 43], "id": 25073877, "name": "Donald J. Trump", "id_str": "25073877", "screen_name": "realDonaldTrump"}], "hashtags": []}, "truncated": false, "in_reply_to_screen_name": "frostycamel", "in_reply_to_status_id_str": "923181896858824705", "in_reply_to_user_id_str": "905095603297943554", "place": null, "in_reply_to_user_id": 905095603297943554, "in_reply_to_status_id": 923181896858824705, "favorite_count": 0, "id": 923725041036136448, "favorited": false}, "profile_background_image_url": "http://abs.twimg.com/images/themes/theme1/bg.png", "profile_image_url": "http://pbs.twimg.com/profile_images/1479734318/IMG04_normal.JPG", "name": "Don"}
2017-10-27T10:00:03.725180	{"has_extended_profile": false, "contributors_enabled": false, "profile_image_url": "http://pbs.twimg.com/profile_images/1479734318/IMG04_normal.JPG", "profile_image_url_https": "https://pbs.twimg.com/profile_images/1479734318/IMG04_normal.JPG", "listed_count": 0, "utc_offset": -25200, "status": {"geo": null, "source": "<a href=\"http://twitter.com/download/android\" rel=\"nofollow\">Twitter for Android</a>", "in_reply_to_user_id_str": "905095603297943554", "favorite_count": 0, "id": 923725041036136448, "entities": {"urls": [], "symbols": [], "user_mentions": [{"name": "Andy", "screen_name": "frostycamel", "id_str": "905095603297943554", "indices": [0, 12], "id": 905095603297943554}, {"name": "Trumpism\u2122", "screen_name": "Team_Trump45", "id_str": "3580248555", "indices": [13, 26], "id": 3580248555}, {"name": "Donald J. Trump", "screen_name": "realDonaldTrump", "id_str": "25073877", "indices": [27, 43], "id": 25073877}], "hashtags": []}, "retweet_count": 0, "coordinates": null, "text": "@frostycamel @Team_Trump45 @realDonaldTrump Details.", "is_quote_status": false, "id_str": "923725041036136448", "retweeted": false, "contributors": null, "in_reply_to_screen_name": "frostycamel", "in_reply_to_user_id": 905095603297943554, "place": null, "created_at": "Fri Oct 27 01:36:26 +0000 2017", "favorited": false, "lang": "en", "truncated": false, "in_reply_to_status_id": 923181896858824705, "in_reply_to_status_id_str": "923181896858824705"}, "id": 23783299, "default_profile_image": false, "profile_text_color": "333333", "created_at": "Wed Mar 11 16:07:12 +0000 2009", "statuses_count": 31, "followers_count": 1, "name": "Don", "screen_name": "wales4me", "verified": false, "time_zone": "Pacific Time (US & Canada)", "profile_background_image_url": "http://abs.twimg.com/images/themes/theme1/bg.png", "notifications": false, "follow_request_sent": false, "following": false, "protected": false, "url": "http://t.co/MBuagCc1vd", "friends_count": 37, "id_str": "23783299", "profile_link_color": "1DA1F2", "profile_background_image_url_https": "https://abs.twimg.com/images/themes/theme1/bg.png", "profile_background_color": "C0DEED", "favourites_count": 20, "entities": {"description": {"urls": []}, "url": {"urls": [{"indices": [0, 22], "display_url": "twitter.com/wales4me", "url": "http://t.co/MBuagCc1vd", "expanded_url": "https://twitter.com/wales4me"}]}}, "translator_type": "none", "profile_use_background_image": true, "lang": "en", "location": "Concord, California", "is_translation_enabled": false, "profile_background_tile": false, "description": "Enjoying retirement", "is_translator": false, "geo_enabled": false, "profile_sidebar_fill_color": "DDEEF6", "default_profile": true, "profile_sidebar_border_color": "C0DEED"}
2017-10-27T11:00:04.785813	{"time_zone": "Pacific Time (US & Canada)", "geo_enabled": false, "created_at": "Wed Mar 11 16:07:12 +0000 2009", "has_extended_profile": false, "profile_sidebar_border_color": "C0DEED", "name": "Don", "profile_use_background_image": true, "profile_image_url_https": "https://pbs.twimg.com/profile_images/1479734318/IMG04_normal.JPG", "notifications": false, "default_profile": true, "screen_name": "wales4me", "friends_count": 37, "translator_type": "none", "statuses_count": 31, "is_translation_enabled": false, "entities": {"url": {"urls": [{"url": "http://t.co/MBuagCc1vd", "indices": [0, 22], "expanded_url": "https://twitter.com/wales4me", "display_url": "twitter.com/wales4me"}]}, "description": {"urls": []}}, "follow_request_sent": false, "url": "http://t.co/MBuagCc1vd", "description": "Enjoying retirement", "protected": false, "id": 23783299, "followers_count": 1, "lang": "en", "id_str": "23783299", "following": false, "profile_background_image_url_https": "https://abs.twimg.com/images/themes/theme1/bg.png", "is_translator": false, "profile_background_color": "C0DEED", "profile_background_image_url": "http://abs.twimg.com/images/themes/theme1/bg.png", "default_profile_image": false, "profile_sidebar_fill_color": "DDEEF6", "location": "Concord, California", "profile_link_color": "1DA1F2", "contributors_enabled": false, "profile_image_url": "http://pbs.twimg.com/profile_images/1479734318/IMG04_normal.JPG", "utc_offset": -25200, "verified": false, "profile_text_color": "333333", "status": {"retweeted": false, "created_at": "Fri Oct 27 01:36:26 +0000 2017", "favorited": false, "coordinates": null, "in_reply_to_screen_name": "frostycamel", "entities": {"hashtags": [], "urls": [], "symbols": [], "user_mentions": [{"id_str": "905095603297943554", "indices": [0, 12], "id": 905095603297943554, "name": "Andy", "screen_name": "frostycamel"}, {"id_str": "3580248555", "indices": [13, 26], "id": 3580248555, "name": "Trumpism\u2122", "screen_name": "Team_Trump45"}, {"id_str": "25073877", "indices": [27, 43], "id": 25073877, "name": "Donald J. Trump", "screen_name": "realDonaldTrump"}]}, "in_reply_to_user_id": 905095603297943554, "in_reply_to_status_id_str": "923181896858824705", "geo": null, "contributors": null, "favorite_count": 0, "id_str": "923725041036136448", "source": "<a href=\"http://twitter.com/download/android\" rel=\"nofollow\">Twitter for Android</a>", "text": "@frostycamel @Team_Trump45 @realDonaldTrump Details.", "is_quote_status": false, "in_reply_to_status_id": 923181896858824705, "in_reply_to_user_id_str": "905095603297943554", "retweet_count": 0, "lang": "en", "id": 923725041036136448, "truncated": false, "place": null}, "listed_count": 0, "profile_background_tile": false, "favourites_count": 20}
2017-10-27T12:00:05.156950	{"listed_count": 0, "entities": {"url": {"urls": [{"display_url": "twitter.com/wales4me", "url": "http://t.co/MBuagCc1vd", "expanded_url": "https://twitter.com/wales4me", "indices": [0, 22]}]}, "description": {"urls": []}}, "time_zone": "Pacific Time (US & Canada)", "profile_background_image_url": "http://abs.twimg.com/images/themes/theme1/bg.png", "verified": false, "profile_background_color": "C0DEED", "protected": false, "friends_count": 37, "default_profile_image": false, "profile_use_background_image": true, "profile_background_image_url_https": "https://abs.twimg.com/images/themes/theme1/bg.png", "is_translation_enabled": false, "statuses_count": 31, "name": "Don", "profile_sidebar_fill_color": "DDEEF6", "profile_text_color": "333333", "id": 23783299, "is_translator": false, "following": false, "location": "Concord, California", "contributors_enabled": false, "profile_image_url_https": "https://pbs.twimg.com/profile_images/1479734318/IMG04_normal.JPG", "screen_name": "wales4me", "created_at": "Wed Mar 11 16:07:12 +0000 2009", "follow_request_sent": false, "id_str": "23783299", "translator_type": "none", "profile_link_color": "1DA1F2", "description": "Enjoying retirement", "geo_enabled": false, "notifications": false, "followers_count": 1, "profile_background_tile": false, "profile_sidebar_border_color": "C0DEED", "url": "http://t.co/MBuagCc1vd", "favourites_count": 20, "lang": "en", "default_profile": true, "profile_image_url": "http://pbs.twimg.com/profile_images/1479734318/IMG04_normal.JPG", "status": {"lang": "en", "entities": {"hashtags": [], "urls": [], "user_mentions": [{"id": 905095603297943554, "indices": [0, 12], "screen_name": "frostycamel", "name": "Andy", "id_str": "905095603297943554"}, {"id": 3580248555, "indices": [13, 26], "screen_name": "Team_Trump45", "name": "Trumpism\u2122", "id_str": "3580248555"}, {"id": 25073877, "indices": [27, 43], "screen_name": "realDonaldTrump", "name": "Donald J. Trump", "id_str": "25073877"}], "symbols": []}, "coordinates": null, "favorited": false, "source": "<a href=\"http://twitter.com/download/android\" rel=\"nofollow\">Twitter for Android</a>", "id": 923725041036136448, "retweeted": false, "is_quote_status": false, "favorite_count": 0, "retweet_count": 0, "in_reply_to_screen_name": "frostycamel", "place": null, "in_reply_to_user_id": 905095603297943554, "created_at": "Fri Oct 27 01:36:26 +0000 2017", "in_reply_to_status_id_str": "923181896858824705", "id_str": "923725041036136448", "truncated": false, "geo": null, "in_reply_to_status_id": 923181896858824705, "in_reply_to_user_id_str": "905095603297943554", "text": "@frostycamel @Team_Trump45 @realDonaldTrump Details.", "contributors": null}, "utc_offset": -25200, "has_extended_profile": false}
2017-10-27T13:00:04.597636	{"name": "Don", "followers_count": 1, "default_profile": true, "is_translator": false, "description": "Enjoying retirement", "profile_use_background_image": true, "follow_request_sent": false, "profile_background_color": "C0DEED", "is_translation_enabled": false, "profile_link_color": "1DA1F2", "time_zone": "Pacific Time (US & Canada)", "following": false, "statuses_count": 31, "geo_enabled": false, "profile_sidebar_border_color": "C0DEED", "utc_offset": -25200, "created_at": "Wed Mar 11 16:07:12 +0000 2009", "friends_count": 37, "profile_background_image_url_https": "https://abs.twimg.com/images/themes/theme1/bg.png", "screen_name": "wales4me", "profile_text_color": "333333", "profile_sidebar_fill_color": "DDEEF6", "profile_background_image_url": "http://abs.twimg.com/images/themes/theme1/bg.png", "notifications": false, "id": 23783299, "default_profile_image": false, "contributors_enabled": false, "entities": {"description": {"urls": []}, "url": {"urls": [{"indices": [0, 22], "display_url": "twitter.com/wales4me", "expanded_url": "https://twitter.com/wales4me", "url": "http://t.co/MBuagCc1vd"}]}}, "location": "Concord, California", "verified": false, "status": {"truncated": false, "is_quote_status": false, "favorite_count": 0, "source": "<a href=\"http://twitter.com/download/android\" rel=\"nofollow\">Twitter for Android</a>", "in_reply_to_status_id": 923181896858824705, "in_reply_to_user_id": 905095603297943554, "favorited": false, "retweeted": false, "created_at": "Fri Oct 27 01:36:26 +0000 2017", "text": "@frostycamel @Team_Trump45 @realDonaldTrump Details.", "lang": "en", "in_reply_to_status_id_str": "923181896858824705", "id": 923725041036136448, "in_reply_to_user_id_str": "905095603297943554", "entities": {"urls": [], "symbols": [], "user_mentions": [{"name": "Andy", "id": 905095603297943554, "id_str": "905095603297943554", "screen_name": "frostycamel", "indices": [0, 12]}, {"name": "Trumpism\u2122", "id": 3580248555, "id_str": "3580248555", "screen_name": "Team_Trump45", "indices": [13, 26]}, {"name": "Donald J. Trump", "id": 25073877, "id_str": "25073877", "screen_name": "realDonaldTrump", "indices": [27, 43]}], "hashtags": []}, "place": null, "geo": null, "coordinates": null, "id_str": "923725041036136448", "in_reply_to_screen_name": "frostycamel", "contributors": null, "retweet_count": 0}, "profile_image_url": "http://pbs.twimg.com/profile_images/1479734318/IMG04_normal.JPG", "protected": false, "has_extended_profile": false, "favourites_count": 20, "id_str": "23783299", "profile_background_tile": false, "url": "http://t.co/MBuagCc1vd", "listed_count": 0, "lang": "en", "translator_type": "none", "profile_image_url_https": "https://pbs.twimg.com/profile_images/1479734318/IMG04_normal.JPG"}
2017-10-27T14:00:05.123371	{"profile_use_background_image": true, "translator_type": "none", "following": false, "id_str": "23783299", "profile_image_url_https": "https://pbs.twimg.com/profile_images/1479734318/IMG04_normal.JPG", "friends_count": 37, "geo_enabled": false, "is_translator": false, "statuses_count": 31, "default_profile": true, "verified": false, "protected": false, "follow_request_sent": false, "utc_offset": -25200, "screen_name": "wales4me", "profile_image_url": "http://pbs.twimg.com/profile_images/1479734318/IMG04_normal.JPG", "url": "http://t.co/MBuagCc1vd", "followers_count": 1, "default_profile_image": false, "profile_sidebar_border_color": "C0DEED", "profile_text_color": "333333", "profile_background_image_url": "http://abs.twimg.com/images/themes/theme1/bg.png", "entities": {"url": {"urls": [{"url": "http://t.co/MBuagCc1vd", "expanded_url": "https://twitter.com/wales4me", "display_url": "twitter.com/wales4me", "indices": [0, 22]}]}, "description": {"urls": []}}, "profile_background_tile": false, "created_at": "Wed Mar 11 16:07:12 +0000 2009", "time_zone": "Pacific Time (US & Canada)", "location": "Concord, California", "status": {"in_reply_to_user_id_str": "905095603297943554", "favorite_count": 0, "favorited": false, "text": "@frostycamel @Team_Trump45 @realDonaldTrump Details.", "place": null, "truncated": false, "in_reply_to_status_id_str": "923181896858824705", "coordinates": null, "contributors": null, "entities": {"hashtags": [], "symbols": [], "urls": [], "user_mentions": [{"indices": [0, 12], "id": 905095603297943554, "id_str": "905095603297943554", "name": "Andy", "screen_name": "frostycamel"}, {"indices": [13, 26], "id": 3580248555, "id_str": "3580248555", "name": "Trumpism\u2122", "screen_name": "Team_Trump45"}, {"indices": [27, 43], "id": 25073877, "id_str": "25073877", "name": "Donald J. Trump", "screen_name": "realDonaldTrump"}]}, "is_quote_status": false, "created_at": "Fri Oct 27 01:36:26 +0000 2017", "id_str": "923725041036136448", "in_reply_to_user_id": 905095603297943554, "retweeted": false, "in_reply_to_status_id": 923181896858824705, "lang": "en", "source": "<a href=\"http://twitter.com/download/android\" rel=\"nofollow\">Twitter for Android</a>", "geo": null, "retweet_count": 0, "in_reply_to_screen_name": "frostycamel", "id": 923725041036136448}, "name": "Don", "favourites_count": 20, "lang": "en", "profile_sidebar_fill_color": "DDEEF6", "is_translation_enabled": false, "notifications": false, "listed_count": 0, "has_extended_profile": false, "profile_background_color": "C0DEED", "profile_background_image_url_https": "https://abs.twimg.com/images/themes/theme1/bg.png", "contributors_enabled": false, "profile_link_color": "1DA1F2", "id": 23783299, "description": "Enjoying retirement"}
2017-10-27T15:00:03.852892	{"follow_request_sent": false, "profile_image_url_https": "https://pbs.twimg.com/profile_images/1479734318/IMG04_normal.JPG", "friends_count": 37, "id": 23783299, "profile_sidebar_border_color": "C0DEED", "entities": {"url": {"urls": [{"display_url": "twitter.com/wales4me", "url": "http://t.co/MBuagCc1vd", "indices": [0, 22], "expanded_url": "https://twitter.com/wales4me"}]}, "description": {"urls": []}}, "statuses_count": 31, "profile_image_url": "http://pbs.twimg.com/profile_images/1479734318/IMG04_normal.JPG", "name": "Don", "profile_background_tile": false, "profile_background_color": "C0DEED", "utc_offset": -25200, "id_str": "23783299", "notifications": false, "profile_sidebar_fill_color": "DDEEF6", "is_translator": false, "status": {"in_reply_to_user_id_str": "905095603297943554", "favorited": false, "id": 923725041036136448, "in_reply_to_status_id": 923181896858824705, "truncated": false, "retweeted": false, "id_str": "923725041036136448", "geo": null, "text": "@frostycamel @Team_Trump45 @realDonaldTrump Details.", "source": "<a href=\"http://twitter.com/download/android\" rel=\"nofollow\">Twitter for Android</a>", "in_reply_to_user_id": 905095603297943554, "retweet_count": 0, "in_reply_to_status_id_str": "923181896858824705", "created_at": "Fri Oct 27 01:36:26 +0000 2017", "is_quote_status": false, "favorite_count": 0, "place": null, "lang": "en", "entities": {"symbols": [], "hashtags": [], "urls": [], "user_mentions": [{"id_str": "905095603297943554", "indices": [0, 12], "name": "Andy", "screen_name": "frostycamel", "id": 905095603297943554}, {"id_str": "3580248555", "indices": [13, 26], "name": "Trumpism\u2122", "screen_name": "Team_Trump45", "id": 3580248555}, {"id_str": "25073877", "indices": [27, 43], "name": "Donald J. Trump", "screen_name": "realDonaldTrump", "id": 25073877}]}, "coordinates": null, "in_reply_to_screen_name": "frostycamel", "contributors": null}, "created_at": "Wed Mar 11 16:07:12 +0000 2009", "profile_background_image_url": "http://abs.twimg.com/images/themes/theme1/bg.png", "profile_background_image_url_https": "https://abs.twimg.com/images/themes/theme1/bg.png", "favourites_count": 20, "has_extended_profile": false, "location": "Concord, California", "profile_text_color": "333333", "translator_type": "none", "contributors_enabled": false, "profile_use_background_image": true, "followers_count": 1, "is_translation_enabled": false, "profile_link_color": "1DA1F2", "default_profile_image": false, "lang": "en", "geo_enabled": false, "listed_count": 0, "time_zone": "Pacific Time (US & Canada)", "url": "http://t.co/MBuagCc1vd", "verified": false, "following": false, "screen_name": "wales4me", "protected": false, "description": "Enjoying retirement", "default_profile": true}
2017-10-27T16:00:04.195582	{"profile_background_image_url": "http://abs.twimg.com/images/themes/theme1/bg.png", "profile_use_background_image": true, "friends_count": 37, "contributors_enabled": false, "profile_text_color": "333333", "favourites_count": 20, "protected": false, "id": 23783299, "location": "Concord, California", "created_at": "Wed Mar 11 16:07:12 +0000 2009", "is_translation_enabled": false, "followers_count": 1, "description": "Enjoying retirement", "lang": "en", "entities": {"url": {"urls": [{"url": "http://t.co/MBuagCc1vd", "indices": [0, 22], "expanded_url": "https://twitter.com/wales4me", "display_url": "twitter.com/wales4me"}]}, "description": {"urls": []}}, "statuses_count": 31, "profile_background_color": "C0DEED", "default_profile_image": false, "utc_offset": -25200, "profile_image_url": "http://pbs.twimg.com/profile_images/1479734318/IMG04_normal.JPG", "has_extended_profile": false, "listed_count": 0, "default_profile": true, "profile_background_tile": false, "profile_sidebar_border_color": "C0DEED", "url": "http://t.co/MBuagCc1vd", "profile_link_color": "1DA1F2", "time_zone": "Pacific Time (US & Canada)", "follow_request_sent": false, "translator_type": "none", "screen_name": "wales4me", "is_translator": false, "verified": false, "status": {"in_reply_to_screen_name": "frostycamel", "in_reply_to_user_id": 905095603297943554, "text": "@frostycamel @Team_Trump45 @realDonaldTrump Details.", "lang": "en", "place": null, "id": 923725041036136448, "favorite_count": 0, "created_at": "Fri Oct 27 01:36:26 +0000 2017", "contributors": null, "source": "<a href=\"http://twitter.com/download/android\" rel=\"nofollow\">Twitter for Android</a>", "retweet_count": 0, "entities": {"hashtags": [], "symbols": [], "user_mentions": [{"screen_name": "frostycamel", "id_str": "905095603297943554", "indices": [0, 12], "id": 905095603297943554, "name": "Andy"}, {"screen_name": "Team_Trump45", "id_str": "3580248555", "indices": [13, 26], "id": 3580248555, "name": "Trumpism\u2122"}, {"screen_name": "realDonaldTrump", "id_str": "25073877", "indices": [27, 43], "id": 25073877, "name": "Donald J. Trump"}], "urls": []}, "coordinates": null, "in_reply_to_status_id_str": "923181896858824705", "retweeted": false, "truncated": false, "in_reply_to_status_id": 923181896858824705, "is_quote_status": false, "geo": null, "in_reply_to_user_id_str": "905095603297943554", "id_str": "923725041036136448", "favorited": false}, "profile_background_image_url_https": "https://abs.twimg.com/images/themes/theme1/bg.png", "profile_sidebar_fill_color": "DDEEF6", "name": "Don", "id_str": "23783299", "notifications": false, "profile_image_url_https": "https://pbs.twimg.com/profile_images/1479734318/IMG04_normal.JPG", "following": false, "geo_enabled": false}
2017-10-27T17:00:04.307297	{"follow_request_sent": false, "geo_enabled": false, "protected": false, "profile_text_color": "333333", "following": false, "entities": {"url": {"urls": [{"indices": [0, 22], "display_url": "twitter.com/wales4me", "url": "http://t.co/MBuagCc1vd", "expanded_url": "https://twitter.com/wales4me"}]}, "description": {"urls": []}}, "utc_offset": -25200, "url": "http://t.co/MBuagCc1vd", "is_translator": false, "contributors_enabled": false, "time_zone": "Pacific Time (US & Canada)", "profile_background_tile": false, "profile_sidebar_fill_color": "DDEEF6", "is_translation_enabled": false, "translator_type": "none", "has_extended_profile": false, "screen_name": "wales4me", "friends_count": 37, "listed_count": 0, "profile_image_url_https": "https://pbs.twimg.com/profile_images/1479734318/IMG04_normal.JPG", "followers_count": 1, "id": 23783299, "status": {"in_reply_to_user_id": 905095603297943554, "in_reply_to_status_id_str": "923181896858824705", "text": "@frostycamel @Team_Trump45 @realDonaldTrump Details.", "geo": null, "entities": {"urls": [], "hashtags": [], "user_mentions": [{"indices": [0, 12], "name": "Andy", "id_str": "905095603297943554", "screen_name": "frostycamel", "id": 905095603297943554}, {"indices": [13, 26], "name": "Trumpism\u2122", "id_str": "3580248555", "screen_name": "Team_Trump45", "id": 3580248555}, {"indices": [27, 43], "name": "Donald J. Trump", "id_str": "25073877", "screen_name": "realDonaldTrump", "id": 25073877}], "symbols": []}, "retweeted": false, "source": "<a href=\"http://twitter.com/download/android\" rel=\"nofollow\">Twitter for Android</a>", "in_reply_to_status_id": 923181896858824705, "place": null, "in_reply_to_user_id_str": "905095603297943554", "coordinates": null, "favorite_count": 0, "retweet_count": 0, "contributors": null, "lang": "en", "truncated": false, "id": 923725041036136448, "favorited": false, "id_str": "923725041036136448", "in_reply_to_screen_name": "frostycamel", "is_quote_status": false, "created_at": "Fri Oct 27 01:36:26 +0000 2017"}, "profile_sidebar_border_color": "C0DEED", "description": "Enjoying retirement", "notifications": false, "profile_background_image_url": "http://abs.twimg.com/images/themes/theme1/bg.png", "lang": "en", "profile_link_color": "1DA1F2", "profile_image_url": "http://pbs.twimg.com/profile_images/1479734318/IMG04_normal.JPG", "default_profile_image": false, "statuses_count": 31, "profile_background_image_url_https": "https://abs.twimg.com/images/themes/theme1/bg.png", "profile_use_background_image": true, "verified": false, "name": "Don", "id_str": "23783299", "location": "Concord, California", "favourites_count": 20, "default_profile": true, "created_at": "Wed Mar 11 16:07:12 +0000 2009", "profile_background_color": "C0DEED"}
2017-10-27T18:00:03.650070	{"utc_offset": -25200, "has_extended_profile": false, "created_at": "Wed Mar 11 16:07:12 +0000 2009", "statuses_count": 31, "entities": {"description": {"urls": []}, "url": {"urls": [{"display_url": "twitter.com/wales4me", "indices": [0, 22], "expanded_url": "https://twitter.com/wales4me", "url": "http://t.co/MBuagCc1vd"}]}}, "profile_background_image_url_https": "https://abs.twimg.com/images/themes/theme1/bg.png", "friends_count": 37, "follow_request_sent": false, "profile_image_url": "http://pbs.twimg.com/profile_images/1479734318/IMG04_normal.JPG", "default_profile_image": false, "listed_count": 0, "profile_background_color": "C0DEED", "profile_background_image_url": "http://abs.twimg.com/images/themes/theme1/bg.png", "followers_count": 1, "geo_enabled": false, "description": "Enjoying retirement", "is_translation_enabled": false, "name": "Don", "id_str": "23783299", "profile_text_color": "333333", "protected": false, "screen_name": "wales4me", "verified": false, "profile_image_url_https": "https://pbs.twimg.com/profile_images/1479734318/IMG04_normal.JPG", "url": "http://t.co/MBuagCc1vd", "following": false, "location": "Concord, California", "status": {"geo": null, "is_quote_status": false, "created_at": "Fri Oct 27 01:36:26 +0000 2017", "entities": {"hashtags": [], "urls": [], "user_mentions": [{"screen_name": "frostycamel", "indices": [0, 12], "id": 905095603297943554, "name": "Andy", "id_str": "905095603297943554"}, {"screen_name": "Team_Trump45", "indices": [13, 26], "id": 3580248555, "name": "Trumpism\u2122", "id_str": "3580248555"}, {"screen_name": "realDonaldTrump", "indices": [27, 43], "id": 25073877, "name": "Donald J. Trump", "id_str": "25073877"}], "symbols": []}, "contributors": null, "in_reply_to_status_id": 923181896858824705, "in_reply_to_status_id_str": "923181896858824705", "favorited": false, "source": "<a href=\"http://twitter.com/download/android\" rel=\"nofollow\">Twitter for Android</a>", "favorite_count": 0, "id_str": "923725041036136448", "truncated": false, "lang": "en", "retweeted": false, "place": null, "coordinates": null, "in_reply_to_user_id_str": "905095603297943554", "id": 923725041036136448, "retweet_count": 0, "in_reply_to_screen_name": "frostycamel", "in_reply_to_user_id": 905095603297943554, "text": "@frostycamel @Team_Trump45 @realDonaldTrump Details."}, "profile_use_background_image": true, "profile_link_color": "1DA1F2", "profile_sidebar_border_color": "C0DEED", "profile_sidebar_fill_color": "DDEEF6", "translator_type": "none", "id": 23783299, "profile_background_tile": false, "default_profile": true, "is_translator": false, "favourites_count": 20, "time_zone": "Pacific Time (US & Canada)", "lang": "en", "contributors_enabled": false, "notifications": false}
2017-10-27T19:00:04.086892	{"friends_count": 37, "location": "Concord, California", "profile_text_color": "333333", "lang": "en", "protected": false, "default_profile_image": false, "favourites_count": 20, "profile_sidebar_fill_color": "DDEEF6", "created_at": "Wed Mar 11 16:07:12 +0000 2009", "listed_count": 0, "status": {"lang": "en", "in_reply_to_status_id_str": "923181896858824705", "contributors": null, "geo": null, "created_at": "Fri Oct 27 01:36:26 +0000 2017", "id_str": "923725041036136448", "entities": {"symbols": [], "user_mentions": [{"name": "Andy", "screen_name": "frostycamel", "indices": [0, 12], "id_str": "905095603297943554", "id": 905095603297943554}, {"name": "Trumpism\u2122", "screen_name": "Team_Trump45", "indices": [13, 26], "id_str": "3580248555", "id": 3580248555}, {"name": "Donald J. Trump", "screen_name": "realDonaldTrump", "indices": [27, 43], "id_str": "25073877", "id": 25073877}], "hashtags": [], "urls": []}, "in_reply_to_user_id": 905095603297943554, "in_reply_to_user_id_str": "905095603297943554", "is_quote_status": false, "in_reply_to_screen_name": "frostycamel", "source": "<a href=\"http://twitter.com/download/android\" rel=\"nofollow\">Twitter for Android</a>", "in_reply_to_status_id": 923181896858824705, "id": 923725041036136448, "coordinates": null, "favorite_count": 0, "text": "@frostycamel @Team_Trump45 @realDonaldTrump Details.", "retweeted": false, "place": null, "retweet_count": 0, "truncated": false, "favorited": false}, "is_translation_enabled": false, "following": false, "notifications": false, "id_str": "23783299", "screen_name": "wales4me", "profile_background_color": "C0DEED", "verified": false, "entities": {"url": {"urls": [{"display_url": "twitter.com/wales4me", "expanded_url": "https://twitter.com/wales4me", "indices": [0, 22], "url": "http://t.co/MBuagCc1vd"}]}, "description": {"urls": []}}, "description": "Enjoying retirement", "utc_offset": -25200, "profile_sidebar_border_color": "C0DEED", "profile_use_background_image": true, "profile_link_color": "1DA1F2", "url": "http://t.co/MBuagCc1vd", "followers_count": 1, "statuses_count": 31, "profile_background_tile": false, "profile_background_image_url": "http://abs.twimg.com/images/themes/theme1/bg.png", "translator_type": "none", "profile_image_url": "http://pbs.twimg.com/profile_images/1479734318/IMG04_normal.JPG", "geo_enabled": false, "id": 23783299, "name": "Don", "has_extended_profile": false, "contributors_enabled": false, "default_profile": true, "is_translator": false, "follow_request_sent": false, "time_zone": "Pacific Time (US & Canada)", "profile_background_image_url_https": "https://abs.twimg.com/images/themes/theme1/bg.png", "profile_image_url_https": "https://pbs.twimg.com/profile_images/1479734318/IMG04_normal.JPG"}
2017-10-27T20:00:03.962734	{"created_at": "Wed Mar 11 16:07:12 +0000 2009", "profile_background_tile": false, "default_profile_image": false, "has_extended_profile": false, "follow_request_sent": false, "is_translation_enabled": false, "profile_text_color": "333333", "friends_count": 37, "contributors_enabled": false, "time_zone": "Pacific Time (US & Canada)", "profile_sidebar_border_color": "C0DEED", "screen_name": "wales4me", "profile_image_url_https": "https://pbs.twimg.com/profile_images/1479734318/IMG04_normal.JPG", "verified": false, "profile_background_image_url": "http://abs.twimg.com/images/themes/theme1/bg.png", "entities": {"url": {"urls": [{"expanded_url": "https://twitter.com/wales4me", "indices": [0, 22], "url": "http://t.co/MBuagCc1vd", "display_url": "twitter.com/wales4me"}]}, "description": {"urls": []}}, "profile_image_url": "http://pbs.twimg.com/profile_images/1479734318/IMG04_normal.JPG", "description": "Enjoying retirement", "profile_link_color": "1DA1F2", "geo_enabled": false, "translator_type": "none", "profile_background_image_url_https": "https://abs.twimg.com/images/themes/theme1/bg.png", "following": false, "name": "Don", "id_str": "23783299", "profile_sidebar_fill_color": "DDEEF6", "default_profile": true, "lang": "en", "followers_count": 1, "location": "Concord, California", "url": "http://t.co/MBuagCc1vd", "profile_use_background_image": true, "id": 23783299, "listed_count": 0, "notifications": false, "protected": false, "favourites_count": 20, "is_translator": false, "utc_offset": -25200, "statuses_count": 31, "profile_background_color": "C0DEED", "status": {"created_at": "Fri Oct 27 01:36:26 +0000 2017", "retweeted": false, "retweet_count": 0, "in_reply_to_status_id_str": "923181896858824705", "truncated": false, "contributors": null, "in_reply_to_user_id_str": "905095603297943554", "coordinates": null, "entities": {"urls": [], "symbols": [], "user_mentions": [{"indices": [0, 12], "name": "Andy", "id_str": "905095603297943554", "screen_name": "frostycamel", "id": 905095603297943554}, {"indices": [13, 26], "name": "Trumpism\u2122", "id_str": "3580248555", "screen_name": "Team_Trump45", "id": 3580248555}, {"indices": [27, 43], "name": "Donald J. Trump", "id_str": "25073877", "screen_name": "realDonaldTrump", "id": 25073877}], "hashtags": []}, "source": "<a href=\"http://twitter.com/download/android\" rel=\"nofollow\">Twitter for Android</a>", "place": null, "favorited": false, "in_reply_to_status_id": 923181896858824705, "lang": "en", "favorite_count": 0, "id": 923725041036136448, "geo": null, "text": "@frostycamel @Team_Trump45 @realDonaldTrump Details.", "is_quote_status": false, "id_str": "923725041036136448", "in_reply_to_user_id": 905095603297943554, "in_reply_to_screen_name": "frostycamel"}}
2017-10-27T21:00:04.383898	{"profile_link_color": "1DA1F2", "profile_text_color": "333333", "profile_background_color": "C0DEED", "is_translator": false, "status": {"id_str": "923725041036136448", "retweeted": false, "in_reply_to_status_id": 923181896858824705, "source": "<a href=\"http://twitter.com/download/android\" rel=\"nofollow\">Twitter for Android</a>", "retweet_count": 0, "geo": null, "coordinates": null, "truncated": false, "is_quote_status": false, "created_at": "Fri Oct 27 01:36:26 +0000 2017", "in_reply_to_user_id": 905095603297943554, "in_reply_to_screen_name": "frostycamel", "place": null, "contributors": null, "in_reply_to_user_id_str": "905095603297943554", "text": "@frostycamel @Team_Trump45 @realDonaldTrump Details.", "in_reply_to_status_id_str": "923181896858824705", "favorited": false, "id": 923725041036136448, "lang": "en", "favorite_count": 0, "entities": {"user_mentions": [{"id": 905095603297943554, "indices": [0, 12], "name": "Andy", "id_str": "905095603297943554", "screen_name": "frostycamel"}, {"id": 3580248555, "indices": [13, 26], "name": "Trumpism\u2122", "id_str": "3580248555", "screen_name": "Team_Trump45"}, {"id": 25073877, "indices": [27, 43], "name": "Donald J. Trump", "id_str": "25073877", "screen_name": "realDonaldTrump"}], "symbols": [], "hashtags": [], "urls": []}}, "profile_image_url": "http://pbs.twimg.com/profile_images/1479734318/IMG04_normal.JPG", "profile_image_url_https": "https://pbs.twimg.com/profile_images/1479734318/IMG04_normal.JPG", "notifications": false, "profile_sidebar_fill_color": "DDEEF6", "is_translation_enabled": false, "verified": false, "translator_type": "none", "contributors_enabled": false, "profile_use_background_image": true, "time_zone": "Pacific Time (US & Canada)", "utc_offset": -25200, "listed_count": 0, "geo_enabled": false, "following": false, "favourites_count": 20, "followers_count": 1, "profile_background_tile": false, "has_extended_profile": false, "statuses_count": 31, "created_at": "Wed Mar 11 16:07:12 +0000 2009", "description": "Enjoying retirement", "url": "http://t.co/MBuagCc1vd", "protected": false, "profile_sidebar_border_color": "C0DEED", "profile_background_image_url": "http://abs.twimg.com/images/themes/theme1/bg.png", "location": "Concord, California", "friends_count": 37, "default_profile_image": false, "default_profile": true, "id_str": "23783299", "screen_name": "wales4me", "id": 23783299, "name": "Don", "lang": "en", "entities": {"description": {"urls": []}, "url": {"urls": [{"display_url": "twitter.com/wales4me", "indices": [0, 22], "expanded_url": "https://twitter.com/wales4me", "url": "http://t.co/MBuagCc1vd"}]}}, "follow_request_sent": false, "profile_background_image_url_https": "https://abs.twimg.com/images/themes/theme1/bg.png"}
2017-10-27T22:00:03.706139	{"default_profile_image": false, "geo_enabled": false, "has_extended_profile": false, "is_translator": false, "is_translation_enabled": false, "created_at": "Wed Mar 11 16:07:12 +0000 2009", "entities": {"url": {"urls": [{"display_url": "twitter.com/wales4me", "url": "http://t.co/MBuagCc1vd", "indices": [0, 22], "expanded_url": "https://twitter.com/wales4me"}]}, "description": {"urls": []}}, "profile_link_color": "1DA1F2", "listed_count": 0, "profile_sidebar_border_color": "C0DEED", "favourites_count": 20, "followers_count": 1, "friends_count": 37, "status": {"source": "<a href=\"http://twitter.com/download/android\" rel=\"nofollow\">Twitter for Android</a>", "created_at": "Fri Oct 27 01:36:26 +0000 2017", "entities": {"hashtags": [], "symbols": [], "user_mentions": [{"screen_name": "frostycamel", "indices": [0, 12], "id": 905095603297943554, "id_str": "905095603297943554", "name": "Andy"}, {"screen_name": "Team_Trump45", "indices": [13, 26], "id": 3580248555, "id_str": "3580248555", "name": "Trumpism\u2122"}, {"screen_name": "realDonaldTrump", "indices": [27, 43], "id": 25073877, "id_str": "25073877", "name": "Donald J. Trump"}], "urls": []}, "in_reply_to_status_id_str": "923181896858824705", "retweeted": false, "contributors": null, "is_quote_status": false, "place": null, "retweet_count": 0, "in_reply_to_user_id": 905095603297943554, "truncated": false, "in_reply_to_user_id_str": "905095603297943554", "in_reply_to_status_id": 923181896858824705, "coordinates": null, "id_str": "923725041036136448", "lang": "en", "id": 923725041036136448, "text": "@frostycamel @Team_Trump45 @realDonaldTrump Details.", "favorited": false, "in_reply_to_screen_name": "frostycamel", "geo": null, "favorite_count": 0}, "translator_type": "none", "profile_sidebar_fill_color": "DDEEF6", "contributors_enabled": false, "profile_image_url": "http://pbs.twimg.com/profile_images/1479734318/IMG04_normal.JPG", "description": "Enjoying retirement", "protected": false, "url": "http://t.co/MBuagCc1vd", "profile_text_color": "333333", "utc_offset": -25200, "id": 23783299, "screen_name": "wales4me", "following": false, "time_zone": "Pacific Time (US & Canada)", "profile_use_background_image": true, "id_str": "23783299", "lang": "en", "name": "Don", "profile_image_url_https": "https://pbs.twimg.com/profile_images/1479734318/IMG04_normal.JPG", "profile_background_tile": false, "location": "Concord, California", "profile_background_image_url": "http://abs.twimg.com/images/themes/theme1/bg.png", "statuses_count": 31, "profile_background_color": "C0DEED", "default_profile": true, "notifications": false, "profile_background_image_url_https": "https://abs.twimg.com/images/themes/theme1/bg.png", "verified": false, "follow_request_sent": false}
2017-10-27T23:00:04.196765	{"statuses_count": 31, "id": 23783299, "is_translator": false, "time_zone": "Pacific Time (US & Canada)", "entities": {"url": {"urls": [{"url": "http://t.co/MBuagCc1vd", "display_url": "twitter.com/wales4me", "indices": [0, 22], "expanded_url": "https://twitter.com/wales4me"}]}, "description": {"urls": []}}, "id_str": "23783299", "followers_count": 1, "profile_background_image_url_https": "https://abs.twimg.com/images/themes/theme1/bg.png", "profile_link_color": "1DA1F2", "screen_name": "wales4me", "profile_image_url": "http://pbs.twimg.com/profile_images/1479734318/IMG04_normal.JPG", "contributors_enabled": false, "location": "Concord, California", "geo_enabled": false, "follow_request_sent": false, "has_extended_profile": false, "verified": false, "profile_image_url_https": "https://pbs.twimg.com/profile_images/1479734318/IMG04_normal.JPG", "protected": false, "profile_text_color": "333333", "status": {"place": null, "id": 923725041036136448, "contributors": null, "is_quote_status": false, "source": "<a href=\"http://twitter.com/download/android\" rel=\"nofollow\">Twitter for Android</a>", "entities": {"hashtags": [], "user_mentions": [{"id": 905095603297943554, "name": "Andy", "id_str": "905095603297943554", "indices": [0, 12], "screen_name": "frostycamel"}, {"id": 3580248555, "name": "Trumpism\u2122", "id_str": "3580248555", "indices": [13, 26], "screen_name": "Team_Trump45"}, {"id": 25073877, "name": "Donald J. Trump", "id_str": "25073877", "indices": [27, 43], "screen_name": "realDonaldTrump"}], "symbols": [], "urls": []}, "truncated": false, "id_str": "923725041036136448", "in_reply_to_status_id_str": "923181896858824705", "in_reply_to_status_id": 923181896858824705, "geo": null, "in_reply_to_screen_name": "frostycamel", "in_reply_to_user_id": 905095603297943554, "in_reply_to_user_id_str": "905095603297943554", "favorited": false, "text": "@frostycamel @Team_Trump45 @realDonaldTrump Details.", "coordinates": null, "retweeted": false, "retweet_count": 0, "favorite_count": 0, "lang": "en", "created_at": "Fri Oct 27 01:36:26 +0000 2017"}, "friends_count": 37, "translator_type": "none", "profile_background_image_url": "http://abs.twimg.com/images/themes/theme1/bg.png", "url": "http://t.co/MBuagCc1vd", "profile_use_background_image": true, "default_profile_image": false, "notifications": false, "name": "Don", "profile_sidebar_border_color": "C0DEED", "is_translation_enabled": false, "utc_offset": -25200, "listed_count": 0, "profile_sidebar_fill_color": "DDEEF6", "profile_background_tile": false, "favourites_count": 20, "lang": "en", "created_at": "Wed Mar 11 16:07:12 +0000 2009", "following": false, "default_profile": true, "profile_background_color": "C0DEED", "description": "Enjoying retirement"}
2017-10-28T00:00:04.057479	{"screen_name": "wales4me", "default_profile_image": false, "listed_count": 0, "is_translator": false, "contributors_enabled": false, "protected": false, "profile_link_color": "1DA1F2", "profile_background_color": "C0DEED", "status": {"geo": null, "favorited": false, "retweeted": false, "place": null, "retweet_count": 0, "favorite_count": 0, "id_str": "923725041036136448", "source": "<a href=\"http://twitter.com/download/android\" rel=\"nofollow\">Twitter for Android</a>", "is_quote_status": false, "lang": "en", "created_at": "Fri Oct 27 01:36:26 +0000 2017", "in_reply_to_user_id": 905095603297943554, "text": "@frostycamel @Team_Trump45 @realDonaldTrump Details.", "coordinates": null, "id": 923725041036136448, "in_reply_to_screen_name": "frostycamel", "truncated": false, "in_reply_to_status_id_str": "923181896858824705", "in_reply_to_status_id": 923181896858824705, "in_reply_to_user_id_str": "905095603297943554", "entities": {"user_mentions": [{"screen_name": "frostycamel", "id_str": "905095603297943554", "id": 905095603297943554, "indices": [0, 12], "name": "Andy"}, {"screen_name": "Team_Trump45", "id_str": "3580248555", "id": 3580248555, "indices": [13, 26], "name": "Trumpism\u2122"}, {"screen_name": "realDonaldTrump", "id_str": "25073877", "id": 25073877, "indices": [27, 43], "name": "Donald J. Trump"}], "symbols": [], "hashtags": [], "urls": []}, "contributors": null}, "followers_count": 1, "following": false, "translator_type": "none", "profile_background_tile": false, "profile_sidebar_border_color": "C0DEED", "profile_use_background_image": true, "description": "Enjoying retirement", "is_translation_enabled": false, "location": "Concord, California", "name": "Don", "statuses_count": 31, "has_extended_profile": false, "friends_count": 37, "id_str": "23783299", "default_profile": true, "notifications": false, "lang": "en", "profile_background_image_url_https": "https://abs.twimg.com/images/themes/theme1/bg.png", "profile_image_url": "http://pbs.twimg.com/profile_images/1479734318/IMG04_normal.JPG", "utc_offset": -25200, "follow_request_sent": false, "url": "http://t.co/MBuagCc1vd", "profile_text_color": "333333", "id": 23783299, "entities": {"description": {"urls": []}, "url": {"urls": [{"display_url": "twitter.com/wales4me", "expanded_url": "https://twitter.com/wales4me", "url": "http://t.co/MBuagCc1vd", "indices": [0, 22]}]}}, "time_zone": "Pacific Time (US & Canada)", "created_at": "Wed Mar 11 16:07:12 +0000 2009", "verified": false, "profile_sidebar_fill_color": "DDEEF6", "profile_background_image_url": "http://abs.twimg.com/images/themes/theme1/bg.png", "profile_image_url_https": "https://pbs.twimg.com/profile_images/1479734318/IMG04_normal.JPG", "geo_enabled": false, "favourites_count": 20}
2017-10-28T01:00:04.192781	{"created_at": "Wed Mar 11 16:07:12 +0000 2009", "entities": {"description": {"urls": []}, "url": {"urls": [{"expanded_url": "https://twitter.com/wales4me", "indices": [0, 22], "url": "http://t.co/MBuagCc1vd", "display_url": "twitter.com/wales4me"}]}}, "default_profile": true, "screen_name": "wales4me", "profile_image_url": "http://pbs.twimg.com/profile_images/1479734318/IMG04_normal.JPG", "contributors_enabled": false, "geo_enabled": false, "protected": false, "location": "Concord, California", "time_zone": "Pacific Time (US & Canada)", "profile_background_image_url": "http://abs.twimg.com/images/themes/theme1/bg.png", "is_translation_enabled": false, "name": "Don", "profile_background_tile": false, "notifications": false, "profile_use_background_image": true, "translator_type": "none", "default_profile_image": false, "id": 23783299, "profile_sidebar_fill_color": "DDEEF6", "profile_text_color": "333333", "followers_count": 1, "statuses_count": 31, "is_translator": false, "profile_background_color": "C0DEED", "friends_count": 37, "favourites_count": 20, "id_str": "23783299", "profile_link_color": "1DA1F2", "listed_count": 0, "has_extended_profile": false, "profile_background_image_url_https": "https://abs.twimg.com/images/themes/theme1/bg.png", "url": "http://t.co/MBuagCc1vd", "profile_sidebar_border_color": "C0DEED", "follow_request_sent": false, "following": false, "profile_image_url_https": "https://pbs.twimg.com/profile_images/1479734318/IMG04_normal.JPG", "verified": false, "description": "Enjoying retirement", "status": {"favorited": false, "created_at": "Fri Oct 27 01:36:26 +0000 2017", "entities": {"hashtags": [], "user_mentions": [{"name": "Andy", "indices": [0, 12], "screen_name": "frostycamel", "id_str": "905095603297943554", "id": 905095603297943554}, {"name": "Trumpism\u2122", "indices": [13, 26], "screen_name": "Team_Trump45", "id_str": "3580248555", "id": 3580248555}, {"name": "Donald J. Trump", "indices": [27, 43], "screen_name": "realDonaldTrump", "id_str": "25073877", "id": 25073877}], "symbols": [], "urls": []}, "is_quote_status": false, "coordinates": null, "id": 923725041036136448, "retweeted": false, "favorite_count": 0, "place": null, "in_reply_to_status_id": 923181896858824705, "geo": null, "source": "<a href=\"http://twitter.com/download/android\" rel=\"nofollow\">Twitter for Android</a>", "id_str": "923725041036136448", "truncated": false, "in_reply_to_user_id": 905095603297943554, "text": "@frostycamel @Team_Trump45 @realDonaldTrump Details.", "lang": "en", "contributors": null, "retweet_count": 0, "in_reply_to_status_id_str": "923181896858824705", "in_reply_to_user_id_str": "905095603297943554", "in_reply_to_screen_name": "frostycamel"}, "lang": "en", "utc_offset": -25200}
2017-10-28T02:00:04.310483	{"translator_type": "none", "profile_background_image_url": "http://abs.twimg.com/images/themes/theme1/bg.png", "is_translator": false, "is_translation_enabled": false, "follow_request_sent": false, "following": false, "url": "http://t.co/MBuagCc1vd", "screen_name": "wales4me", "contributors_enabled": false, "name": "Don", "protected": false, "profile_background_tile": false, "utc_offset": -25200, "created_at": "Wed Mar 11 16:07:12 +0000 2009", "profile_image_url_https": "https://pbs.twimg.com/profile_images/1479734318/IMG04_normal.JPG", "has_extended_profile": false, "profile_use_background_image": true, "listed_count": 0, "id": 23783299, "profile_background_color": "C0DEED", "profile_link_color": "1DA1F2", "followers_count": 1, "geo_enabled": false, "profile_sidebar_border_color": "C0DEED", "profile_sidebar_fill_color": "DDEEF6", "favourites_count": 20, "time_zone": "Pacific Time (US & Canada)", "statuses_count": 31, "verified": false, "description": "Enjoying retirement", "status": {"favorited": false, "coordinates": null, "source": "<a href=\"http://twitter.com/download/android\" rel=\"nofollow\">Twitter for Android</a>", "retweeted": false, "in_reply_to_status_id": 923181896858824705, "in_reply_to_screen_name": "frostycamel", "created_at": "Fri Oct 27 01:36:26 +0000 2017", "text": "@frostycamel @Team_Trump45 @realDonaldTrump Details.", "in_reply_to_status_id_str": "923181896858824705", "favorite_count": 0, "retweet_count": 0, "contributors": null, "id": 923725041036136448, "in_reply_to_user_id_str": "905095603297943554", "truncated": false, "geo": null, "place": null, "entities": {"urls": [], "user_mentions": [{"name": "Andy", "screen_name": "frostycamel", "id": 905095603297943554, "id_str": "905095603297943554", "indices": [0, 12]}, {"name": "Trumpism\u2122", "screen_name": "Team_Trump45", "id": 3580248555, "id_str": "3580248555", "indices": [13, 26]}, {"name": "Donald J. Trump", "screen_name": "realDonaldTrump", "id": 25073877, "id_str": "25073877", "indices": [27, 43]}], "symbols": [], "hashtags": []}, "id_str": "923725041036136448", "is_quote_status": false, "lang": "en", "in_reply_to_user_id": 905095603297943554}, "default_profile": true, "id_str": "23783299", "notifications": false, "entities": {"url": {"urls": [{"url": "http://t.co/MBuagCc1vd", "expanded_url": "https://twitter.com/wales4me", "indices": [0, 22], "display_url": "twitter.com/wales4me"}]}, "description": {"urls": []}}, "lang": "en", "profile_background_image_url_https": "https://abs.twimg.com/images/themes/theme1/bg.png", "default_profile_image": false, "profile_text_color": "333333", "profile_image_url": "http://pbs.twimg.com/profile_images/1479734318/IMG04_normal.JPG", "location": "Concord, California", "friends_count": 37}
2017-10-28T03:00:04.183921	{"url": "http://t.co/MBuagCc1vd", "time_zone": "Pacific Time (US & Canada)", "profile_background_image_url": "http://abs.twimg.com/images/themes/theme1/bg.png", "contributors_enabled": false, "entities": {"url": {"urls": [{"url": "http://t.co/MBuagCc1vd", "display_url": "twitter.com/wales4me", "expanded_url": "https://twitter.com/wales4me", "indices": [0, 22]}]}, "description": {"urls": []}}, "profile_image_url": "http://pbs.twimg.com/profile_images/1479734318/IMG04_normal.JPG", "profile_background_image_url_https": "https://abs.twimg.com/images/themes/theme1/bg.png", "profile_sidebar_fill_color": "DDEEF6", "friends_count": 37, "has_extended_profile": false, "profile_sidebar_border_color": "C0DEED", "created_at": "Wed Mar 11 16:07:12 +0000 2009", "name": "Don", "profile_background_color": "C0DEED", "favourites_count": 20, "statuses_count": 31, "screen_name": "wales4me", "profile_image_url_https": "https://pbs.twimg.com/profile_images/1479734318/IMG04_normal.JPG", "following": false, "followers_count": 1, "default_profile": true, "is_translator": false, "id": 23783299, "profile_link_color": "1DA1F2", "description": "Enjoying retirement", "id_str": "23783299", "protected": false, "profile_use_background_image": true, "geo_enabled": false, "lang": "en", "verified": false, "notifications": false, "is_translation_enabled": false, "utc_offset": -25200, "default_profile_image": false, "profile_text_color": "333333", "follow_request_sent": false, "profile_background_tile": false, "listed_count": 0, "location": "Concord, California", "translator_type": "none", "status": {"retweet_count": 0, "in_reply_to_user_id_str": "905095603297943554", "entities": {"symbols": [], "hashtags": [], "user_mentions": [{"name": "Andy", "id": 905095603297943554, "screen_name": "frostycamel", "id_str": "905095603297943554", "indices": [0, 12]}, {"name": "Trumpism\u2122", "id": 3580248555, "screen_name": "Team_Trump45", "id_str": "3580248555", "indices": [13, 26]}, {"name": "Donald J. Trump", "id": 25073877, "screen_name": "realDonaldTrump", "id_str": "25073877", "indices": [27, 43]}], "urls": []}, "geo": null, "in_reply_to_user_id": 905095603297943554, "favorited": false, "coordinates": null, "text": "@frostycamel @Team_Trump45 @realDonaldTrump Details.", "created_at": "Fri Oct 27 01:36:26 +0000 2017", "place": null, "contributors": null, "id": 923725041036136448, "source": "<a href=\"http://twitter.com/download/android\" rel=\"nofollow\">Twitter for Android</a>", "in_reply_to_status_id_str": "923181896858824705", "in_reply_to_status_id": 923181896858824705, "in_reply_to_screen_name": "frostycamel", "id_str": "923725041036136448", "retweeted": false, "lang": "en", "favorite_count": 0, "is_quote_status": false, "truncated": false}}
2017-10-28T04:00:03.601271	{"profile_use_background_image": true, "name": "Don", "protected": false, "default_profile": true, "contributors_enabled": false, "follow_request_sent": false, "statuses_count": 31, "url": "http://t.co/MBuagCc1vd", "id_str": "23783299", "profile_sidebar_border_color": "C0DEED", "entities": {"description": {"urls": []}, "url": {"urls": [{"url": "http://t.co/MBuagCc1vd", "indices": [0, 22], "display_url": "twitter.com/wales4me", "expanded_url": "https://twitter.com/wales4me"}]}}, "id": 23783299, "location": "Concord, California", "description": "Enjoying retirement", "time_zone": "Pacific Time (US & Canada)", "profile_text_color": "333333", "verified": false, "profile_link_color": "1DA1F2", "friends_count": 37, "profile_background_image_url_https": "https://abs.twimg.com/images/themes/theme1/bg.png", "geo_enabled": false, "profile_image_url_https": "https://pbs.twimg.com/profile_images/1479734318/IMG04_normal.JPG", "translator_type": "none", "profile_background_color": "C0DEED", "is_translation_enabled": false, "status": {"source": "<a href=\"http://twitter.com/download/android\" rel=\"nofollow\">Twitter for Android</a>", "in_reply_to_screen_name": "frostycamel", "retweet_count": 0, "is_quote_status": false, "id_str": "923725041036136448", "entities": {"symbols": [], "hashtags": [], "user_mentions": [{"screen_name": "frostycamel", "id_str": "905095603297943554", "indices": [0, 12], "id": 905095603297943554, "name": "Andy"}, {"screen_name": "Team_Trump45", "id_str": "3580248555", "indices": [13, 26], "id": 3580248555, "name": "Trumpism\u2122"}, {"screen_name": "realDonaldTrump", "id_str": "25073877", "indices": [27, 43], "id": 25073877, "name": "Donald J. Trump"}], "urls": []}, "contributors": null, "in_reply_to_status_id": 923181896858824705, "id": 923725041036136448, "coordinates": null, "in_reply_to_user_id": 905095603297943554, "place": null, "favorite_count": 0, "text": "@frostycamel @Team_Trump45 @realDonaldTrump Details.", "retweeted": false, "geo": null, "created_at": "Fri Oct 27 01:36:26 +0000 2017", "in_reply_to_status_id_str": "923181896858824705", "favorited": false, "in_reply_to_user_id_str": "905095603297943554", "lang": "en", "truncated": false}, "profile_sidebar_fill_color": "DDEEF6", "utc_offset": -25200, "has_extended_profile": false, "listed_count": 0, "profile_background_tile": false, "screen_name": "wales4me", "followers_count": 1, "created_at": "Wed Mar 11 16:07:12 +0000 2009", "profile_background_image_url": "http://abs.twimg.com/images/themes/theme1/bg.png", "default_profile_image": false, "profile_image_url": "http://pbs.twimg.com/profile_images/1479734318/IMG04_normal.JPG", "favourites_count": 20, "following": false, "notifications": false, "lang": "en", "is_translator": false}
2017-10-28T05:00:03.710347	{"default_profile_image": false, "profile_image_url_https": "https://pbs.twimg.com/profile_images/1479734318/IMG04_normal.JPG", "contributors_enabled": false, "profile_link_color": "1DA1F2", "default_profile": true, "friends_count": 37, "name": "Don", "follow_request_sent": false, "is_translation_enabled": false, "id_str": "23783299", "profile_background_color": "C0DEED", "location": "Concord, California", "profile_image_url": "http://pbs.twimg.com/profile_images/1479734318/IMG04_normal.JPG", "screen_name": "wales4me", "profile_background_image_url_https": "https://abs.twimg.com/images/themes/theme1/bg.png", "listed_count": 0, "profile_use_background_image": true, "protected": false, "description": "Enjoying retirement", "statuses_count": 31, "status": {"in_reply_to_status_id_str": "923181896858824705", "is_quote_status": false, "in_reply_to_user_id": 905095603297943554, "id_str": "923725041036136448", "truncated": false, "contributors": null, "favorite_count": 0, "id": 923725041036136448, "coordinates": null, "text": "@frostycamel @Team_Trump45 @realDonaldTrump Details.", "retweeted": false, "entities": {"symbols": [], "urls": [], "user_mentions": [{"name": "Andy", "screen_name": "frostycamel", "indices": [0, 12], "id_str": "905095603297943554", "id": 905095603297943554}, {"name": "Trumpism\u2122", "screen_name": "Team_Trump45", "indices": [13, 26], "id_str": "3580248555", "id": 3580248555}, {"name": "Donald J. Trump", "screen_name": "realDonaldTrump", "indices": [27, 43], "id_str": "25073877", "id": 25073877}], "hashtags": []}, "created_at": "Fri Oct 27 01:36:26 +0000 2017", "source": "<a href=\"http://twitter.com/download/android\" rel=\"nofollow\">Twitter for Android</a>", "favorited": false, "place": null, "retweet_count": 0, "lang": "en", "in_reply_to_status_id": 923181896858824705, "in_reply_to_screen_name": "frostycamel", "geo": null, "in_reply_to_user_id_str": "905095603297943554"}, "id": 23783299, "profile_background_tile": false, "following": false, "has_extended_profile": false, "entities": {"url": {"urls": [{"display_url": "twitter.com/wales4me", "url": "http://t.co/MBuagCc1vd", "indices": [0, 22], "expanded_url": "https://twitter.com/wales4me"}]}, "description": {"urls": []}}, "favourites_count": 20, "profile_text_color": "333333", "profile_sidebar_fill_color": "DDEEF6", "verified": false, "notifications": false, "created_at": "Wed Mar 11 16:07:12 +0000 2009", "profile_background_image_url": "http://abs.twimg.com/images/themes/theme1/bg.png", "lang": "en", "followers_count": 1, "time_zone": "Pacific Time (US & Canada)", "profile_sidebar_border_color": "C0DEED", "url": "http://t.co/MBuagCc1vd", "translator_type": "none", "utc_offset": -25200, "is_translator": false, "geo_enabled": false}
2017-10-28T06:00:04.397015	{"statuses_count": 31, "location": "Concord, California", "has_extended_profile": false, "profile_sidebar_border_color": "C0DEED", "profile_sidebar_fill_color": "DDEEF6", "profile_image_url": "http://pbs.twimg.com/profile_images/1479734318/IMG04_normal.JPG", "is_translation_enabled": false, "default_profile_image": false, "default_profile": true, "status": {"geo": null, "text": "@frostycamel @Team_Trump45 @realDonaldTrump Details.", "lang": "en", "in_reply_to_user_id_str": "905095603297943554", "in_reply_to_status_id_str": "923181896858824705", "in_reply_to_screen_name": "frostycamel", "favorited": false, "in_reply_to_user_id": 905095603297943554, "retweeted": false, "truncated": false, "retweet_count": 0, "in_reply_to_status_id": 923181896858824705, "coordinates": null, "id": 923725041036136448, "id_str": "923725041036136448", "entities": {"hashtags": [], "symbols": [], "urls": [], "user_mentions": [{"name": "Andy", "id": 905095603297943554, "screen_name": "frostycamel", "indices": [0, 12], "id_str": "905095603297943554"}, {"name": "Trumpism\u2122", "id": 3580248555, "screen_name": "Team_Trump45", "indices": [13, 26], "id_str": "3580248555"}, {"name": "Donald J. Trump", "id": 25073877, "screen_name": "realDonaldTrump", "indices": [27, 43], "id_str": "25073877"}]}, "source": "<a href=\"http://twitter.com/download/android\" rel=\"nofollow\">Twitter for Android</a>", "created_at": "Fri Oct 27 01:36:26 +0000 2017", "contributors": null, "favorite_count": 0, "is_quote_status": false, "place": null}, "lang": "en", "screen_name": "wales4me", "profile_background_color": "C0DEED", "following": false, "is_translator": false, "geo_enabled": false, "favourites_count": 20, "url": "http://t.co/MBuagCc1vd", "translator_type": "none", "verified": false, "profile_text_color": "333333", "notifications": false, "profile_image_url_https": "https://pbs.twimg.com/profile_images/1479734318/IMG04_normal.JPG", "follow_request_sent": false, "protected": false, "profile_background_image_url": "http://abs.twimg.com/images/themes/theme1/bg.png", "time_zone": "Pacific Time (US & Canada)", "id": 23783299, "id_str": "23783299", "entities": {"description": {"urls": []}, "url": {"urls": [{"url": "http://t.co/MBuagCc1vd", "indices": [0, 22], "expanded_url": "https://twitter.com/wales4me", "display_url": "twitter.com/wales4me"}]}}, "profile_use_background_image": true, "profile_background_tile": false, "profile_link_color": "1DA1F2", "followers_count": 1, "listed_count": 0, "description": "Enjoying retirement", "utc_offset": -25200, "name": "Don", "profile_background_image_url_https": "https://abs.twimg.com/images/themes/theme1/bg.png", "contributors_enabled": false, "friends_count": 37, "created_at": "Wed Mar 11 16:07:12 +0000 2009"}
2017-10-28T07:00:04.274601	{"name": "Don", "contributors_enabled": false, "id_str": "23783299", "profile_background_image_url": "http://abs.twimg.com/images/themes/theme1/bg.png", "location": "Concord, California", "default_profile_image": false, "listed_count": 0, "friends_count": 37, "is_translation_enabled": false, "lang": "en", "profile_use_background_image": true, "profile_sidebar_fill_color": "DDEEF6", "follow_request_sent": false, "profile_sidebar_border_color": "C0DEED", "geo_enabled": false, "following": false, "followers_count": 1, "notifications": false, "profile_background_tile": false, "url": "http://t.co/MBuagCc1vd", "screen_name": "wales4me", "translator_type": "none", "has_extended_profile": false, "description": "Enjoying retirement", "time_zone": "Pacific Time (US & Canada)", "profile_text_color": "333333", "profile_image_url": "http://pbs.twimg.com/profile_images/1479734318/IMG04_normal.JPG", "status": {"retweeted": false, "text": "@frostycamel @Team_Trump45 @realDonaldTrump Details.", "in_reply_to_user_id": 905095603297943554, "in_reply_to_screen_name": "frostycamel", "id_str": "923725041036136448", "id": 923725041036136448, "geo": null, "place": null, "retweet_count": 0, "lang": "en", "in_reply_to_status_id": 923181896858824705, "truncated": false, "favorited": false, "in_reply_to_status_id_str": "923181896858824705", "contributors": null, "source": "<a href=\"http://twitter.com/download/android\" rel=\"nofollow\">Twitter for Android</a>", "is_quote_status": false, "favorite_count": 0, "coordinates": null, "entities": {"urls": [], "hashtags": [], "user_mentions": [{"id_str": "905095603297943554", "screen_name": "frostycamel", "name": "Andy", "indices": [0, 12], "id": 905095603297943554}, {"id_str": "3580248555", "screen_name": "Team_Trump45", "name": "Trumpism\u2122", "indices": [13, 26], "id": 3580248555}, {"id_str": "25073877", "screen_name": "realDonaldTrump", "name": "Donald J. Trump", "indices": [27, 43], "id": 25073877}], "symbols": []}, "created_at": "Fri Oct 27 01:36:26 +0000 2017", "in_reply_to_user_id_str": "905095603297943554"}, "default_profile": true, "is_translator": false, "utc_offset": -25200, "profile_background_color": "C0DEED", "profile_image_url_https": "https://pbs.twimg.com/profile_images/1479734318/IMG04_normal.JPG", "verified": false, "entities": {"url": {"urls": [{"url": "http://t.co/MBuagCc1vd", "display_url": "twitter.com/wales4me", "indices": [0, 22], "expanded_url": "https://twitter.com/wales4me"}]}, "description": {"urls": []}}, "created_at": "Wed Mar 11 16:07:12 +0000 2009", "statuses_count": 31, "protected": false, "profile_link_color": "1DA1F2", "id": 23783299, "profile_background_image_url_https": "https://abs.twimg.com/images/themes/theme1/bg.png", "favourites_count": 20}
2017-10-28T08:00:04.118100	{"profile_background_image_url": "http://abs.twimg.com/images/themes/theme1/bg.png", "notifications": false, "following": false, "profile_use_background_image": true, "name": "Don", "screen_name": "wales4me", "favourites_count": 20, "default_profile_image": false, "entities": {"url": {"urls": [{"url": "http://t.co/MBuagCc1vd", "expanded_url": "https://twitter.com/wales4me", "indices": [0, 22], "display_url": "twitter.com/wales4me"}]}, "description": {"urls": []}}, "is_translation_enabled": false, "profile_link_color": "1DA1F2", "profile_background_tile": false, "listed_count": 0, "profile_text_color": "333333", "id": 23783299, "translator_type": "none", "verified": false, "profile_image_url_https": "https://pbs.twimg.com/profile_images/1479734318/IMG04_normal.JPG", "profile_sidebar_fill_color": "DDEEF6", "contributors_enabled": false, "utc_offset": -25200, "time_zone": "Pacific Time (US & Canada)", "id_str": "23783299", "location": "Concord, California", "profile_image_url": "http://pbs.twimg.com/profile_images/1479734318/IMG04_normal.JPG", "statuses_count": 31, "description": "Enjoying retirement", "followers_count": 1, "url": "http://t.co/MBuagCc1vd", "profile_background_image_url_https": "https://abs.twimg.com/images/themes/theme1/bg.png", "created_at": "Wed Mar 11 16:07:12 +0000 2009", "protected": false, "friends_count": 37, "status": {"in_reply_to_status_id_str": "923181896858824705", "favorited": false, "entities": {"symbols": [], "user_mentions": [{"indices": [0, 12], "id_str": "905095603297943554", "id": 905095603297943554, "name": "Andy", "screen_name": "frostycamel"}, {"indices": [13, 26], "id_str": "3580248555", "id": 3580248555, "name": "Trumpism\u2122", "screen_name": "Team_Trump45"}, {"indices": [27, 43], "id_str": "25073877", "id": 25073877, "name": "Donald J. Trump", "screen_name": "realDonaldTrump"}], "urls": [], "hashtags": []}, "source": "<a href=\"http://twitter.com/download/android\" rel=\"nofollow\">Twitter for Android</a>", "id": 923725041036136448, "in_reply_to_status_id": 923181896858824705, "in_reply_to_screen_name": "frostycamel", "id_str": "923725041036136448", "lang": "en", "contributors": null, "in_reply_to_user_id_str": "905095603297943554", "retweet_count": 0, "created_at": "Fri Oct 27 01:36:26 +0000 2017", "retweeted": false, "in_reply_to_user_id": 905095603297943554, "place": null, "text": "@frostycamel @Team_Trump45 @realDonaldTrump Details.", "truncated": false, "favorite_count": 0, "coordinates": null, "geo": null, "is_quote_status": false}, "follow_request_sent": false, "lang": "en", "is_translator": false, "geo_enabled": false, "has_extended_profile": false, "default_profile": true, "profile_background_color": "C0DEED", "profile_sidebar_border_color": "C0DEED"}
2017-10-28T09:00:04.310190	{"id": 23783299, "profile_background_image_url_https": "https://abs.twimg.com/images/themes/theme1/bg.png", "profile_sidebar_border_color": "C0DEED", "default_profile_image": false, "follow_request_sent": false, "profile_image_url": "http://pbs.twimg.com/profile_images/1479734318/IMG04_normal.JPG", "followers_count": 1, "utc_offset": -25200, "verified": false, "profile_link_color": "1DA1F2", "screen_name": "wales4me", "profile_background_tile": false, "profile_background_image_url": "http://abs.twimg.com/images/themes/theme1/bg.png", "name": "Don", "time_zone": "Pacific Time (US & Canada)", "url": "http://t.co/MBuagCc1vd", "lang": "en", "following": false, "is_translator": false, "protected": false, "statuses_count": 31, "friends_count": 37, "profile_image_url_https": "https://pbs.twimg.com/profile_images/1479734318/IMG04_normal.JPG", "profile_text_color": "333333", "id_str": "23783299", "created_at": "Wed Mar 11 16:07:12 +0000 2009", "is_translation_enabled": false, "translator_type": "none", "default_profile": true, "entities": {"url": {"urls": [{"display_url": "twitter.com/wales4me", "expanded_url": "https://twitter.com/wales4me", "url": "http://t.co/MBuagCc1vd", "indices": [0, 22]}]}, "description": {"urls": []}}, "has_extended_profile": false, "listed_count": 0, "contributors_enabled": false, "location": "Concord, California", "geo_enabled": false, "profile_sidebar_fill_color": "DDEEF6", "notifications": false, "status": {"id": 923725041036136448, "coordinates": null, "in_reply_to_screen_name": "frostycamel", "geo": null, "text": "@frostycamel @Team_Trump45 @realDonaldTrump Details.", "in_reply_to_status_id": 923181896858824705, "is_quote_status": false, "source": "<a href=\"http://twitter.com/download/android\" rel=\"nofollow\">Twitter for Android</a>", "contributors": null, "favorite_count": 0, "lang": "en", "favorited": false, "in_reply_to_user_id_str": "905095603297943554", "retweeted": false, "id_str": "923725041036136448", "place": null, "entities": {"user_mentions": [{"name": "Andy", "screen_name": "frostycamel", "id": 905095603297943554, "indices": [0, 12], "id_str": "905095603297943554"}, {"name": "Trumpism\u2122", "screen_name": "Team_Trump45", "id": 3580248555, "indices": [13, 26], "id_str": "3580248555"}, {"name": "Donald J. Trump", "screen_name": "realDonaldTrump", "id": 25073877, "indices": [27, 43], "id_str": "25073877"}], "symbols": [], "hashtags": [], "urls": []}, "retweet_count": 0, "in_reply_to_status_id_str": "923181896858824705", "created_at": "Fri Oct 27 01:36:26 +0000 2017", "truncated": false, "in_reply_to_user_id": 905095603297943554}, "favourites_count": 20, "profile_background_color": "C0DEED", "profile_use_background_image": true, "description": "Enjoying retirement"}
2017-10-28T10:00:04.028493	{"profile_background_image_url_https": "https://abs.twimg.com/images/themes/theme1/bg.png", "following": false, "profile_background_color": "C0DEED", "created_at": "Wed Mar 11 16:07:12 +0000 2009", "profile_sidebar_border_color": "C0DEED", "entities": {"description": {"urls": []}, "url": {"urls": [{"display_url": "twitter.com/wales4me", "indices": [0, 22], "expanded_url": "https://twitter.com/wales4me", "url": "http://t.co/MBuagCc1vd"}]}}, "translator_type": "none", "has_extended_profile": false, "description": "Enjoying retirement", "listed_count": 0, "follow_request_sent": false, "id": 23783299, "protected": false, "default_profile_image": false, "profile_background_image_url": "http://abs.twimg.com/images/themes/theme1/bg.png", "profile_use_background_image": true, "notifications": false, "profile_background_tile": false, "time_zone": "Pacific Time (US & Canada)", "url": "http://t.co/MBuagCc1vd", "default_profile": true, "profile_image_url": "http://pbs.twimg.com/profile_images/1479734318/IMG04_normal.JPG", "is_translator": false, "followers_count": 1, "profile_link_color": "1DA1F2", "verified": false, "contributors_enabled": false, "location": "Concord, California", "friends_count": 37, "id_str": "23783299", "profile_sidebar_fill_color": "DDEEF6", "screen_name": "wales4me", "statuses_count": 31, "lang": "en", "utc_offset": -25200, "profile_image_url_https": "https://pbs.twimg.com/profile_images/1479734318/IMG04_normal.JPG", "name": "Don", "geo_enabled": false, "profile_text_color": "333333", "status": {"source": "<a href=\"http://twitter.com/download/android\" rel=\"nofollow\">Twitter for Android</a>", "created_at": "Fri Oct 27 01:36:26 +0000 2017", "id_str": "923725041036136448", "in_reply_to_user_id": 905095603297943554, "retweet_count": 0, "in_reply_to_status_id": 923181896858824705, "id": 923725041036136448, "truncated": false, "in_reply_to_status_id_str": "923181896858824705", "retweeted": false, "in_reply_to_screen_name": "frostycamel", "geo": null, "place": null, "entities": {"user_mentions": [{"id_str": "905095603297943554", "screen_name": "frostycamel", "name": "Andy", "id": 905095603297943554, "indices": [0, 12]}, {"id_str": "3580248555", "screen_name": "Team_Trump45", "name": "Trumpism\u2122", "id": 3580248555, "indices": [13, 26]}, {"id_str": "25073877", "screen_name": "realDonaldTrump", "name": "Donald J. Trump", "id": 25073877, "indices": [27, 43]}], "urls": [], "hashtags": [], "symbols": []}, "is_quote_status": false, "favorited": false, "lang": "en", "in_reply_to_user_id_str": "905095603297943554", "text": "@frostycamel @Team_Trump45 @realDonaldTrump Details.", "contributors": null, "coordinates": null, "favorite_count": 0}, "is_translation_enabled": false, "favourites_count": 20}
2017-10-28T11:00:04.510338	{"created_at": "Wed Mar 11 16:07:12 +0000 2009", "profile_background_color": "C0DEED", "is_translator": false, "profile_background_image_url_https": "https://abs.twimg.com/images/themes/theme1/bg.png", "listed_count": 0, "geo_enabled": false, "profile_link_color": "1DA1F2", "notifications": false, "statuses_count": 31, "protected": false, "friends_count": 37, "following": false, "translator_type": "none", "profile_text_color": "333333", "is_translation_enabled": false, "follow_request_sent": false, "verified": false, "profile_sidebar_border_color": "C0DEED", "utc_offset": -25200, "profile_use_background_image": true, "name": "Don", "default_profile": true, "contributors_enabled": false, "url": "http://t.co/MBuagCc1vd", "screen_name": "wales4me", "profile_image_url": "http://pbs.twimg.com/profile_images/1479734318/IMG04_normal.JPG", "has_extended_profile": false, "lang": "en", "profile_background_image_url": "http://abs.twimg.com/images/themes/theme1/bg.png", "profile_image_url_https": "https://pbs.twimg.com/profile_images/1479734318/IMG04_normal.JPG", "profile_sidebar_fill_color": "DDEEF6", "id_str": "23783299", "location": "Concord, California", "followers_count": 1, "entities": {"description": {"urls": []}, "url": {"urls": [{"display_url": "twitter.com/wales4me", "indices": [0, 22], "url": "http://t.co/MBuagCc1vd", "expanded_url": "https://twitter.com/wales4me"}]}}, "id": 23783299, "time_zone": "Pacific Time (US & Canada)", "default_profile_image": false, "profile_background_tile": false, "status": {"created_at": "Fri Oct 27 01:36:26 +0000 2017", "text": "@frostycamel @Team_Trump45 @realDonaldTrump Details.", "source": "<a href=\"http://twitter.com/download/android\" rel=\"nofollow\">Twitter for Android</a>", "in_reply_to_user_id": 905095603297943554, "in_reply_to_status_id_str": "923181896858824705", "in_reply_to_user_id_str": "905095603297943554", "contributors": null, "favorite_count": 0, "truncated": false, "coordinates": null, "place": null, "favorited": false, "is_quote_status": false, "lang": "en", "retweeted": false, "id_str": "923725041036136448", "geo": null, "in_reply_to_screen_name": "frostycamel", "entities": {"hashtags": [], "symbols": [], "user_mentions": [{"id_str": "905095603297943554", "name": "Andy", "indices": [0, 12], "id": 905095603297943554, "screen_name": "frostycamel"}, {"id_str": "3580248555", "name": "Trumpism\u2122", "indices": [13, 26], "id": 3580248555, "screen_name": "Team_Trump45"}, {"id_str": "25073877", "name": "Donald J. Trump", "indices": [27, 43], "id": 25073877, "screen_name": "realDonaldTrump"}], "urls": []}, "id": 923725041036136448, "in_reply_to_status_id": 923181896858824705, "retweet_count": 0}, "description": "Enjoying retirement", "favourites_count": 20}
2017-10-28T12:00:04.783613	{"location": "Concord, California", "utc_offset": -25200, "is_translator": false, "default_profile": true, "time_zone": "Pacific Time (US & Canada)", "profile_use_background_image": true, "favourites_count": 20, "default_profile_image": false, "verified": false, "profile_image_url": "http://pbs.twimg.com/profile_images/1479734318/IMG04_normal.JPG", "translator_type": "none", "profile_text_color": "333333", "followers_count": 1, "screen_name": "wales4me", "is_translation_enabled": false, "listed_count": 0, "profile_background_image_url_https": "https://abs.twimg.com/images/themes/theme1/bg.png", "profile_sidebar_fill_color": "DDEEF6", "description": "Enjoying retirement", "status": {"place": null, "is_quote_status": false, "text": "@frostycamel @Team_Trump45 @realDonaldTrump Details.", "favorite_count": 0, "in_reply_to_user_id_str": "905095603297943554", "in_reply_to_screen_name": "frostycamel", "id": 923725041036136448, "favorited": false, "source": "<a href=\"http://twitter.com/download/android\" rel=\"nofollow\">Twitter for Android</a>", "geo": null, "in_reply_to_status_id_str": "923181896858824705", "contributors": null, "retweet_count": 0, "retweeted": false, "entities": {"urls": [], "symbols": [], "hashtags": [], "user_mentions": [{"id_str": "905095603297943554", "screen_name": "frostycamel", "id": 905095603297943554, "name": "Andy", "indices": [0, 12]}, {"id_str": "3580248555", "screen_name": "Team_Trump45", "id": 3580248555, "name": "Trumpism\u2122", "indices": [13, 26]}, {"id_str": "25073877", "screen_name": "realDonaldTrump", "id": 25073877, "name": "Donald J. Trump", "indices": [27, 43]}]}, "lang": "en", "coordinates": null, "truncated": false, "created_at": "Fri Oct 27 01:36:26 +0000 2017", "in_reply_to_user_id": 905095603297943554, "in_reply_to_status_id": 923181896858824705, "id_str": "923725041036136448"}, "name": "Don", "profile_sidebar_border_color": "C0DEED", "has_extended_profile": false, "profile_link_color": "1DA1F2", "friends_count": 37, "url": "http://t.co/MBuagCc1vd", "geo_enabled": false, "id": 23783299, "contributors_enabled": false, "profile_background_tile": false, "entities": {"description": {"urls": []}, "url": {"urls": [{"display_url": "twitter.com/wales4me", "expanded_url": "https://twitter.com/wales4me", "indices": [0, 22], "url": "http://t.co/MBuagCc1vd"}]}}, "statuses_count": 31, "lang": "en", "profile_background_color": "C0DEED", "created_at": "Wed Mar 11 16:07:12 +0000 2009", "follow_request_sent": false, "following": false, "profile_image_url_https": "https://pbs.twimg.com/profile_images/1479734318/IMG04_normal.JPG", "notifications": false, "protected": false, "id_str": "23783299", "profile_background_image_url": "http://abs.twimg.com/images/themes/theme1/bg.png"}
2017-10-28T13:00:04.468114	{"profile_background_image_url_https": "https://abs.twimg.com/images/themes/theme1/bg.png", "contributors_enabled": false, "utc_offset": -25200, "follow_request_sent": false, "is_translation_enabled": false, "description": "Enjoying retirement", "location": "Concord, California", "listed_count": 0, "profile_background_color": "C0DEED", "protected": false, "profile_sidebar_fill_color": "DDEEF6", "notifications": false, "created_at": "Wed Mar 11 16:07:12 +0000 2009", "profile_link_color": "1DA1F2", "profile_use_background_image": true, "profile_background_tile": false, "url": "http://t.co/MBuagCc1vd", "geo_enabled": false, "default_profile_image": false, "favourites_count": 20, "status": {"coordinates": null, "is_quote_status": false, "in_reply_to_user_id": 905095603297943554, "truncated": false, "retweeted": false, "text": "@frostycamel @Team_Trump45 @realDonaldTrump Details.", "in_reply_to_status_id_str": "923181896858824705", "created_at": "Fri Oct 27 01:36:26 +0000 2017", "in_reply_to_screen_name": "frostycamel", "entities": {"symbols": [], "hashtags": [], "urls": [], "user_mentions": [{"screen_name": "frostycamel", "id": 905095603297943554, "name": "Andy", "id_str": "905095603297943554", "indices": [0, 12]}, {"screen_name": "Team_Trump45", "id": 3580248555, "name": "Trumpism\u2122", "id_str": "3580248555", "indices": [13, 26]}, {"screen_name": "realDonaldTrump", "id": 25073877, "name": "Donald J. Trump", "id_str": "25073877", "indices": [27, 43]}]}, "contributors": null, "lang": "en", "source": "<a href=\"http://twitter.com/download/android\" rel=\"nofollow\">Twitter for Android</a>", "favorited": false, "in_reply_to_user_id_str": "905095603297943554", "in_reply_to_status_id": 923181896858824705, "place": null, "geo": null, "id": 923725041036136448, "id_str": "923725041036136448", "favorite_count": 0, "retweet_count": 0}, "statuses_count": 31, "following": false, "screen_name": "wales4me", "translator_type": "none", "profile_image_url": "http://pbs.twimg.com/profile_images/1479734318/IMG04_normal.JPG", "friends_count": 37, "lang": "en", "time_zone": "Pacific Time (US & Canada)", "profile_image_url_https": "https://pbs.twimg.com/profile_images/1479734318/IMG04_normal.JPG", "followers_count": 1, "has_extended_profile": false, "verified": false, "name": "Don", "id_str": "23783299", "is_translator": false, "profile_background_image_url": "http://abs.twimg.com/images/themes/theme1/bg.png", "id": 23783299, "entities": {"url": {"urls": [{"url": "http://t.co/MBuagCc1vd", "indices": [0, 22], "expanded_url": "https://twitter.com/wales4me", "display_url": "twitter.com/wales4me"}]}, "description": {"urls": []}}, "profile_text_color": "333333", "profile_sidebar_border_color": "C0DEED", "default_profile": true}
2017-10-28T14:00:03.729036	{"description": "Enjoying retirement", "profile_use_background_image": true, "protected": false, "translator_type": "none", "profile_background_image_url_https": "https://abs.twimg.com/images/themes/theme1/bg.png", "follow_request_sent": false, "contributors_enabled": false, "location": "Concord, California", "status": {"contributors": null, "in_reply_to_status_id_str": "923181896858824705", "retweet_count": 0, "in_reply_to_status_id": 923181896858824705, "truncated": false, "in_reply_to_user_id_str": "905095603297943554", "retweeted": false, "favorited": false, "created_at": "Fri Oct 27 01:36:26 +0000 2017", "place": null, "in_reply_to_screen_name": "frostycamel", "in_reply_to_user_id": 905095603297943554, "source": "<a href=\"http://twitter.com/download/android\" rel=\"nofollow\">Twitter for Android</a>", "id_str": "923725041036136448", "id": 923725041036136448, "geo": null, "text": "@frostycamel @Team_Trump45 @realDonaldTrump Details.", "is_quote_status": false, "entities": {"symbols": [], "user_mentions": [{"name": "Andy", "indices": [0, 12], "screen_name": "frostycamel", "id": 905095603297943554, "id_str": "905095603297943554"}, {"name": "Trumpism\u2122", "indices": [13, 26], "screen_name": "Team_Trump45", "id": 3580248555, "id_str": "3580248555"}, {"name": "Donald J. Trump", "indices": [27, 43], "screen_name": "realDonaldTrump", "id": 25073877, "id_str": "25073877"}], "hashtags": [], "urls": []}, "lang": "en", "coordinates": null, "favorite_count": 0}, "profile_background_tile": false, "is_translation_enabled": false, "profile_sidebar_fill_color": "DDEEF6", "default_profile": true, "url": "http://t.co/MBuagCc1vd", "entities": {"description": {"urls": []}, "url": {"urls": [{"display_url": "twitter.com/wales4me", "url": "http://t.co/MBuagCc1vd", "expanded_url": "https://twitter.com/wales4me", "indices": [0, 22]}]}}, "favourites_count": 20, "statuses_count": 31, "created_at": "Wed Mar 11 16:07:12 +0000 2009", "profile_link_color": "1DA1F2", "screen_name": "wales4me", "followers_count": 1, "utc_offset": -25200, "time_zone": "Pacific Time (US & Canada)", "name": "Don", "geo_enabled": false, "id_str": "23783299", "verified": false, "profile_background_image_url": "http://abs.twimg.com/images/themes/theme1/bg.png", "profile_sidebar_border_color": "C0DEED", "id": 23783299, "listed_count": 0, "profile_image_url": "http://pbs.twimg.com/profile_images/1479734318/IMG04_normal.JPG", "is_translator": false, "friends_count": 37, "profile_text_color": "333333", "notifications": false, "following": false, "has_extended_profile": false, "lang": "en", "profile_image_url_https": "https://pbs.twimg.com/profile_images/1479734318/IMG04_normal.JPG", "default_profile_image": false, "profile_background_color": "C0DEED"}
2017-10-28T15:00:04.570191	{"location": "Concord, California", "has_extended_profile": false, "is_translation_enabled": false, "profile_background_color": "C0DEED", "following": false, "default_profile": true, "status": {"geo": null, "favorited": false, "truncated": false, "created_at": "Fri Oct 27 01:36:26 +0000 2017", "id_str": "923725041036136448", "coordinates": null, "entities": {"user_mentions": [{"indices": [0, 12], "id_str": "905095603297943554", "screen_name": "frostycamel", "id": 905095603297943554, "name": "Andy"}, {"indices": [13, 26], "id_str": "3580248555", "screen_name": "Team_Trump45", "id": 3580248555, "name": "Trumpism\u2122"}, {"indices": [27, 43], "id_str": "25073877", "screen_name": "realDonaldTrump", "id": 25073877, "name": "Donald J. Trump"}], "hashtags": [], "urls": [], "symbols": []}, "in_reply_to_screen_name": "frostycamel", "contributors": null, "in_reply_to_user_id_str": "905095603297943554", "in_reply_to_status_id_str": "923181896858824705", "in_reply_to_status_id": 923181896858824705, "source": "<a href=\"http://twitter.com/download/android\" rel=\"nofollow\">Twitter for Android</a>", "retweeted": false, "is_quote_status": false, "text": "@frostycamel @Team_Trump45 @realDonaldTrump Details.", "lang": "en", "place": null, "id": 923725041036136448, "favorite_count": 0, "in_reply_to_user_id": 905095603297943554, "retweet_count": 0}, "id_str": "23783299", "followers_count": 1, "created_at": "Wed Mar 11 16:07:12 +0000 2009", "follow_request_sent": false, "translator_type": "none", "entities": {"url": {"urls": [{"display_url": "twitter.com/wales4me", "url": "http://t.co/MBuagCc1vd", "expanded_url": "https://twitter.com/wales4me", "indices": [0, 22]}]}, "description": {"urls": []}}, "url": "http://t.co/MBuagCc1vd", "profile_image_url_https": "https://pbs.twimg.com/profile_images/1479734318/IMG04_normal.JPG", "profile_link_color": "1DA1F2", "profile_sidebar_border_color": "C0DEED", "utc_offset": -25200, "favourites_count": 20, "profile_background_image_url": "http://abs.twimg.com/images/themes/theme1/bg.png", "screen_name": "wales4me", "notifications": false, "statuses_count": 31, "profile_background_tile": false, "time_zone": "Pacific Time (US & Canada)", "lang": "en", "listed_count": 0, "profile_sidebar_fill_color": "DDEEF6", "profile_background_image_url_https": "https://abs.twimg.com/images/themes/theme1/bg.png", "id": 23783299, "contributors_enabled": false, "profile_image_url": "http://pbs.twimg.com/profile_images/1479734318/IMG04_normal.JPG", "profile_text_color": "333333", "description": "Enjoying retirement", "geo_enabled": false, "verified": false, "profile_use_background_image": true, "default_profile_image": false, "protected": false, "friends_count": 37, "is_translator": false, "name": "Don"}
2017-10-28T16:00:04.398747	{"entities": {"description": {"urls": []}, "url": {"urls": [{"expanded_url": "https://twitter.com/wales4me", "indices": [0, 22], "display_url": "twitter.com/wales4me", "url": "http://t.co/MBuagCc1vd"}]}}, "profile_image_url_https": "https://pbs.twimg.com/profile_images/1479734318/IMG04_normal.JPG", "is_translator": false, "id_str": "23783299", "description": "Enjoying retirement", "profile_sidebar_fill_color": "DDEEF6", "listed_count": 0, "statuses_count": 31, "profile_background_image_url_https": "https://abs.twimg.com/images/themes/theme1/bg.png", "translator_type": "none", "profile_text_color": "333333", "protected": false, "profile_background_image_url": "http://abs.twimg.com/images/themes/theme1/bg.png", "profile_link_color": "1DA1F2", "lang": "en", "profile_use_background_image": true, "id": 23783299, "has_extended_profile": false, "profile_background_tile": false, "profile_sidebar_border_color": "C0DEED", "is_translation_enabled": false, "notifications": false, "screen_name": "wales4me", "default_profile_image": false, "status": {"entities": {"urls": [], "hashtags": [], "symbols": [], "user_mentions": [{"screen_name": "frostycamel", "indices": [0, 12], "id": 905095603297943554, "name": "Andy", "id_str": "905095603297943554"}, {"screen_name": "Team_Trump45", "indices": [13, 26], "id": 3580248555, "name": "Trumpism\u2122", "id_str": "3580248555"}, {"screen_name": "realDonaldTrump", "indices": [27, 43], "id": 25073877, "name": "Donald J. Trump", "id_str": "25073877"}]}, "in_reply_to_screen_name": "frostycamel", "in_reply_to_status_id_str": "923181896858824705", "coordinates": null, "id_str": "923725041036136448", "favorited": false, "contributors": null, "retweet_count": 0, "in_reply_to_user_id_str": "905095603297943554", "place": null, "in_reply_to_status_id": 923181896858824705, "created_at": "Fri Oct 27 01:36:26 +0000 2017", "lang": "en", "in_reply_to_user_id": 905095603297943554, "id": 923725041036136448, "text": "@frostycamel @Team_Trump45 @realDonaldTrump Details.", "favorite_count": 0, "truncated": false, "retweeted": false, "geo": null, "source": "<a href=\"http://twitter.com/download/android\" rel=\"nofollow\">Twitter for Android</a>", "is_quote_status": false}, "url": "http://t.co/MBuagCc1vd", "followers_count": 1, "contributors_enabled": false, "utc_offset": -25200, "profile_image_url": "http://pbs.twimg.com/profile_images/1479734318/IMG04_normal.JPG", "default_profile": true, "profile_background_color": "C0DEED", "location": "Concord, California", "name": "Don", "time_zone": "Pacific Time (US & Canada)", "verified": false, "created_at": "Wed Mar 11 16:07:12 +0000 2009", "friends_count": 37, "following": false, "geo_enabled": false, "favourites_count": 20, "follow_request_sent": false}
2017-10-28T17:00:04.024265	{"default_profile": true, "location": "Concord, California", "created_at": "Wed Mar 11 16:07:12 +0000 2009", "notifications": false, "profile_background_image_url": "http://abs.twimg.com/images/themes/theme1/bg.png", "friends_count": 37, "is_translator": false, "screen_name": "wales4me", "name": "Don", "profile_image_url": "http://pbs.twimg.com/profile_images/1479734318/IMG04_normal.JPG", "follow_request_sent": false, "geo_enabled": false, "favourites_count": 20, "statuses_count": 31, "profile_sidebar_fill_color": "DDEEF6", "profile_link_color": "1DA1F2", "profile_use_background_image": true, "profile_background_tile": false, "time_zone": "Pacific Time (US & Canada)", "is_translation_enabled": false, "profile_image_url_https": "https://pbs.twimg.com/profile_images/1479734318/IMG04_normal.JPG", "followers_count": 1, "lang": "en", "has_extended_profile": false, "contributors_enabled": false, "listed_count": 0, "id_str": "23783299", "verified": false, "url": "http://t.co/MBuagCc1vd", "description": "Enjoying retirement", "utc_offset": -25200, "id": 23783299, "profile_text_color": "333333", "entities": {"description": {"urls": []}, "url": {"urls": [{"indices": [0, 22], "display_url": "twitter.com/wales4me", "expanded_url": "https://twitter.com/wales4me", "url": "http://t.co/MBuagCc1vd"}]}}, "translator_type": "none", "profile_background_color": "C0DEED", "protected": false, "profile_background_image_url_https": "https://abs.twimg.com/images/themes/theme1/bg.png", "following": false, "profile_sidebar_border_color": "C0DEED", "status": {"in_reply_to_status_id": 923181896858824705, "created_at": "Fri Oct 27 01:36:26 +0000 2017", "retweeted": false, "in_reply_to_user_id_str": "905095603297943554", "is_quote_status": false, "contributors": null, "favorited": false, "geo": null, "entities": {"hashtags": [], "user_mentions": [{"indices": [0, 12], "id": 905095603297943554, "id_str": "905095603297943554", "screen_name": "frostycamel", "name": "Andy"}, {"indices": [13, 26], "id": 3580248555, "id_str": "3580248555", "screen_name": "Team_Trump45", "name": "Trumpism\u2122"}, {"indices": [27, 43], "id": 25073877, "id_str": "25073877", "screen_name": "realDonaldTrump", "name": "Donald J. Trump"}], "urls": [], "symbols": []}, "retweet_count": 0, "in_reply_to_screen_name": "frostycamel", "lang": "en", "truncated": false, "source": "<a href=\"http://twitter.com/download/android\" rel=\"nofollow\">Twitter for Android</a>", "id_str": "923725041036136448", "id": 923725041036136448, "place": null, "in_reply_to_user_id": 905095603297943554, "in_reply_to_status_id_str": "923181896858824705", "favorite_count": 0, "text": "@frostycamel @Team_Trump45 @realDonaldTrump Details.", "coordinates": null}, "default_profile_image": false}
2017-10-28T18:00:03.959831	{"profile_background_color": "C0DEED", "status": {"geo": null, "id": 923725041036136448, "in_reply_to_screen_name": "frostycamel", "in_reply_to_user_id_str": "905095603297943554", "in_reply_to_status_id": 923181896858824705, "contributors": null, "favorited": false, "id_str": "923725041036136448", "truncated": false, "retweeted": false, "source": "<a href=\"http://twitter.com/download/android\" rel=\"nofollow\">Twitter for Android</a>", "place": null, "in_reply_to_status_id_str": "923181896858824705", "entities": {"user_mentions": [{"id_str": "905095603297943554", "screen_name": "frostycamel", "name": "Andy", "indices": [0, 12], "id": 905095603297943554}, {"id_str": "3580248555", "screen_name": "Team_Trump45", "name": "Trumpism\u2122", "indices": [13, 26], "id": 3580248555}, {"id_str": "25073877", "screen_name": "realDonaldTrump", "name": "Donald J. Trump", "indices": [27, 43], "id": 25073877}], "hashtags": [], "symbols": [], "urls": []}, "lang": "en", "text": "@frostycamel @Team_Trump45 @realDonaldTrump Details.", "in_reply_to_user_id": 905095603297943554, "retweet_count": 0, "is_quote_status": false, "coordinates": null, "created_at": "Fri Oct 27 01:36:26 +0000 2017", "favorite_count": 0}, "id": 23783299, "profile_image_url_https": "https://pbs.twimg.com/profile_images/1479734318/IMG04_normal.JPG", "profile_sidebar_border_color": "C0DEED", "statuses_count": 31, "screen_name": "wales4me", "name": "Don", "favourites_count": 20, "id_str": "23783299", "notifications": false, "geo_enabled": false, "protected": false, "profile_background_tile": false, "followers_count": 1, "following": false, "profile_sidebar_fill_color": "DDEEF6", "default_profile_image": false, "entities": {"url": {"urls": [{"url": "http://t.co/MBuagCc1vd", "display_url": "twitter.com/wales4me", "indices": [0, 22], "expanded_url": "https://twitter.com/wales4me"}]}, "description": {"urls": []}}, "lang": "en", "follow_request_sent": false, "url": "http://t.co/MBuagCc1vd", "description": "Enjoying retirement", "contributors_enabled": false, "has_extended_profile": false, "translator_type": "none", "utc_offset": -25200, "default_profile": true, "verified": false, "listed_count": 0, "profile_text_color": "333333", "profile_link_color": "1DA1F2", "is_translator": false, "location": "Concord, California", "profile_background_image_url": "http://abs.twimg.com/images/themes/theme1/bg.png", "profile_background_image_url_https": "https://abs.twimg.com/images/themes/theme1/bg.png", "created_at": "Wed Mar 11 16:07:12 +0000 2009", "time_zone": "Pacific Time (US & Canada)", "is_translation_enabled": false, "friends_count": 37, "profile_use_background_image": true, "profile_image_url": "http://pbs.twimg.com/profile_images/1479734318/IMG04_normal.JPG"}
2017-10-28T19:00:04.232449	{"statuses_count": 31, "is_translation_enabled": false, "is_translator": false, "verified": false, "default_profile": true, "default_profile_image": false, "id": 23783299, "description": "Enjoying retirement", "lang": "en", "profile_background_color": "C0DEED", "favourites_count": 20, "contributors_enabled": false, "has_extended_profile": false, "time_zone": "Pacific Time (US & Canada)", "profile_background_tile": false, "utc_offset": -25200, "url": "http://t.co/MBuagCc1vd", "profile_text_color": "333333", "protected": false, "location": "Concord, California", "profile_sidebar_border_color": "C0DEED", "screen_name": "wales4me", "profile_sidebar_fill_color": "DDEEF6", "friends_count": 37, "profile_use_background_image": true, "profile_background_image_url_https": "https://abs.twimg.com/images/themes/theme1/bg.png", "profile_link_color": "1DA1F2", "id_str": "23783299", "translator_type": "none", "listed_count": 0, "followers_count": 1, "following": false, "profile_image_url": "http://pbs.twimg.com/profile_images/1479734318/IMG04_normal.JPG", "status": {"retweeted": false, "in_reply_to_user_id_str": "905095603297943554", "lang": "en", "id": 923725041036136448, "place": null, "in_reply_to_status_id_str": "923181896858824705", "favorite_count": 0, "entities": {"symbols": [], "user_mentions": [{"name": "Andy", "id": 905095603297943554, "screen_name": "frostycamel", "indices": [0, 12], "id_str": "905095603297943554"}, {"name": "Trumpism\u2122", "id": 3580248555, "screen_name": "Team_Trump45", "indices": [13, 26], "id_str": "3580248555"}, {"name": "Donald J. Trump", "id": 25073877, "screen_name": "realDonaldTrump", "indices": [27, 43], "id_str": "25073877"}], "hashtags": [], "urls": []}, "in_reply_to_user_id": 905095603297943554, "is_quote_status": false, "retweet_count": 0, "id_str": "923725041036136448", "truncated": false, "coordinates": null, "in_reply_to_screen_name": "frostycamel", "in_reply_to_status_id": 923181896858824705, "created_at": "Fri Oct 27 01:36:26 +0000 2017", "contributors": null, "text": "@frostycamel @Team_Trump45 @realDonaldTrump Details.", "source": "<a href=\"http://twitter.com/download/android\" rel=\"nofollow\">Twitter for Android</a>", "favorited": false, "geo": null}, "profile_background_image_url": "http://abs.twimg.com/images/themes/theme1/bg.png", "created_at": "Wed Mar 11 16:07:12 +0000 2009", "profile_image_url_https": "https://pbs.twimg.com/profile_images/1479734318/IMG04_normal.JPG", "notifications": false, "name": "Don", "follow_request_sent": false, "entities": {"url": {"urls": [{"display_url": "twitter.com/wales4me", "url": "http://t.co/MBuagCc1vd", "expanded_url": "https://twitter.com/wales4me", "indices": [0, 22]}]}, "description": {"urls": []}}, "geo_enabled": false}
2017-10-28T20:00:04.341929	{"profile_image_url": "http://pbs.twimg.com/profile_images/1479734318/IMG04_normal.JPG", "verified": false, "profile_background_image_url": "http://abs.twimg.com/images/themes/theme1/bg.png", "lang": "en", "profile_link_color": "1DA1F2", "is_translator": false, "listed_count": 0, "favourites_count": 20, "profile_use_background_image": true, "default_profile_image": false, "translator_type": "none", "url": "http://t.co/MBuagCc1vd", "profile_sidebar_border_color": "C0DEED", "profile_background_color": "C0DEED", "id": 23783299, "default_profile": true, "id_str": "23783299", "friends_count": 37, "following": false, "screen_name": "wales4me", "notifications": false, "description": "Enjoying retirement", "time_zone": "Pacific Time (US & Canada)", "follow_request_sent": false, "location": "Concord, California", "profile_text_color": "333333", "profile_sidebar_fill_color": "DDEEF6", "created_at": "Wed Mar 11 16:07:12 +0000 2009", "profile_background_image_url_https": "https://abs.twimg.com/images/themes/theme1/bg.png", "has_extended_profile": false, "statuses_count": 31, "geo_enabled": false, "name": "Don", "protected": false, "profile_image_url_https": "https://pbs.twimg.com/profile_images/1479734318/IMG04_normal.JPG", "utc_offset": -25200, "entities": {"url": {"urls": [{"display_url": "twitter.com/wales4me", "url": "http://t.co/MBuagCc1vd", "expanded_url": "https://twitter.com/wales4me", "indices": [0, 22]}]}, "description": {"urls": []}}, "status": {"truncated": false, "lang": "en", "retweeted": false, "in_reply_to_user_id_str": "905095603297943554", "source": "<a href=\"http://twitter.com/download/android\" rel=\"nofollow\">Twitter for Android</a>", "coordinates": null, "contributors": null, "id_str": "923725041036136448", "retweet_count": 0, "in_reply_to_screen_name": "frostycamel", "geo": null, "created_at": "Fri Oct 27 01:36:26 +0000 2017", "place": null, "is_quote_status": false, "in_reply_to_status_id": 923181896858824705, "favorited": false, "favorite_count": 0, "text": "@frostycamel @Team_Trump45 @realDonaldTrump Details.", "entities": {"urls": [], "user_mentions": [{"id_str": "905095603297943554", "name": "Andy", "indices": [0, 12], "screen_name": "frostycamel", "id": 905095603297943554}, {"id_str": "3580248555", "name": "Trumpism\u2122", "indices": [13, 26], "screen_name": "Team_Trump45", "id": 3580248555}, {"id_str": "25073877", "name": "Donald J. Trump", "indices": [27, 43], "screen_name": "realDonaldTrump", "id": 25073877}], "hashtags": [], "symbols": []}, "id": 923725041036136448, "in_reply_to_user_id": 905095603297943554, "in_reply_to_status_id_str": "923181896858824705"}, "followers_count": 1, "is_translation_enabled": false, "profile_background_tile": false, "contributors_enabled": false}
2017-10-28T21:00:03.859359	{"profile_image_url_https": "https://pbs.twimg.com/profile_images/1479734318/IMG04_normal.JPG", "url": "http://t.co/MBuagCc1vd", "id": 23783299, "default_profile_image": false, "screen_name": "wales4me", "profile_background_image_url": "http://abs.twimg.com/images/themes/theme1/bg.png", "entities": {"url": {"urls": [{"display_url": "twitter.com/wales4me", "url": "http://t.co/MBuagCc1vd", "indices": [0, 22], "expanded_url": "https://twitter.com/wales4me"}]}, "description": {"urls": []}}, "following": false, "profile_sidebar_border_color": "C0DEED", "is_translator": false, "follow_request_sent": false, "has_extended_profile": false, "profile_use_background_image": true, "verified": false, "name": "Don", "profile_image_url": "http://pbs.twimg.com/profile_images/1479734318/IMG04_normal.JPG", "description": "Enjoying retirement", "statuses_count": 31, "listed_count": 0, "profile_background_image_url_https": "https://abs.twimg.com/images/themes/theme1/bg.png", "contributors_enabled": false, "followers_count": 1, "translator_type": "none", "utc_offset": -25200, "profile_sidebar_fill_color": "DDEEF6", "protected": false, "default_profile": true, "profile_background_color": "C0DEED", "status": {"in_reply_to_status_id": 923181896858824705, "source": "<a href=\"http://twitter.com/download/android\" rel=\"nofollow\">Twitter for Android</a>", "in_reply_to_user_id_str": "905095603297943554", "favorited": false, "entities": {"symbols": [], "hashtags": [], "user_mentions": [{"screen_name": "frostycamel", "name": "Andy", "id": 905095603297943554, "id_str": "905095603297943554", "indices": [0, 12]}, {"screen_name": "Team_Trump45", "name": "Trumpism\u2122", "id": 3580248555, "id_str": "3580248555", "indices": [13, 26]}, {"screen_name": "realDonaldTrump", "name": "Donald J. Trump", "id": 25073877, "id_str": "25073877", "indices": [27, 43]}], "urls": []}, "in_reply_to_screen_name": "frostycamel", "contributors": null, "is_quote_status": false, "place": null, "truncated": false, "id": 923725041036136448, "text": "@frostycamel @Team_Trump45 @realDonaldTrump Details.", "coordinates": null, "favorite_count": 0, "geo": null, "in_reply_to_status_id_str": "923181896858824705", "in_reply_to_user_id": 905095603297943554, "id_str": "923725041036136448", "lang": "en", "retweet_count": 0, "retweeted": false, "created_at": "Fri Oct 27 01:36:26 +0000 2017"}, "favourites_count": 20, "friends_count": 37, "geo_enabled": false, "notifications": false, "profile_background_tile": false, "profile_link_color": "1DA1F2", "id_str": "23783299", "lang": "en", "time_zone": "Pacific Time (US & Canada)", "is_translation_enabled": false, "profile_text_color": "333333", "location": "Concord, California", "created_at": "Wed Mar 11 16:07:12 +0000 2009"}
2017-10-28T22:00:04.569541	{"entities": {"description": {"urls": []}, "url": {"urls": [{"expanded_url": "https://twitter.com/wales4me", "display_url": "twitter.com/wales4me", "url": "http://t.co/MBuagCc1vd", "indices": [0, 22]}]}}, "location": "Concord, California", "has_extended_profile": false, "geo_enabled": false, "id_str": "23783299", "verified": false, "listed_count": 0, "profile_background_tile": false, "profile_background_image_url_https": "https://abs.twimg.com/images/themes/theme1/bg.png", "created_at": "Wed Mar 11 16:07:12 +0000 2009", "follow_request_sent": false, "lang": "en", "translator_type": "none", "default_profile": true, "following": false, "screen_name": "wales4me", "profile_background_image_url": "http://abs.twimg.com/images/themes/theme1/bg.png", "description": "Enjoying retirement", "friends_count": 37, "profile_text_color": "333333", "time_zone": "Pacific Time (US & Canada)", "protected": false, "statuses_count": 31, "is_translation_enabled": false, "profile_sidebar_fill_color": "DDEEF6", "notifications": false, "followers_count": 1, "profile_image_url": "http://pbs.twimg.com/profile_images/1479734318/IMG04_normal.JPG", "utc_offset": -25200, "url": "http://t.co/MBuagCc1vd", "profile_sidebar_border_color": "C0DEED", "profile_image_url_https": "https://pbs.twimg.com/profile_images/1479734318/IMG04_normal.JPG", "id": 23783299, "contributors_enabled": false, "profile_background_color": "C0DEED", "favourites_count": 20, "profile_use_background_image": true, "status": {"entities": {"hashtags": [], "user_mentions": [{"screen_name": "frostycamel", "id": 905095603297943554, "name": "Andy", "id_str": "905095603297943554", "indices": [0, 12]}, {"screen_name": "Team_Trump45", "id": 3580248555, "name": "Trumpism\u2122", "id_str": "3580248555", "indices": [13, 26]}, {"screen_name": "realDonaldTrump", "id": 25073877, "name": "Donald J. Trump", "id_str": "25073877", "indices": [27, 43]}], "symbols": [], "urls": []}, "source": "<a href=\"http://twitter.com/download/android\" rel=\"nofollow\">Twitter for Android</a>", "place": null, "in_reply_to_user_id": 905095603297943554, "retweeted": false, "created_at": "Fri Oct 27 01:36:26 +0000 2017", "lang": "en", "in_reply_to_screen_name": "frostycamel", "is_quote_status": false, "in_reply_to_user_id_str": "905095603297943554", "truncated": false, "contributors": null, "coordinates": null, "favorited": false, "favorite_count": 0, "in_reply_to_status_id": 923181896858824705, "geo": null, "text": "@frostycamel @Team_Trump45 @realDonaldTrump Details.", "id": 923725041036136448, "id_str": "923725041036136448", "retweet_count": 0, "in_reply_to_status_id_str": "923181896858824705"}, "default_profile_image": false, "profile_link_color": "1DA1F2", "is_translator": false, "name": "Don"}
2017-10-28T23:00:04.098294	{"geo_enabled": false, "screen_name": "wales4me", "profile_background_image_url_https": "https://abs.twimg.com/images/themes/theme1/bg.png", "default_profile": true, "listed_count": 0, "profile_image_url_https": "https://pbs.twimg.com/profile_images/1479734318/IMG04_normal.JPG", "notifications": false, "id_str": "23783299", "profile_background_image_url": "http://abs.twimg.com/images/themes/theme1/bg.png", "profile_text_color": "333333", "following": false, "utc_offset": -25200, "protected": false, "friends_count": 37, "is_translator": false, "profile_sidebar_border_color": "C0DEED", "lang": "en", "follow_request_sent": false, "profile_background_color": "C0DEED", "profile_image_url": "http://pbs.twimg.com/profile_images/1479734318/IMG04_normal.JPG", "statuses_count": 31, "created_at": "Wed Mar 11 16:07:12 +0000 2009", "description": "Enjoying retirement", "contributors_enabled": false, "translator_type": "none", "location": "Concord, California", "followers_count": 1, "favourites_count": 20, "profile_use_background_image": true, "url": "http://t.co/MBuagCc1vd", "has_extended_profile": false, "verified": false, "profile_background_tile": false, "id": 23783299, "profile_sidebar_fill_color": "DDEEF6", "is_translation_enabled": false, "profile_link_color": "1DA1F2", "entities": {"description": {"urls": []}, "url": {"urls": [{"indices": [0, 22], "url": "http://t.co/MBuagCc1vd", "display_url": "twitter.com/wales4me", "expanded_url": "https://twitter.com/wales4me"}]}}, "status": {"in_reply_to_user_id": 905095603297943554, "in_reply_to_user_id_str": "905095603297943554", "text": "@frostycamel @Team_Trump45 @realDonaldTrump Details.", "id_str": "923725041036136448", "retweeted": false, "coordinates": null, "geo": null, "in_reply_to_status_id": 923181896858824705, "place": null, "contributors": null, "retweet_count": 0, "favorited": false, "created_at": "Fri Oct 27 01:36:26 +0000 2017", "in_reply_to_screen_name": "frostycamel", "truncated": false, "lang": "en", "is_quote_status": false, "favorite_count": 0, "entities": {"user_mentions": [{"id": 905095603297943554, "indices": [0, 12], "screen_name": "frostycamel", "id_str": "905095603297943554", "name": "Andy"}, {"id": 3580248555, "indices": [13, 26], "screen_name": "Team_Trump45", "id_str": "3580248555", "name": "Trumpism\u2122"}, {"id": 25073877, "indices": [27, 43], "screen_name": "realDonaldTrump", "id_str": "25073877", "name": "Donald J. Trump"}], "urls": [], "hashtags": [], "symbols": []}, "source": "<a href=\"http://twitter.com/download/android\" rel=\"nofollow\">Twitter for Android</a>", "in_reply_to_status_id_str": "923181896858824705", "id": 923725041036136448}, "default_profile_image": false, "time_zone": "Pacific Time (US & Canada)", "name": "Don"}
2017-10-29T00:00:03.782561	{"created_at": "Wed Mar 11 16:07:12 +0000 2009", "status": {"created_at": "Fri Oct 27 01:36:26 +0000 2017", "place": null, "favorite_count": 0, "id": 923725041036136448, "favorited": false, "retweeted": false, "truncated": false, "contributors": null, "in_reply_to_status_id_str": "923181896858824705", "retweet_count": 0, "id_str": "923725041036136448", "coordinates": null, "entities": {"user_mentions": [{"screen_name": "frostycamel", "id": 905095603297943554, "name": "Andy", "id_str": "905095603297943554", "indices": [0, 12]}, {"screen_name": "Team_Trump45", "id": 3580248555, "name": "Trumpism\u2122", "id_str": "3580248555", "indices": [13, 26]}, {"screen_name": "realDonaldTrump", "id": 25073877, "name": "Donald J. Trump", "id_str": "25073877", "indices": [27, 43]}], "urls": [], "hashtags": [], "symbols": []}, "is_quote_status": false, "lang": "en", "in_reply_to_user_id_str": "905095603297943554", "source": "<a href=\"http://twitter.com/download/android\" rel=\"nofollow\">Twitter for Android</a>", "text": "@frostycamel @Team_Trump45 @realDonaldTrump Details.", "in_reply_to_screen_name": "frostycamel", "geo": null, "in_reply_to_status_id": 923181896858824705, "in_reply_to_user_id": 905095603297943554}, "utc_offset": -25200, "protected": false, "profile_image_url": "http://pbs.twimg.com/profile_images/1479734318/IMG04_normal.JPG", "id": 23783299, "profile_link_color": "1DA1F2", "listed_count": 0, "location": "Concord, California", "is_translator": false, "profile_background_tile": false, "url": "http://t.co/MBuagCc1vd", "screen_name": "wales4me", "profile_sidebar_fill_color": "DDEEF6", "profile_use_background_image": true, "profile_background_image_url_https": "https://abs.twimg.com/images/themes/theme1/bg.png", "has_extended_profile": false, "followers_count": 1, "favourites_count": 20, "translator_type": "none", "following": false, "name": "Don", "profile_image_url_https": "https://pbs.twimg.com/profile_images/1479734318/IMG04_normal.JPG", "entities": {"description": {"urls": []}, "url": {"urls": [{"display_url": "twitter.com/wales4me", "expanded_url": "https://twitter.com/wales4me", "indices": [0, 22], "url": "http://t.co/MBuagCc1vd"}]}}, "default_profile": true, "profile_text_color": "333333", "follow_request_sent": false, "lang": "en", "contributors_enabled": false, "description": "Enjoying retirement", "default_profile_image": false, "profile_background_color": "C0DEED", "id_str": "23783299", "friends_count": 37, "is_translation_enabled": false, "time_zone": "Pacific Time (US & Canada)", "notifications": false, "geo_enabled": false, "verified": false, "profile_sidebar_border_color": "C0DEED", "statuses_count": 31, "profile_background_image_url": "http://abs.twimg.com/images/themes/theme1/bg.png"}
2017-10-29T01:00:03.683507	{"profile_text_color": "333333", "description": "Enjoying retirement", "profile_background_color": "C0DEED", "friends_count": 37, "protected": false, "time_zone": "Pacific Time (US & Canada)", "profile_link_color": "1DA1F2", "entities": {"description": {"urls": []}, "url": {"urls": [{"expanded_url": "https://twitter.com/wales4me", "indices": [0, 22], "display_url": "twitter.com/wales4me", "url": "http://t.co/MBuagCc1vd"}]}}, "id": 23783299, "profile_sidebar_fill_color": "DDEEF6", "followers_count": 1, "translator_type": "none", "profile_background_image_url": "http://abs.twimg.com/images/themes/theme1/bg.png", "id_str": "23783299", "notifications": false, "listed_count": 0, "profile_image_url_https": "https://pbs.twimg.com/profile_images/1479734318/IMG04_normal.JPG", "is_translation_enabled": false, "geo_enabled": false, "status": {"favorited": false, "coordinates": null, "source": "<a href=\"http://twitter.com/download/android\" rel=\"nofollow\">Twitter for Android</a>", "entities": {"symbols": [], "hashtags": [], "urls": [], "user_mentions": [{"name": "Andy", "id_str": "905095603297943554", "screen_name": "frostycamel", "id": 905095603297943554, "indices": [0, 12]}, {"name": "Trumpism\u2122", "id_str": "3580248555", "screen_name": "Team_Trump45", "id": 3580248555, "indices": [13, 26]}, {"name": "Donald J. Trump", "id_str": "25073877", "screen_name": "realDonaldTrump", "id": 25073877, "indices": [27, 43]}]}, "id": 923725041036136448, "id_str": "923725041036136448", "is_quote_status": false, "retweet_count": 0, "in_reply_to_status_id_str": "923181896858824705", "text": "@frostycamel @Team_Trump45 @realDonaldTrump Details.", "geo": null, "in_reply_to_status_id": 923181896858824705, "in_reply_to_user_id": 905095603297943554, "created_at": "Fri Oct 27 01:36:26 +0000 2017", "contributors": null, "favorite_count": 0, "in_reply_to_user_id_str": "905095603297943554", "in_reply_to_screen_name": "frostycamel", "lang": "en", "truncated": false, "retweeted": false, "place": null}, "profile_sidebar_border_color": "C0DEED", "url": "http://t.co/MBuagCc1vd", "profile_background_image_url_https": "https://abs.twimg.com/images/themes/theme1/bg.png", "has_extended_profile": false, "profile_use_background_image": true, "contributors_enabled": false, "profile_background_tile": false, "location": "Concord, California", "default_profile": true, "follow_request_sent": false, "profile_image_url": "http://pbs.twimg.com/profile_images/1479734318/IMG04_normal.JPG", "screen_name": "wales4me", "default_profile_image": false, "favourites_count": 20, "verified": false, "name": "Don", "lang": "en", "following": false, "is_translator": false, "created_at": "Wed Mar 11 16:07:12 +0000 2009", "utc_offset": -25200, "statuses_count": 31}
2017-10-29T02:00:04.350315	{"statuses_count": 31, "name": "Don", "profile_image_url_https": "https://pbs.twimg.com/profile_images/1479734318/IMG04_normal.JPG", "has_extended_profile": false, "profile_image_url": "http://pbs.twimg.com/profile_images/1479734318/IMG04_normal.JPG", "follow_request_sent": false, "id": 23783299, "following": false, "friends_count": 37, "listed_count": 0, "created_at": "Wed Mar 11 16:07:12 +0000 2009", "favourites_count": 20, "is_translation_enabled": false, "profile_background_image_url_https": "https://abs.twimg.com/images/themes/theme1/bg.png", "description": "Enjoying retirement", "translator_type": "none", "profile_link_color": "1DA1F2", "profile_background_color": "C0DEED", "is_translator": false, "followers_count": 1, "url": "http://t.co/MBuagCc1vd", "contributors_enabled": false, "utc_offset": -25200, "profile_use_background_image": true, "profile_background_image_url": "http://abs.twimg.com/images/themes/theme1/bg.png", "profile_sidebar_fill_color": "DDEEF6", "profile_sidebar_border_color": "C0DEED", "status": {"text": "@frostycamel @Team_Trump45 @realDonaldTrump Details.", "retweeted": false, "truncated": false, "source": "<a href=\"http://twitter.com/download/android\" rel=\"nofollow\">Twitter for Android</a>", "in_reply_to_user_id": 905095603297943554, "id": 923725041036136448, "in_reply_to_status_id_str": "923181896858824705", "id_str": "923725041036136448", "geo": null, "favorited": false, "contributors": null, "place": null, "created_at": "Fri Oct 27 01:36:26 +0000 2017", "coordinates": null, "favorite_count": 0, "in_reply_to_user_id_str": "905095603297943554", "retweet_count": 0, "in_reply_to_status_id": 923181896858824705, "entities": {"user_mentions": [{"indices": [0, 12], "name": "Andy", "id_str": "905095603297943554", "id": 905095603297943554, "screen_name": "frostycamel"}, {"indices": [13, 26], "name": "Trumpism\u2122", "id_str": "3580248555", "id": 3580248555, "screen_name": "Team_Trump45"}, {"indices": [27, 43], "name": "Donald J. Trump", "id_str": "25073877", "id": 25073877, "screen_name": "realDonaldTrump"}], "urls": [], "symbols": [], "hashtags": []}, "is_quote_status": false, "in_reply_to_screen_name": "frostycamel", "lang": "en"}, "verified": false, "default_profile_image": false, "location": "Concord, California", "lang": "en", "protected": false, "default_profile": true, "geo_enabled": false, "profile_text_color": "333333", "time_zone": "Pacific Time (US & Canada)", "entities": {"description": {"urls": []}, "url": {"urls": [{"indices": [0, 22], "url": "http://t.co/MBuagCc1vd", "display_url": "twitter.com/wales4me", "expanded_url": "https://twitter.com/wales4me"}]}}, "screen_name": "wales4me", "profile_background_tile": false, "notifications": false, "id_str": "23783299"}
2017-10-29T03:00:04.673940	{"description": "Enjoying retirement", "listed_count": 0, "profile_background_tile": false, "created_at": "Wed Mar 11 16:07:12 +0000 2009", "utc_offset": -25200, "following": false, "is_translator": false, "favourites_count": 20, "contributors_enabled": false, "profile_background_image_url_https": "https://abs.twimg.com/images/themes/theme1/bg.png", "statuses_count": 31, "follow_request_sent": false, "id": 23783299, "name": "Don", "lang": "en", "notifications": false, "profile_use_background_image": true, "entities": {"description": {"urls": []}, "url": {"urls": [{"indices": [0, 22], "display_url": "twitter.com/wales4me", "expanded_url": "https://twitter.com/wales4me", "url": "http://t.co/MBuagCc1vd"}]}}, "is_translation_enabled": false, "time_zone": "Pacific Time (US & Canada)", "location": "Concord, California", "status": {"in_reply_to_user_id": 905095603297943554, "created_at": "Fri Oct 27 01:36:26 +0000 2017", "in_reply_to_user_id_str": "905095603297943554", "text": "@frostycamel @Team_Trump45 @realDonaldTrump Details.", "contributors": null, "id": 923725041036136448, "favorite_count": 0, "in_reply_to_status_id_str": "923181896858824705", "in_reply_to_screen_name": "frostycamel", "is_quote_status": false, "favorited": false, "coordinates": null, "id_str": "923725041036136448", "retweet_count": 0, "truncated": false, "geo": null, "place": null, "source": "<a href=\"http://twitter.com/download/android\" rel=\"nofollow\">Twitter for Android</a>", "retweeted": false, "in_reply_to_status_id": 923181896858824705, "lang": "en", "entities": {"user_mentions": [{"id": 905095603297943554, "id_str": "905095603297943554", "indices": [0, 12], "name": "Andy", "screen_name": "frostycamel"}, {"id": 3580248555, "id_str": "3580248555", "indices": [13, 26], "name": "Trumpism\u2122", "screen_name": "Team_Trump45"}, {"id": 25073877, "id_str": "25073877", "indices": [27, 43], "name": "Donald J. Trump", "screen_name": "realDonaldTrump"}], "urls": [], "hashtags": [], "symbols": []}}, "friends_count": 37, "profile_background_color": "C0DEED", "id_str": "23783299", "verified": false, "translator_type": "none", "url": "http://t.co/MBuagCc1vd", "default_profile_image": false, "profile_text_color": "333333", "profile_sidebar_fill_color": "DDEEF6", "profile_link_color": "1DA1F2", "protected": false, "screen_name": "wales4me", "profile_image_url_https": "https://pbs.twimg.com/profile_images/1479734318/IMG04_normal.JPG", "profile_image_url": "http://pbs.twimg.com/profile_images/1479734318/IMG04_normal.JPG", "default_profile": true, "profile_background_image_url": "http://abs.twimg.com/images/themes/theme1/bg.png", "followers_count": 1, "geo_enabled": false, "profile_sidebar_border_color": "C0DEED", "has_extended_profile": false}
2017-10-29T04:00:04.419204	{"location": "Concord, California", "entities": {"description": {"urls": []}, "url": {"urls": [{"expanded_url": "https://twitter.com/wales4me", "display_url": "twitter.com/wales4me", "url": "http://t.co/MBuagCc1vd", "indices": [0, 22]}]}}, "profile_use_background_image": true, "profile_background_image_url_https": "https://abs.twimg.com/images/themes/theme1/bg.png", "utc_offset": -25200, "status": {"entities": {"urls": [], "user_mentions": [{"screen_name": "frostycamel", "name": "Andy", "id": 905095603297943554, "id_str": "905095603297943554", "indices": [0, 12]}, {"screen_name": "Team_Trump45", "name": "Trumpism\u2122", "id": 3580248555, "id_str": "3580248555", "indices": [13, 26]}, {"screen_name": "realDonaldTrump", "name": "Donald J. Trump", "id": 25073877, "id_str": "25073877", "indices": [27, 43]}], "symbols": [], "hashtags": []}, "favorited": false, "retweeted": false, "text": "@frostycamel @Team_Trump45 @realDonaldTrump Details.", "in_reply_to_user_id_str": "905095603297943554", "in_reply_to_user_id": 905095603297943554, "created_at": "Fri Oct 27 01:36:26 +0000 2017", "contributors": null, "lang": "en", "retweet_count": 0, "is_quote_status": false, "in_reply_to_status_id_str": "923181896858824705", "truncated": false, "favorite_count": 0, "id_str": "923725041036136448", "id": 923725041036136448, "source": "<a href=\"http://twitter.com/download/android\" rel=\"nofollow\">Twitter for Android</a>", "in_reply_to_screen_name": "frostycamel", "geo": null, "coordinates": null, "in_reply_to_status_id": 923181896858824705, "place": null}, "name": "Don", "lang": "en", "is_translator": false, "has_extended_profile": false, "translator_type": "none", "protected": false, "profile_background_tile": false, "friends_count": 37, "followers_count": 1, "screen_name": "wales4me", "profile_sidebar_border_color": "C0DEED", "profile_background_color": "C0DEED", "time_zone": "Pacific Time (US & Canada)", "profile_link_color": "1DA1F2", "is_translation_enabled": false, "profile_sidebar_fill_color": "DDEEF6", "default_profile": true, "profile_image_url": "http://pbs.twimg.com/profile_images/1479734318/IMG04_normal.JPG", "follow_request_sent": false, "url": "http://t.co/MBuagCc1vd", "id_str": "23783299", "description": "Enjoying retirement", "id": 23783299, "listed_count": 0, "favourites_count": 20, "profile_text_color": "333333", "profile_image_url_https": "https://pbs.twimg.com/profile_images/1479734318/IMG04_normal.JPG", "contributors_enabled": false, "notifications": false, "created_at": "Wed Mar 11 16:07:12 +0000 2009", "default_profile_image": false, "following": false, "geo_enabled": false, "statuses_count": 31, "profile_background_image_url": "http://abs.twimg.com/images/themes/theme1/bg.png", "verified": false}
2017-10-29T05:00:04.106534	{"following": false, "default_profile_image": false, "utc_offset": -25200, "notifications": false, "profile_image_url": "http://pbs.twimg.com/profile_images/1479734318/IMG04_normal.JPG", "name": "Don", "lang": "en", "time_zone": "Pacific Time (US & Canada)", "profile_background_color": "C0DEED", "profile_background_image_url": "http://abs.twimg.com/images/themes/theme1/bg.png", "friends_count": 37, "followers_count": 1, "default_profile": true, "status": {"retweeted": false, "favorite_count": 0, "in_reply_to_user_id": 905095603297943554, "place": null, "in_reply_to_screen_name": "frostycamel", "coordinates": null, "source": "<a href=\"http://twitter.com/download/android\" rel=\"nofollow\">Twitter for Android</a>", "id": 923725041036136448, "is_quote_status": false, "text": "@frostycamel @Team_Trump45 @realDonaldTrump Details.", "in_reply_to_status_id_str": "923181896858824705", "in_reply_to_user_id_str": "905095603297943554", "retweet_count": 0, "lang": "en", "in_reply_to_status_id": 923181896858824705, "contributors": null, "id_str": "923725041036136448", "created_at": "Fri Oct 27 01:36:26 +0000 2017", "favorited": false, "entities": {"symbols": [], "hashtags": [], "urls": [], "user_mentions": [{"id_str": "905095603297943554", "id": 905095603297943554, "name": "Andy", "indices": [0, 12], "screen_name": "frostycamel"}, {"id_str": "3580248555", "id": 3580248555, "name": "Trumpism\u2122", "indices": [13, 26], "screen_name": "Team_Trump45"}, {"id_str": "25073877", "id": 25073877, "name": "Donald J. Trump", "indices": [27, 43], "screen_name": "realDonaldTrump"}]}, "geo": null, "truncated": false}, "listed_count": 0, "profile_image_url_https": "https://pbs.twimg.com/profile_images/1479734318/IMG04_normal.JPG", "id": 23783299, "favourites_count": 20, "profile_sidebar_border_color": "C0DEED", "verified": false, "is_translation_enabled": false, "url": "http://t.co/MBuagCc1vd", "profile_background_image_url_https": "https://abs.twimg.com/images/themes/theme1/bg.png", "has_extended_profile": false, "profile_background_tile": false, "protected": false, "description": "Enjoying retirement", "profile_sidebar_fill_color": "DDEEF6", "geo_enabled": false, "location": "Concord, California", "statuses_count": 31, "profile_link_color": "1DA1F2", "id_str": "23783299", "created_at": "Wed Mar 11 16:07:12 +0000 2009", "follow_request_sent": false, "profile_use_background_image": true, "entities": {"description": {"urls": []}, "url": {"urls": [{"display_url": "twitter.com/wales4me", "url": "http://t.co/MBuagCc1vd", "expanded_url": "https://twitter.com/wales4me", "indices": [0, 22]}]}}, "profile_text_color": "333333", "contributors_enabled": false, "is_translator": false, "translator_type": "none", "screen_name": "wales4me"}
2017-10-29T06:00:04.525762	{"followers_count": 1, "favourites_count": 20, "default_profile_image": false, "profile_text_color": "333333", "profile_background_image_url_https": "https://abs.twimg.com/images/themes/theme1/bg.png", "entities": {"description": {"urls": []}, "url": {"urls": [{"url": "http://t.co/MBuagCc1vd", "indices": [0, 22], "expanded_url": "https://twitter.com/wales4me", "display_url": "twitter.com/wales4me"}]}}, "profile_background_color": "C0DEED", "id_str": "23783299", "created_at": "Wed Mar 11 16:07:12 +0000 2009", "geo_enabled": false, "utc_offset": -25200, "verified": false, "lang": "en", "profile_image_url_https": "https://pbs.twimg.com/profile_images/1479734318/IMG04_normal.JPG", "time_zone": "Pacific Time (US & Canada)", "protected": false, "profile_image_url": "http://pbs.twimg.com/profile_images/1479734318/IMG04_normal.JPG", "statuses_count": 31, "screen_name": "wales4me", "name": "Don", "follow_request_sent": false, "profile_use_background_image": true, "has_extended_profile": false, "is_translator": false, "listed_count": 0, "profile_link_color": "1DA1F2", "location": "Concord, California", "profile_background_image_url": "http://abs.twimg.com/images/themes/theme1/bg.png", "default_profile": true, "friends_count": 37, "contributors_enabled": false, "is_translation_enabled": false, "status": {"retweet_count": 0, "in_reply_to_screen_name": "frostycamel", "place": null, "geo": null, "is_quote_status": false, "entities": {"symbols": [], "hashtags": [], "user_mentions": [{"indices": [0, 12], "screen_name": "frostycamel", "id_str": "905095603297943554", "name": "Andy", "id": 905095603297943554}, {"indices": [13, 26], "screen_name": "Team_Trump45", "id_str": "3580248555", "name": "Trumpism\u2122", "id": 3580248555}, {"indices": [27, 43], "screen_name": "realDonaldTrump", "id_str": "25073877", "name": "Donald J. Trump", "id": 25073877}], "urls": []}, "id_str": "923725041036136448", "created_at": "Fri Oct 27 01:36:26 +0000 2017", "in_reply_to_status_id": 923181896858824705, "retweeted": false, "in_reply_to_user_id_str": "905095603297943554", "lang": "en", "text": "@frostycamel @Team_Trump45 @realDonaldTrump Details.", "in_reply_to_status_id_str": "923181896858824705", "contributors": null, "source": "<a href=\"http://twitter.com/download/android\" rel=\"nofollow\">Twitter for Android</a>", "in_reply_to_user_id": 905095603297943554, "favorite_count": 0, "id": 923725041036136448, "coordinates": null, "favorited": false, "truncated": false}, "url": "http://t.co/MBuagCc1vd", "profile_sidebar_fill_color": "DDEEF6", "id": 23783299, "profile_sidebar_border_color": "C0DEED", "description": "Enjoying retirement", "following": false, "notifications": false, "profile_background_tile": false, "translator_type": "none"}
2017-10-29T07:00:04.294507	{"screen_name": "wales4me", "created_at": "Wed Mar 11 16:07:12 +0000 2009", "name": "Don", "location": "Concord, California", "utc_offset": -25200, "profile_link_color": "1DA1F2", "is_translator": false, "status": {"created_at": "Fri Oct 27 01:36:26 +0000 2017", "favorite_count": 0, "retweeted": false, "in_reply_to_user_id": 905095603297943554, "id": 923725041036136448, "place": null, "text": "@frostycamel @Team_Trump45 @realDonaldTrump Details.", "in_reply_to_screen_name": "frostycamel", "is_quote_status": false, "entities": {"symbols": [], "user_mentions": [{"indices": [0, 12], "screen_name": "frostycamel", "id": 905095603297943554, "id_str": "905095603297943554", "name": "Andy"}, {"indices": [13, 26], "screen_name": "Team_Trump45", "id": 3580248555, "id_str": "3580248555", "name": "Trumpism\u2122"}, {"indices": [27, 43], "screen_name": "realDonaldTrump", "id": 25073877, "id_str": "25073877", "name": "Donald J. Trump"}], "hashtags": [], "urls": []}, "favorited": false, "in_reply_to_status_id": 923181896858824705, "in_reply_to_user_id_str": "905095603297943554", "in_reply_to_status_id_str": "923181896858824705", "id_str": "923725041036136448", "truncated": false, "contributors": null, "coordinates": null, "retweet_count": 0, "lang": "en", "source": "<a href=\"http://twitter.com/download/android\" rel=\"nofollow\">Twitter for Android</a>", "geo": null}, "profile_background_tile": false, "has_extended_profile": false, "id": 23783299, "id_str": "23783299", "translator_type": "none", "profile_background_color": "C0DEED", "entities": {"description": {"urls": []}, "url": {"urls": [{"indices": [0, 22], "url": "http://t.co/MBuagCc1vd", "display_url": "twitter.com/wales4me", "expanded_url": "https://twitter.com/wales4me"}]}}, "profile_sidebar_border_color": "C0DEED", "geo_enabled": false, "profile_text_color": "333333", "profile_use_background_image": true, "profile_image_url": "http://pbs.twimg.com/profile_images/1479734318/IMG04_normal.JPG", "notifications": false, "profile_background_image_url_https": "https://abs.twimg.com/images/themes/theme1/bg.png", "following": false, "listed_count": 0, "followers_count": 1, "url": "http://t.co/MBuagCc1vd", "time_zone": "Pacific Time (US & Canada)", "profile_sidebar_fill_color": "DDEEF6", "contributors_enabled": false, "favourites_count": 20, "follow_request_sent": false, "statuses_count": 31, "is_translation_enabled": false, "verified": false, "description": "Enjoying retirement", "friends_count": 37, "lang": "en", "profile_background_image_url": "http://abs.twimg.com/images/themes/theme1/bg.png", "profile_image_url_https": "https://pbs.twimg.com/profile_images/1479734318/IMG04_normal.JPG", "default_profile": true, "protected": false, "default_profile_image": false}
2017-10-29T08:00:04.180107	{"entities": {"url": {"urls": [{"url": "http://t.co/MBuagCc1vd", "expanded_url": "https://twitter.com/wales4me", "display_url": "twitter.com/wales4me", "indices": [0, 22]}]}, "description": {"urls": []}}, "friends_count": 37, "translator_type": "none", "profile_background_image_url_https": "https://abs.twimg.com/images/themes/theme1/bg.png", "contributors_enabled": false, "location": "Concord, California", "following": false, "profile_background_color": "C0DEED", "profile_image_url_https": "https://pbs.twimg.com/profile_images/1479734318/IMG04_normal.JPG", "profile_use_background_image": true, "time_zone": "Pacific Time (US & Canada)", "profile_sidebar_border_color": "C0DEED", "verified": false, "is_translation_enabled": false, "utc_offset": -25200, "name": "Don", "profile_sidebar_fill_color": "DDEEF6", "default_profile_image": false, "followers_count": 1, "profile_image_url": "http://pbs.twimg.com/profile_images/1479734318/IMG04_normal.JPG", "protected": false, "has_extended_profile": false, "status": {"entities": {"user_mentions": [{"id": 905095603297943554, "id_str": "905095603297943554", "screen_name": "frostycamel", "indices": [0, 12], "name": "Andy"}, {"id": 3580248555, "id_str": "3580248555", "screen_name": "Team_Trump45", "indices": [13, 26], "name": "Trumpism\u2122"}, {"id": 25073877, "id_str": "25073877", "screen_name": "realDonaldTrump", "indices": [27, 43], "name": "Donald J. Trump"}], "hashtags": [], "symbols": [], "urls": []}, "source": "<a href=\"http://twitter.com/download/android\" rel=\"nofollow\">Twitter for Android</a>", "is_quote_status": false, "in_reply_to_user_id": 905095603297943554, "text": "@frostycamel @Team_Trump45 @realDonaldTrump Details.", "in_reply_to_status_id": 923181896858824705, "geo": null, "in_reply_to_status_id_str": "923181896858824705", "retweeted": false, "place": null, "coordinates": null, "in_reply_to_user_id_str": "905095603297943554", "in_reply_to_screen_name": "frostycamel", "retweet_count": 0, "id_str": "923725041036136448", "contributors": null, "favorite_count": 0, "id": 923725041036136448, "truncated": false, "favorited": false, "created_at": "Fri Oct 27 01:36:26 +0000 2017", "lang": "en"}, "profile_background_image_url": "http://abs.twimg.com/images/themes/theme1/bg.png", "favourites_count": 20, "default_profile": true, "geo_enabled": false, "notifications": false, "url": "http://t.co/MBuagCc1vd", "id_str": "23783299", "listed_count": 0, "is_translator": false, "profile_background_tile": false, "id": 23783299, "follow_request_sent": false, "profile_text_color": "333333", "created_at": "Wed Mar 11 16:07:12 +0000 2009", "statuses_count": 31, "screen_name": "wales4me", "description": "Enjoying retirement", "lang": "en", "profile_link_color": "1DA1F2"}
2017-10-29T09:00:04.810383	{"following": false, "entities": {"url": {"urls": [{"url": "http://t.co/MBuagCc1vd", "display_url": "twitter.com/wales4me", "expanded_url": "https://twitter.com/wales4me", "indices": [0, 22]}]}, "description": {"urls": []}}, "notifications": false, "lang": "en", "statuses_count": 31, "id_str": "23783299", "utc_offset": -25200, "follow_request_sent": false, "translator_type": "none", "name": "Don", "description": "Enjoying retirement", "profile_background_tile": false, "profile_background_color": "C0DEED", "default_profile": true, "profile_image_url_https": "https://pbs.twimg.com/profile_images/1479734318/IMG04_normal.JPG", "screen_name": "wales4me", "time_zone": "Pacific Time (US & Canada)", "profile_link_color": "1DA1F2", "status": {"entities": {"hashtags": [], "urls": [], "symbols": [], "user_mentions": [{"id_str": "905095603297943554", "screen_name": "frostycamel", "indices": [0, 12], "name": "Andy", "id": 905095603297943554}, {"id_str": "3580248555", "screen_name": "Team_Trump45", "indices": [13, 26], "name": "Trumpism\u2122", "id": 3580248555}, {"id_str": "25073877", "screen_name": "realDonaldTrump", "indices": [27, 43], "name": "Donald J. Trump", "id": 25073877}]}, "contributors": null, "id_str": "923725041036136448", "in_reply_to_screen_name": "frostycamel", "coordinates": null, "favorited": false, "lang": "en", "place": null, "in_reply_to_user_id": 905095603297943554, "source": "<a href=\"http://twitter.com/download/android\" rel=\"nofollow\">Twitter for Android</a>", "geo": null, "in_reply_to_user_id_str": "905095603297943554", "in_reply_to_status_id_str": "923181896858824705", "truncated": false, "retweet_count": 0, "in_reply_to_status_id": 923181896858824705, "id": 923725041036136448, "is_quote_status": false, "retweeted": false, "created_at": "Fri Oct 27 01:36:26 +0000 2017", "text": "@frostycamel @Team_Trump45 @realDonaldTrump Details.", "favorite_count": 0}, "profile_sidebar_border_color": "C0DEED", "profile_background_image_url_https": "https://abs.twimg.com/images/themes/theme1/bg.png", "protected": false, "verified": false, "default_profile_image": false, "profile_image_url": "http://pbs.twimg.com/profile_images/1479734318/IMG04_normal.JPG", "is_translation_enabled": false, "id": 23783299, "followers_count": 1, "location": "Concord, California", "is_translator": false, "profile_sidebar_fill_color": "DDEEF6", "has_extended_profile": false, "created_at": "Wed Mar 11 16:07:12 +0000 2009", "url": "http://t.co/MBuagCc1vd", "profile_use_background_image": true, "listed_count": 0, "geo_enabled": false, "profile_text_color": "333333", "favourites_count": 20, "friends_count": 37, "contributors_enabled": false, "profile_background_image_url": "http://abs.twimg.com/images/themes/theme1/bg.png"}
2017-10-29T10:00:03.750166	{"time_zone": "Pacific Time (US & Canada)", "utc_offset": -25200, "url": "http://t.co/MBuagCc1vd", "default_profile_image": false, "profile_link_color": "1DA1F2", "screen_name": "wales4me", "profile_background_color": "C0DEED", "geo_enabled": false, "id": 23783299, "protected": false, "id_str": "23783299", "profile_background_tile": false, "translator_type": "none", "friends_count": 37, "location": "Concord, California", "has_extended_profile": false, "following": false, "is_translation_enabled": false, "profile_sidebar_fill_color": "DDEEF6", "favourites_count": 20, "default_profile": true, "name": "Don", "profile_background_image_url": "http://abs.twimg.com/images/themes/theme1/bg.png", "listed_count": 0, "profile_image_url": "http://pbs.twimg.com/profile_images/1479734318/IMG04_normal.JPG", "profile_sidebar_border_color": "C0DEED", "lang": "en", "description": "Enjoying retirement", "is_translator": false, "contributors_enabled": false, "profile_background_image_url_https": "https://abs.twimg.com/images/themes/theme1/bg.png", "status": {"id_str": "923725041036136448", "source": "<a href=\"http://twitter.com/download/android\" rel=\"nofollow\">Twitter for Android</a>", "id": 923725041036136448, "place": null, "retweeted": false, "contributors": null, "in_reply_to_screen_name": "frostycamel", "in_reply_to_user_id": 905095603297943554, "lang": "en", "text": "@frostycamel @Team_Trump45 @realDonaldTrump Details.", "in_reply_to_user_id_str": "905095603297943554", "in_reply_to_status_id": 923181896858824705, "coordinates": null, "truncated": false, "created_at": "Fri Oct 27 01:36:26 +0000 2017", "entities": {"symbols": [], "hashtags": [], "urls": [], "user_mentions": [{"id_str": "905095603297943554", "id": 905095603297943554, "name": "Andy", "screen_name": "frostycamel", "indices": [0, 12]}, {"id_str": "3580248555", "id": 3580248555, "name": "Trumpism\u2122", "screen_name": "Team_Trump45", "indices": [13, 26]}, {"id_str": "25073877", "id": 25073877, "name": "Donald J. Trump", "screen_name": "realDonaldTrump", "indices": [27, 43]}]}, "geo": null, "favorited": false, "in_reply_to_status_id_str": "923181896858824705", "favorite_count": 0, "retweet_count": 0, "is_quote_status": false}, "followers_count": 1, "notifications": false, "created_at": "Wed Mar 11 16:07:12 +0000 2009", "entities": {"url": {"urls": [{"display_url": "twitter.com/wales4me", "url": "http://t.co/MBuagCc1vd", "expanded_url": "https://twitter.com/wales4me", "indices": [0, 22]}]}, "description": {"urls": []}}, "profile_use_background_image": true, "profile_image_url_https": "https://pbs.twimg.com/profile_images/1479734318/IMG04_normal.JPG", "statuses_count": 31, "verified": false, "profile_text_color": "333333", "follow_request_sent": false}
2017-10-29T11:00:04.602136	{"profile_background_image_url": "http://abs.twimg.com/images/themes/theme1/bg.png", "created_at": "Wed Mar 11 16:07:12 +0000 2009", "is_translator": false, "description": "Enjoying retirement", "protected": false, "url": "http://t.co/MBuagCc1vd", "profile_use_background_image": true, "profile_image_url": "http://pbs.twimg.com/profile_images/1479734318/IMG04_normal.JPG", "profile_background_color": "C0DEED", "friends_count": 37, "time_zone": "Pacific Time (US & Canada)", "is_translation_enabled": false, "default_profile": true, "profile_background_image_url_https": "https://abs.twimg.com/images/themes/theme1/bg.png", "id": 23783299, "profile_text_color": "333333", "profile_image_url_https": "https://pbs.twimg.com/profile_images/1479734318/IMG04_normal.JPG", "profile_link_color": "1DA1F2", "lang": "en", "notifications": false, "following": false, "followers_count": 1, "status": {"created_at": "Fri Oct 27 01:36:26 +0000 2017", "in_reply_to_status_id_str": "923181896858824705", "text": "@frostycamel @Team_Trump45 @realDonaldTrump Details.", "source": "<a href=\"http://twitter.com/download/android\" rel=\"nofollow\">Twitter for Android</a>", "in_reply_to_status_id": 923181896858824705, "truncated": false, "place": null, "in_reply_to_user_id_str": "905095603297943554", "favorited": false, "lang": "en", "in_reply_to_screen_name": "frostycamel", "retweet_count": 0, "coordinates": null, "id_str": "923725041036136448", "entities": {"symbols": [], "urls": [], "user_mentions": [{"id": 905095603297943554, "id_str": "905095603297943554", "indices": [0, 12], "screen_name": "frostycamel", "name": "Andy"}, {"id": 3580248555, "id_str": "3580248555", "indices": [13, 26], "screen_name": "Team_Trump45", "name": "Trumpism\u2122"}, {"id": 25073877, "id_str": "25073877", "indices": [27, 43], "screen_name": "realDonaldTrump", "name": "Donald J. Trump"}], "hashtags": []}, "is_quote_status": false, "favorite_count": 0, "id": 923725041036136448, "in_reply_to_user_id": 905095603297943554, "geo": null, "contributors": null, "retweeted": false}, "default_profile_image": false, "verified": false, "profile_sidebar_fill_color": "DDEEF6", "id_str": "23783299", "entities": {"description": {"urls": []}, "url": {"urls": [{"indices": [0, 22], "display_url": "twitter.com/wales4me", "expanded_url": "https://twitter.com/wales4me", "url": "http://t.co/MBuagCc1vd"}]}}, "location": "Concord, California", "name": "Don", "contributors_enabled": false, "geo_enabled": false, "statuses_count": 31, "profile_sidebar_border_color": "C0DEED", "screen_name": "wales4me", "follow_request_sent": false, "listed_count": 0, "has_extended_profile": false, "utc_offset": -25200, "translator_type": "none", "profile_background_tile": false, "favourites_count": 20}
2017-10-29T12:00:04.277779	{"has_extended_profile": false, "followers_count": 1, "verified": false, "profile_image_url_https": "https://pbs.twimg.com/profile_images/1479734318/IMG04_normal.JPG", "friends_count": 37, "utc_offset": -25200, "location": "Concord, California", "contributors_enabled": false, "profile_text_color": "333333", "favourites_count": 20, "entities": {"description": {"urls": []}, "url": {"urls": [{"display_url": "twitter.com/wales4me", "indices": [0, 22], "expanded_url": "https://twitter.com/wales4me", "url": "http://t.co/MBuagCc1vd"}]}}, "statuses_count": 31, "following": false, "status": {"in_reply_to_user_id": 905095603297943554, "truncated": false, "text": "@frostycamel @Team_Trump45 @realDonaldTrump Details.", "in_reply_to_status_id": 923181896858824705, "in_reply_to_status_id_str": "923181896858824705", "contributors": null, "retweeted": false, "in_reply_to_user_id_str": "905095603297943554", "entities": {"hashtags": [], "symbols": [], "user_mentions": [{"screen_name": "frostycamel", "indices": [0, 12], "id": 905095603297943554, "name": "Andy", "id_str": "905095603297943554"}, {"screen_name": "Team_Trump45", "indices": [13, 26], "id": 3580248555, "name": "Trumpism\u2122", "id_str": "3580248555"}, {"screen_name": "realDonaldTrump", "indices": [27, 43], "id": 25073877, "name": "Donald J. Trump", "id_str": "25073877"}], "urls": []}, "place": null, "retweet_count": 0, "favorite_count": 0, "lang": "en", "id_str": "923725041036136448", "coordinates": null, "created_at": "Fri Oct 27 01:36:26 +0000 2017", "geo": null, "source": "<a href=\"http://twitter.com/download/android\" rel=\"nofollow\">Twitter for Android</a>", "in_reply_to_screen_name": "frostycamel", "is_quote_status": false, "favorited": false, "id": 923725041036136448}, "default_profile": true, "profile_background_color": "C0DEED", "profile_use_background_image": true, "notifications": false, "profile_link_color": "1DA1F2", "translator_type": "none", "lang": "en", "id_str": "23783299", "url": "http://t.co/MBuagCc1vd", "screen_name": "wales4me", "created_at": "Wed Mar 11 16:07:12 +0000 2009", "profile_sidebar_fill_color": "DDEEF6", "is_translator": false, "profile_sidebar_border_color": "C0DEED", "profile_image_url": "http://pbs.twimg.com/profile_images/1479734318/IMG04_normal.JPG", "geo_enabled": false, "profile_background_image_url": "http://abs.twimg.com/images/themes/theme1/bg.png", "profile_background_tile": false, "name": "Don", "profile_background_image_url_https": "https://abs.twimg.com/images/themes/theme1/bg.png", "default_profile_image": false, "follow_request_sent": false, "listed_count": 0, "protected": false, "is_translation_enabled": false, "id": 23783299, "description": "Enjoying retirement", "time_zone": "Pacific Time (US & Canada)"}
2017-10-29T13:00:04.101857	{"translator_type": "none", "profile_background_tile": false, "favourites_count": 20, "description": "Enjoying retirement", "default_profile": true, "url": "http://t.co/MBuagCc1vd", "has_extended_profile": false, "friends_count": 37, "profile_use_background_image": true, "profile_image_url": "http://pbs.twimg.com/profile_images/1479734318/IMG04_normal.JPG", "profile_link_color": "1DA1F2", "listed_count": 0, "statuses_count": 31, "profile_background_color": "C0DEED", "contributors_enabled": false, "verified": false, "profile_background_image_url_https": "https://abs.twimg.com/images/themes/theme1/bg.png", "is_translation_enabled": false, "profile_text_color": "333333", "protected": false, "profile_sidebar_fill_color": "DDEEF6", "utc_offset": -25200, "status": {"geo": null, "retweeted": false, "source": "<a href=\"http://twitter.com/download/android\" rel=\"nofollow\">Twitter for Android</a>", "coordinates": null, "favorited": false, "contributors": null, "truncated": false, "text": "@frostycamel @Team_Trump45 @realDonaldTrump Details.", "in_reply_to_screen_name": "frostycamel", "in_reply_to_status_id": 923181896858824705, "id": 923725041036136448, "in_reply_to_user_id": 905095603297943554, "retweet_count": 0, "entities": {"hashtags": [], "symbols": [], "user_mentions": [{"id_str": "905095603297943554", "indices": [0, 12], "name": "Andy", "id": 905095603297943554, "screen_name": "frostycamel"}, {"id_str": "3580248555", "indices": [13, 26], "name": "Trumpism\u2122", "id": 3580248555, "screen_name": "Team_Trump45"}, {"id_str": "25073877", "indices": [27, 43], "name": "Donald J. Trump", "id": 25073877, "screen_name": "realDonaldTrump"}], "urls": []}, "in_reply_to_status_id_str": "923181896858824705", "place": null, "created_at": "Fri Oct 27 01:36:26 +0000 2017", "is_quote_status": false, "lang": "en", "in_reply_to_user_id_str": "905095603297943554", "favorite_count": 0, "id_str": "923725041036136448"}, "id": 23783299, "is_translator": false, "profile_sidebar_border_color": "C0DEED", "geo_enabled": false, "entities": {"description": {"urls": []}, "url": {"urls": [{"indices": [0, 22], "display_url": "twitter.com/wales4me", "url": "http://t.co/MBuagCc1vd", "expanded_url": "https://twitter.com/wales4me"}]}}, "profile_background_image_url": "http://abs.twimg.com/images/themes/theme1/bg.png", "notifications": false, "followers_count": 1, "created_at": "Wed Mar 11 16:07:12 +0000 2009", "following": false, "default_profile_image": false, "name": "Don", "screen_name": "wales4me", "profile_image_url_https": "https://pbs.twimg.com/profile_images/1479734318/IMG04_normal.JPG", "time_zone": "Pacific Time (US & Canada)", "lang": "en", "follow_request_sent": false, "id_str": "23783299", "location": "Concord, California"}
2017-10-29T14:00:03.944151	{"contributors_enabled": false, "translator_type": "none", "profile_background_image_url": "http://abs.twimg.com/images/themes/theme1/bg.png", "geo_enabled": false, "following": false, "utc_offset": -25200, "default_profile": true, "has_extended_profile": false, "favourites_count": 20, "protected": false, "profile_sidebar_border_color": "C0DEED", "lang": "en", "description": "Enjoying retirement", "profile_use_background_image": true, "friends_count": 37, "screen_name": "wales4me", "created_at": "Wed Mar 11 16:07:12 +0000 2009", "profile_background_color": "C0DEED", "profile_link_color": "1DA1F2", "url": "http://t.co/MBuagCc1vd", "default_profile_image": false, "profile_background_tile": false, "time_zone": "Pacific Time (US & Canada)", "is_translator": false, "notifications": false, "profile_image_url": "http://pbs.twimg.com/profile_images/1479734318/IMG04_normal.JPG", "profile_sidebar_fill_color": "DDEEF6", "verified": false, "profile_text_color": "333333", "location": "Concord, California", "id_str": "23783299", "followers_count": 1, "profile_background_image_url_https": "https://abs.twimg.com/images/themes/theme1/bg.png", "is_translation_enabled": false, "id": 23783299, "listed_count": 0, "name": "Don", "profile_image_url_https": "https://pbs.twimg.com/profile_images/1479734318/IMG04_normal.JPG", "status": {"in_reply_to_status_id_str": "923181896858824705", "source": "<a href=\"http://twitter.com/download/android\" rel=\"nofollow\">Twitter for Android</a>", "lang": "en", "in_reply_to_user_id_str": "905095603297943554", "geo": null, "is_quote_status": false, "favorited": false, "created_at": "Fri Oct 27 01:36:26 +0000 2017", "place": null, "text": "@frostycamel @Team_Trump45 @realDonaldTrump Details.", "truncated": false, "favorite_count": 0, "in_reply_to_screen_name": "frostycamel", "contributors": null, "in_reply_to_status_id": 923181896858824705, "in_reply_to_user_id": 905095603297943554, "retweet_count": 0, "retweeted": false, "id": 923725041036136448, "id_str": "923725041036136448", "coordinates": null, "entities": {"symbols": [], "user_mentions": [{"id": 905095603297943554, "name": "Andy", "id_str": "905095603297943554", "indices": [0, 12], "screen_name": "frostycamel"}, {"id": 3580248555, "name": "Trumpism\u2122", "id_str": "3580248555", "indices": [13, 26], "screen_name": "Team_Trump45"}, {"id": 25073877, "name": "Donald J. Trump", "id_str": "25073877", "indices": [27, 43], "screen_name": "realDonaldTrump"}], "urls": [], "hashtags": []}}, "follow_request_sent": false, "statuses_count": 31, "entities": {"description": {"urls": []}, "url": {"urls": [{"display_url": "twitter.com/wales4me", "indices": [0, 22], "expanded_url": "https://twitter.com/wales4me", "url": "http://t.co/MBuagCc1vd"}]}}}
2017-10-29T15:00:03.965390	{"translator_type": "none", "contributors_enabled": false, "followers_count": 1, "profile_background_image_url_https": "https://abs.twimg.com/images/themes/theme1/bg.png", "utc_offset": -25200, "favourites_count": 20, "lang": "en", "profile_text_color": "333333", "entities": {"description": {"urls": []}, "url": {"urls": [{"indices": [0, 22], "expanded_url": "https://twitter.com/wales4me", "display_url": "twitter.com/wales4me", "url": "http://t.co/MBuagCc1vd"}]}}, "notifications": false, "time_zone": "Pacific Time (US & Canada)", "is_translation_enabled": false, "status": {"favorited": false, "geo": null, "retweeted": false, "in_reply_to_status_id": 923181896858824705, "created_at": "Fri Oct 27 01:36:26 +0000 2017", "is_quote_status": false, "entities": {"hashtags": [], "user_mentions": [{"id_str": "905095603297943554", "name": "Andy", "screen_name": "frostycamel", "id": 905095603297943554, "indices": [0, 12]}, {"id_str": "3580248555", "name": "Trumpism\u2122", "screen_name": "Team_Trump45", "id": 3580248555, "indices": [13, 26]}, {"id_str": "25073877", "name": "Donald J. Trump", "screen_name": "realDonaldTrump", "id": 25073877, "indices": [27, 43]}], "symbols": [], "urls": []}, "text": "@frostycamel @Team_Trump45 @realDonaldTrump Details.", "retweet_count": 0, "lang": "en", "contributors": null, "favorite_count": 0, "in_reply_to_screen_name": "frostycamel", "in_reply_to_user_id": 905095603297943554, "in_reply_to_user_id_str": "905095603297943554", "id": 923725041036136448, "id_str": "923725041036136448", "truncated": false, "place": null, "in_reply_to_status_id_str": "923181896858824705", "source": "<a href=\"http://twitter.com/download/android\" rel=\"nofollow\">Twitter for Android</a>", "coordinates": null}, "is_translator": false, "name": "Don", "statuses_count": 31, "description": "Enjoying retirement", "profile_link_color": "1DA1F2", "url": "http://t.co/MBuagCc1vd", "protected": false, "id": 23783299, "id_str": "23783299", "location": "Concord, California", "listed_count": 0, "has_extended_profile": false, "profile_image_url": "http://pbs.twimg.com/profile_images/1479734318/IMG04_normal.JPG", "screen_name": "wales4me", "profile_background_tile": false, "verified": false, "default_profile_image": false, "created_at": "Wed Mar 11 16:07:12 +0000 2009", "profile_background_color": "C0DEED", "following": false, "geo_enabled": false, "profile_sidebar_border_color": "C0DEED", "profile_image_url_https": "https://pbs.twimg.com/profile_images/1479734318/IMG04_normal.JPG", "profile_use_background_image": true, "default_profile": true, "follow_request_sent": false, "profile_background_image_url": "http://abs.twimg.com/images/themes/theme1/bg.png", "friends_count": 37, "profile_sidebar_fill_color": "DDEEF6"}
2017-10-29T16:00:04.008119	{"followers_count": 1, "protected": false, "verified": false, "statuses_count": 31, "is_translator": false, "description": "Enjoying retirement", "profile_background_tile": false, "is_translation_enabled": false, "profile_link_color": "1DA1F2", "url": "http://t.co/MBuagCc1vd", "contributors_enabled": false, "follow_request_sent": false, "default_profile": true, "id_str": "23783299", "screen_name": "wales4me", "notifications": false, "time_zone": "Pacific Time (US & Canada)", "profile_background_image_url_https": "https://abs.twimg.com/images/themes/theme1/bg.png", "following": false, "profile_image_url_https": "https://pbs.twimg.com/profile_images/1479734318/IMG04_normal.JPG", "name": "Don", "created_at": "Wed Mar 11 16:07:12 +0000 2009", "geo_enabled": false, "profile_image_url": "http://pbs.twimg.com/profile_images/1479734318/IMG04_normal.JPG", "friends_count": 37, "favourites_count": 20, "has_extended_profile": false, "profile_background_color": "C0DEED", "utc_offset": -25200, "id": 23783299, "default_profile_image": false, "translator_type": "none", "listed_count": 0, "location": "Concord, California", "profile_background_image_url": "http://abs.twimg.com/images/themes/theme1/bg.png", "profile_sidebar_fill_color": "DDEEF6", "status": {"in_reply_to_status_id": 923181896858824705, "in_reply_to_status_id_str": "923181896858824705", "favorited": false, "geo": null, "in_reply_to_screen_name": "frostycamel", "place": null, "in_reply_to_user_id_str": "905095603297943554", "id_str": "923725041036136448", "favorite_count": 0, "retweeted": false, "created_at": "Fri Oct 27 01:36:26 +0000 2017", "lang": "en", "id": 923725041036136448, "in_reply_to_user_id": 905095603297943554, "coordinates": null, "source": "<a href=\"http://twitter.com/download/android\" rel=\"nofollow\">Twitter for Android</a>", "contributors": null, "entities": {"hashtags": [], "user_mentions": [{"id_str": "905095603297943554", "screen_name": "frostycamel", "indices": [0, 12], "id": 905095603297943554, "name": "Andy"}, {"id_str": "3580248555", "screen_name": "Team_Trump45", "indices": [13, 26], "id": 3580248555, "name": "Trumpism\u2122"}, {"id_str": "25073877", "screen_name": "realDonaldTrump", "indices": [27, 43], "id": 25073877, "name": "Donald J. Trump"}], "urls": [], "symbols": []}, "is_quote_status": false, "retweet_count": 0, "truncated": false, "text": "@frostycamel @Team_Trump45 @realDonaldTrump Details."}, "entities": {"description": {"urls": []}, "url": {"urls": [{"display_url": "twitter.com/wales4me", "url": "http://t.co/MBuagCc1vd", "expanded_url": "https://twitter.com/wales4me", "indices": [0, 22]}]}}, "profile_use_background_image": true, "profile_text_color": "333333", "lang": "en", "profile_sidebar_border_color": "C0DEED"}
2017-10-29T17:00:04.875012	{"status": {"in_reply_to_screen_name": "frostycamel", "coordinates": null, "contributors": null, "geo": null, "id": 923725041036136448, "favorited": false, "created_at": "Fri Oct 27 01:36:26 +0000 2017", "in_reply_to_user_id_str": "905095603297943554", "retweeted": false, "lang": "en", "in_reply_to_user_id": 905095603297943554, "truncated": false, "entities": {"hashtags": [], "urls": [], "user_mentions": [{"id_str": "905095603297943554", "name": "Andy", "indices": [0, 12], "id": 905095603297943554, "screen_name": "frostycamel"}, {"id_str": "3580248555", "name": "Trumpism\u2122", "indices": [13, 26], "id": 3580248555, "screen_name": "Team_Trump45"}, {"id_str": "25073877", "name": "Donald J. Trump", "indices": [27, 43], "id": 25073877, "screen_name": "realDonaldTrump"}], "symbols": []}, "favorite_count": 0, "source": "<a href=\"http://twitter.com/download/android\" rel=\"nofollow\">Twitter for Android</a>", "id_str": "923725041036136448", "retweet_count": 0, "text": "@frostycamel @Team_Trump45 @realDonaldTrump Details.", "is_quote_status": false, "in_reply_to_status_id": 923181896858824705, "place": null, "in_reply_to_status_id_str": "923181896858824705"}, "statuses_count": 31, "profile_sidebar_border_color": "C0DEED", "contributors_enabled": false, "url": "http://t.co/MBuagCc1vd", "friends_count": 37, "profile_text_color": "333333", "is_translation_enabled": false, "protected": false, "has_extended_profile": false, "profile_background_tile": false, "profile_background_image_url": "http://abs.twimg.com/images/themes/theme1/bg.png", "favourites_count": 20, "geo_enabled": false, "followers_count": 1, "profile_use_background_image": true, "name": "Don", "created_at": "Wed Mar 11 16:07:12 +0000 2009", "description": "Enjoying retirement", "profile_background_image_url_https": "https://abs.twimg.com/images/themes/theme1/bg.png", "lang": "en", "utc_offset": -25200, "id": 23783299, "profile_sidebar_fill_color": "DDEEF6", "profile_image_url_https": "https://pbs.twimg.com/profile_images/1479734318/IMG04_normal.JPG", "entities": {"url": {"urls": [{"indices": [0, 22], "url": "http://t.co/MBuagCc1vd", "display_url": "twitter.com/wales4me", "expanded_url": "https://twitter.com/wales4me"}]}, "description": {"urls": []}}, "translator_type": "none", "profile_background_color": "C0DEED", "listed_count": 0, "is_translator": false, "notifications": false, "id_str": "23783299", "verified": false, "default_profile": true, "follow_request_sent": false, "profile_image_url": "http://pbs.twimg.com/profile_images/1479734318/IMG04_normal.JPG", "time_zone": "Pacific Time (US & Canada)", "profile_link_color": "1DA1F2", "screen_name": "wales4me", "following": false, "default_profile_image": false, "location": "Concord, California"}
2017-10-29T18:00:03.866203	{"profile_image_url": "http://pbs.twimg.com/profile_images/1479734318/IMG04_normal.JPG", "default_profile": true, "notifications": false, "utc_offset": -25200, "status": {"place": null, "in_reply_to_status_id": 923181896858824705, "geo": null, "created_at": "Fri Oct 27 01:36:26 +0000 2017", "favorited": false, "in_reply_to_status_id_str": "923181896858824705", "lang": "en", "in_reply_to_screen_name": "frostycamel", "in_reply_to_user_id": 905095603297943554, "truncated": false, "contributors": null, "source": "<a href=\"http://twitter.com/download/android\" rel=\"nofollow\">Twitter for Android</a>", "retweet_count": 0, "id": 923725041036136448, "is_quote_status": false, "retweeted": false, "favorite_count": 0, "entities": {"user_mentions": [{"name": "Andy", "id": 905095603297943554, "indices": [0, 12], "screen_name": "frostycamel", "id_str": "905095603297943554"}, {"name": "Trumpism\u2122", "id": 3580248555, "indices": [13, 26], "screen_name": "Team_Trump45", "id_str": "3580248555"}, {"name": "Donald J. Trump", "id": 25073877, "indices": [27, 43], "screen_name": "realDonaldTrump", "id_str": "25073877"}], "urls": [], "hashtags": [], "symbols": []}, "in_reply_to_user_id_str": "905095603297943554", "id_str": "923725041036136448", "text": "@frostycamel @Team_Trump45 @realDonaldTrump Details.", "coordinates": null}, "created_at": "Wed Mar 11 16:07:12 +0000 2009", "profile_sidebar_fill_color": "DDEEF6", "lang": "en", "profile_link_color": "1DA1F2", "friends_count": 37, "default_profile_image": false, "followers_count": 1, "translator_type": "none", "verified": false, "profile_use_background_image": true, "location": "Concord, California", "statuses_count": 31, "id": 23783299, "following": false, "id_str": "23783299", "url": "http://t.co/MBuagCc1vd", "listed_count": 0, "profile_background_image_url_https": "https://abs.twimg.com/images/themes/theme1/bg.png", "geo_enabled": false, "entities": {"url": {"urls": [{"url": "http://t.co/MBuagCc1vd", "display_url": "twitter.com/wales4me", "indices": [0, 22], "expanded_url": "https://twitter.com/wales4me"}]}, "description": {"urls": []}}, "time_zone": "Pacific Time (US & Canada)", "profile_background_color": "C0DEED", "screen_name": "wales4me", "description": "Enjoying retirement", "follow_request_sent": false, "profile_sidebar_border_color": "C0DEED", "contributors_enabled": false, "protected": false, "favourites_count": 20, "profile_background_image_url": "http://abs.twimg.com/images/themes/theme1/bg.png", "is_translator": false, "is_translation_enabled": false, "has_extended_profile": false, "name": "Don", "profile_background_tile": false, "profile_image_url_https": "https://pbs.twimg.com/profile_images/1479734318/IMG04_normal.JPG", "profile_text_color": "333333"}
2017-10-29T19:00:04.401292	{"utc_offset": -25200, "is_translation_enabled": false, "default_profile_image": false, "friends_count": 37, "favourites_count": 20, "profile_use_background_image": true, "profile_background_tile": false, "profile_image_url_https": "https://pbs.twimg.com/profile_images/1479734318/IMG04_normal.JPG", "lang": "en", "geo_enabled": false, "profile_link_color": "1DA1F2", "verified": false, "profile_background_image_url_https": "https://abs.twimg.com/images/themes/theme1/bg.png", "listed_count": 0, "follow_request_sent": false, "name": "Don", "entities": {"url": {"urls": [{"display_url": "twitter.com/wales4me", "url": "http://t.co/MBuagCc1vd", "expanded_url": "https://twitter.com/wales4me", "indices": [0, 22]}]}, "description": {"urls": []}}, "is_translator": false, "followers_count": 1, "profile_background_color": "C0DEED", "created_at": "Wed Mar 11 16:07:12 +0000 2009", "statuses_count": 31, "default_profile": true, "profile_sidebar_border_color": "C0DEED", "id_str": "23783299", "protected": false, "has_extended_profile": false, "status": {"geo": null, "in_reply_to_user_id": 905095603297943554, "favorite_count": 0, "lang": "en", "source": "<a href=\"http://twitter.com/download/android\" rel=\"nofollow\">Twitter for Android</a>", "coordinates": null, "in_reply_to_user_id_str": "905095603297943554", "entities": {"hashtags": [], "user_mentions": [{"id_str": "905095603297943554", "name": "Andy", "screen_name": "frostycamel", "indices": [0, 12], "id": 905095603297943554}, {"id_str": "3580248555", "name": "Trumpism\u2122", "screen_name": "Team_Trump45", "indices": [13, 26], "id": 3580248555}, {"id_str": "25073877", "name": "Donald J. Trump", "screen_name": "realDonaldTrump", "indices": [27, 43], "id": 25073877}], "urls": [], "symbols": []}, "retweeted": false, "in_reply_to_status_id": 923181896858824705, "created_at": "Fri Oct 27 01:36:26 +0000 2017", "in_reply_to_screen_name": "frostycamel", "text": "@frostycamel @Team_Trump45 @realDonaldTrump Details.", "truncated": false, "is_quote_status": false, "id": 923725041036136448, "in_reply_to_status_id_str": "923181896858824705", "place": null, "id_str": "923725041036136448", "retweet_count": 0, "contributors": null, "favorited": false}, "id": 23783299, "contributors_enabled": false, "notifications": false, "time_zone": "Pacific Time (US & Canada)", "url": "http://t.co/MBuagCc1vd", "profile_background_image_url": "http://abs.twimg.com/images/themes/theme1/bg.png", "profile_image_url": "http://pbs.twimg.com/profile_images/1479734318/IMG04_normal.JPG", "screen_name": "wales4me", "description": "Enjoying retirement", "location": "Concord, California", "profile_sidebar_fill_color": "DDEEF6", "profile_text_color": "333333", "following": false, "translator_type": "none"}
2017-10-29T20:00:04.514105	{"profile_image_url_https": "https://pbs.twimg.com/profile_images/1479734318/IMG04_normal.JPG", "profile_use_background_image": true, "followers_count": 1, "profile_background_image_url": "http://abs.twimg.com/images/themes/theme1/bg.png", "is_translator": false, "profile_link_color": "1DA1F2", "screen_name": "wales4me", "friends_count": 37, "entities": {"url": {"urls": [{"url": "http://t.co/MBuagCc1vd", "display_url": "twitter.com/wales4me", "indices": [0, 22], "expanded_url": "https://twitter.com/wales4me"}]}, "description": {"urls": []}}, "name": "Don", "profile_sidebar_border_color": "C0DEED", "profile_text_color": "333333", "translator_type": "none", "id": 23783299, "location": "Concord, California", "geo_enabled": false, "listed_count": 0, "profile_sidebar_fill_color": "DDEEF6", "has_extended_profile": false, "profile_image_url": "http://pbs.twimg.com/profile_images/1479734318/IMG04_normal.JPG", "profile_background_tile": false, "contributors_enabled": false, "id_str": "23783299", "following": false, "status": {"in_reply_to_status_id": 923181896858824705, "coordinates": null, "text": "@frostycamel @Team_Trump45 @realDonaldTrump Details.", "in_reply_to_user_id": 905095603297943554, "place": null, "entities": {"hashtags": [], "user_mentions": [{"screen_name": "frostycamel", "id_str": "905095603297943554", "id": 905095603297943554, "name": "Andy", "indices": [0, 12]}, {"screen_name": "Team_Trump45", "id_str": "3580248555", "id": 3580248555, "name": "Trumpism\u2122", "indices": [13, 26]}, {"screen_name": "realDonaldTrump", "id_str": "25073877", "id": 25073877, "name": "Donald J. Trump", "indices": [27, 43]}], "symbols": [], "urls": []}, "source": "<a href=\"http://twitter.com/download/android\" rel=\"nofollow\">Twitter for Android</a>", "is_quote_status": false, "geo": null, "in_reply_to_user_id_str": "905095603297943554", "retweeted": false, "id_str": "923725041036136448", "truncated": false, "contributors": null, "in_reply_to_screen_name": "frostycamel", "id": 923725041036136448, "favorite_count": 0, "created_at": "Fri Oct 27 01:36:26 +0000 2017", "lang": "en", "favorited": false, "retweet_count": 0, "in_reply_to_status_id_str": "923181896858824705"}, "default_profile_image": false, "url": "http://t.co/MBuagCc1vd", "utc_offset": -25200, "profile_background_image_url_https": "https://abs.twimg.com/images/themes/theme1/bg.png", "description": "Enjoying retirement", "verified": false, "profile_background_color": "C0DEED", "follow_request_sent": false, "notifications": false, "favourites_count": 20, "is_translation_enabled": false, "time_zone": "Pacific Time (US & Canada)", "created_at": "Wed Mar 11 16:07:12 +0000 2009", "default_profile": true, "statuses_count": 31, "lang": "en", "protected": false}
2017-10-29T21:00:04.814287	{"is_translator": false, "description": "Enjoying retirement", "profile_image_url": "http://pbs.twimg.com/profile_images/1479734318/IMG04_normal.JPG", "profile_background_tile": false, "contributors_enabled": false, "profile_sidebar_fill_color": "DDEEF6", "id_str": "23783299", "created_at": "Wed Mar 11 16:07:12 +0000 2009", "profile_background_image_url": "http://abs.twimg.com/images/themes/theme1/bg.png", "utc_offset": -25200, "profile_link_color": "1DA1F2", "status": {"source": "<a href=\"http://twitter.com/download/android\" rel=\"nofollow\">Twitter for Android</a>", "truncated": false, "id_str": "923725041036136448", "in_reply_to_status_id_str": "923181896858824705", "in_reply_to_screen_name": "frostycamel", "is_quote_status": false, "created_at": "Fri Oct 27 01:36:26 +0000 2017", "coordinates": null, "retweet_count": 0, "favorited": false, "favorite_count": 0, "in_reply_to_user_id_str": "905095603297943554", "in_reply_to_status_id": 923181896858824705, "text": "@frostycamel @Team_Trump45 @realDonaldTrump Details.", "lang": "en", "id": 923725041036136448, "place": null, "contributors": null, "in_reply_to_user_id": 905095603297943554, "geo": null, "entities": {"hashtags": [], "symbols": [], "urls": [], "user_mentions": [{"screen_name": "frostycamel", "id": 905095603297943554, "id_str": "905095603297943554", "indices": [0, 12], "name": "Andy"}, {"screen_name": "Team_Trump45", "id": 3580248555, "id_str": "3580248555", "indices": [13, 26], "name": "Trumpism\u2122"}, {"screen_name": "realDonaldTrump", "id": 25073877, "id_str": "25073877", "indices": [27, 43], "name": "Donald J. Trump"}]}, "retweeted": false}, "profile_background_image_url_https": "https://abs.twimg.com/images/themes/theme1/bg.png", "profile_sidebar_border_color": "C0DEED", "protected": false, "friends_count": 37, "followers_count": 1, "notifications": false, "profile_use_background_image": true, "is_translation_enabled": false, "screen_name": "wales4me", "following": false, "lang": "en", "has_extended_profile": false, "name": "Don", "time_zone": "Pacific Time (US & Canada)", "translator_type": "none", "default_profile_image": false, "profile_image_url_https": "https://pbs.twimg.com/profile_images/1479734318/IMG04_normal.JPG", "geo_enabled": false, "verified": false, "follow_request_sent": false, "profile_text_color": "333333", "statuses_count": 31, "url": "http://t.co/MBuagCc1vd", "profile_background_color": "C0DEED", "listed_count": 0, "id": 23783299, "location": "Concord, California", "favourites_count": 20, "default_profile": true, "entities": {"description": {"urls": []}, "url": {"urls": [{"expanded_url": "https://twitter.com/wales4me", "display_url": "twitter.com/wales4me", "url": "http://t.co/MBuagCc1vd", "indices": [0, 22]}]}}}
2017-10-29T22:00:04.014587	{"default_profile_image": false, "status": {"favorite_count": 0, "id": 923725041036136448, "truncated": false, "place": null, "entities": {"hashtags": [], "symbols": [], "urls": [], "user_mentions": [{"id": 905095603297943554, "screen_name": "frostycamel", "id_str": "905095603297943554", "name": "Andy", "indices": [0, 12]}, {"id": 3580248555, "screen_name": "Team_Trump45", "id_str": "3580248555", "name": "Trumpism\u2122", "indices": [13, 26]}, {"id": 25073877, "screen_name": "realDonaldTrump", "id_str": "25073877", "name": "Donald J. Trump", "indices": [27, 43]}]}, "in_reply_to_status_id_str": "923181896858824705", "favorited": false, "in_reply_to_user_id": 905095603297943554, "is_quote_status": false, "in_reply_to_screen_name": "frostycamel", "id_str": "923725041036136448", "retweet_count": 0, "coordinates": null, "text": "@frostycamel @Team_Trump45 @realDonaldTrump Details.", "in_reply_to_user_id_str": "905095603297943554", "lang": "en", "in_reply_to_status_id": 923181896858824705, "source": "<a href=\"http://twitter.com/download/android\" rel=\"nofollow\">Twitter for Android</a>", "created_at": "Fri Oct 27 01:36:26 +0000 2017", "retweeted": false, "contributors": null, "geo": null}, "name": "Don", "favourites_count": 20, "listed_count": 0, "friends_count": 37, "screen_name": "wales4me", "entities": {"url": {"urls": [{"expanded_url": "https://twitter.com/wales4me", "display_url": "twitter.com/wales4me", "url": "http://t.co/MBuagCc1vd", "indices": [0, 22]}]}, "description": {"urls": []}}, "verified": false, "profile_sidebar_border_color": "C0DEED", "default_profile": true, "profile_background_image_url_https": "https://abs.twimg.com/images/themes/theme1/bg.png", "protected": false, "url": "http://t.co/MBuagCc1vd", "following": false, "statuses_count": 31, "profile_background_tile": false, "geo_enabled": false, "location": "Concord, California", "contributors_enabled": false, "description": "Enjoying retirement", "profile_image_url": "http://pbs.twimg.com/profile_images/1479734318/IMG04_normal.JPG", "profile_background_image_url": "http://abs.twimg.com/images/themes/theme1/bg.png", "profile_image_url_https": "https://pbs.twimg.com/profile_images/1479734318/IMG04_normal.JPG", "follow_request_sent": false, "profile_use_background_image": true, "profile_text_color": "333333", "id_str": "23783299", "has_extended_profile": false, "lang": "en", "translator_type": "none", "utc_offset": -25200, "id": 23783299, "notifications": false, "is_translator": false, "profile_sidebar_fill_color": "DDEEF6", "created_at": "Wed Mar 11 16:07:12 +0000 2009", "is_translation_enabled": false, "profile_link_color": "1DA1F2", "profile_background_color": "C0DEED", "followers_count": 1, "time_zone": "Pacific Time (US & Canada)"}
2017-10-29T23:00:03.980890	{"screen_name": "wales4me", "listed_count": 0, "location": "Concord, California", "is_translation_enabled": false, "name": "Don", "profile_text_color": "333333", "profile_image_url_https": "https://pbs.twimg.com/profile_images/1479734318/IMG04_normal.JPG", "protected": false, "profile_image_url": "http://pbs.twimg.com/profile_images/1479734318/IMG04_normal.JPG", "default_profile_image": false, "time_zone": "Pacific Time (US & Canada)", "profile_background_tile": false, "id": 23783299, "profile_sidebar_fill_color": "DDEEF6", "following": false, "is_translator": false, "translator_type": "none", "profile_background_image_url_https": "https://abs.twimg.com/images/themes/theme1/bg.png", "contributors_enabled": false, "entities": {"url": {"urls": [{"url": "http://t.co/MBuagCc1vd", "display_url": "twitter.com/wales4me", "expanded_url": "https://twitter.com/wales4me", "indices": [0, 22]}]}, "description": {"urls": []}}, "default_profile": true, "url": "http://t.co/MBuagCc1vd", "verified": false, "geo_enabled": false, "statuses_count": 31, "lang": "en", "friends_count": 37, "has_extended_profile": false, "utc_offset": -25200, "favourites_count": 20, "profile_sidebar_border_color": "C0DEED", "profile_background_image_url": "http://abs.twimg.com/images/themes/theme1/bg.png", "follow_request_sent": false, "followers_count": 1, "profile_use_background_image": true, "description": "Enjoying retirement", "profile_link_color": "1DA1F2", "profile_background_color": "C0DEED", "id_str": "23783299", "notifications": false, "status": {"retweet_count": 0, "coordinates": null, "favorite_count": 0, "place": null, "in_reply_to_screen_name": "frostycamel", "id": 923725041036136448, "geo": null, "entities": {"urls": [], "user_mentions": [{"id": 905095603297943554, "id_str": "905095603297943554", "screen_name": "frostycamel", "name": "Andy", "indices": [0, 12]}, {"id": 3580248555, "id_str": "3580248555", "screen_name": "Team_Trump45", "name": "Trumpism\u2122", "indices": [13, 26]}, {"id": 25073877, "id_str": "25073877", "screen_name": "realDonaldTrump", "name": "Donald J. Trump", "indices": [27, 43]}], "symbols": [], "hashtags": []}, "retweeted": false, "lang": "en", "truncated": false, "in_reply_to_user_id_str": "905095603297943554", "in_reply_to_user_id": 905095603297943554, "in_reply_to_status_id_str": "923181896858824705", "source": "<a href=\"http://twitter.com/download/android\" rel=\"nofollow\">Twitter for Android</a>", "in_reply_to_status_id": 923181896858824705, "id_str": "923725041036136448", "favorited": false, "created_at": "Fri Oct 27 01:36:26 +0000 2017", "is_quote_status": false, "text": "@frostycamel @Team_Trump45 @realDonaldTrump Details.", "contributors": null}, "created_at": "Wed Mar 11 16:07:12 +0000 2009"}
2017-10-30T00:00:04.327732	{"notifications": false, "profile_sidebar_border_color": "C0DEED", "protected": false, "profile_image_url_https": "https://pbs.twimg.com/profile_images/1479734318/IMG04_normal.JPG", "profile_image_url": "http://pbs.twimg.com/profile_images/1479734318/IMG04_normal.JPG", "listed_count": 0, "id_str": "23783299", "follow_request_sent": false, "profile_background_image_url": "http://abs.twimg.com/images/themes/theme1/bg.png", "profile_sidebar_fill_color": "DDEEF6", "id": 23783299, "created_at": "Wed Mar 11 16:07:12 +0000 2009", "profile_background_color": "C0DEED", "is_translator": false, "entities": {"url": {"urls": [{"url": "http://t.co/MBuagCc1vd", "expanded_url": "https://twitter.com/wales4me", "display_url": "twitter.com/wales4me", "indices": [0, 22]}]}, "description": {"urls": []}}, "following": false, "default_profile": true, "profile_link_color": "1DA1F2", "profile_background_image_url_https": "https://abs.twimg.com/images/themes/theme1/bg.png", "favourites_count": 20, "default_profile_image": false, "has_extended_profile": false, "verified": false, "profile_use_background_image": true, "url": "http://t.co/MBuagCc1vd", "profile_background_tile": false, "followers_count": 1, "friends_count": 37, "location": "Concord, California", "time_zone": "Pacific Time (US & Canada)", "description": "Enjoying retirement", "geo_enabled": false, "statuses_count": 31, "status": {"is_quote_status": false, "geo": null, "id_str": "923725041036136448", "retweeted": false, "created_at": "Fri Oct 27 01:36:26 +0000 2017", "contributors": null, "in_reply_to_screen_name": "frostycamel", "in_reply_to_user_id": 905095603297943554, "id": 923725041036136448, "favorite_count": 0, "entities": {"user_mentions": [{"indices": [0, 12], "id_str": "905095603297943554", "screen_name": "frostycamel", "name": "Andy", "id": 905095603297943554}, {"indices": [13, 26], "id_str": "3580248555", "screen_name": "Team_Trump45", "name": "Trumpism\u2122", "id": 3580248555}, {"indices": [27, 43], "id_str": "25073877", "screen_name": "realDonaldTrump", "name": "Donald J. Trump", "id": 25073877}], "urls": [], "hashtags": [], "symbols": []}, "place": null, "in_reply_to_user_id_str": "905095603297943554", "source": "<a href=\"http://twitter.com/download/android\" rel=\"nofollow\">Twitter for Android</a>", "in_reply_to_status_id": 923181896858824705, "favorited": false, "lang": "en", "in_reply_to_status_id_str": "923181896858824705", "truncated": false, "retweet_count": 0, "text": "@frostycamel @Team_Trump45 @realDonaldTrump Details.", "coordinates": null}, "contributors_enabled": false, "lang": "en", "screen_name": "wales4me", "name": "Don", "utc_offset": -25200, "profile_text_color": "333333", "is_translation_enabled": false, "translator_type": "none"}
2017-10-30T01:00:04.073641	{"profile_text_color": "333333", "statuses_count": 31, "name": "Don", "geo_enabled": false, "followers_count": 1, "profile_link_color": "1DA1F2", "profile_background_image_url_https": "https://abs.twimg.com/images/themes/theme1/bg.png", "translator_type": "none", "screen_name": "wales4me", "verified": false, "lang": "en", "profile_image_url_https": "https://pbs.twimg.com/profile_images/1479734318/IMG04_normal.JPG", "profile_use_background_image": true, "location": "Concord, California", "utc_offset": -25200, "profile_sidebar_border_color": "C0DEED", "profile_image_url": "http://pbs.twimg.com/profile_images/1479734318/IMG04_normal.JPG", "url": "http://t.co/MBuagCc1vd", "time_zone": "Pacific Time (US & Canada)", "is_translator": false, "profile_background_tile": false, "status": {"favorite_count": 0, "retweeted": false, "source": "<a href=\"http://twitter.com/download/android\" rel=\"nofollow\">Twitter for Android</a>", "coordinates": null, "is_quote_status": false, "truncated": false, "geo": null, "contributors": null, "lang": "en", "place": null, "in_reply_to_user_id": 905095603297943554, "favorited": false, "in_reply_to_user_id_str": "905095603297943554", "id": 923725041036136448, "in_reply_to_status_id": 923181896858824705, "id_str": "923725041036136448", "text": "@frostycamel @Team_Trump45 @realDonaldTrump Details.", "retweet_count": 0, "in_reply_to_status_id_str": "923181896858824705", "in_reply_to_screen_name": "frostycamel", "created_at": "Fri Oct 27 01:36:26 +0000 2017", "entities": {"symbols": [], "urls": [], "user_mentions": [{"id_str": "905095603297943554", "indices": [0, 12], "screen_name": "frostycamel", "name": "Andy", "id": 905095603297943554}, {"id_str": "3580248555", "indices": [13, 26], "screen_name": "Team_Trump45", "name": "Trumpism\u2122", "id": 3580248555}, {"id_str": "25073877", "indices": [27, 43], "screen_name": "realDonaldTrump", "name": "Donald J. Trump", "id": 25073877}], "hashtags": []}}, "is_translation_enabled": false, "listed_count": 0, "profile_background_color": "C0DEED", "description": "Enjoying retirement", "id": 23783299, "id_str": "23783299", "profile_background_image_url": "http://abs.twimg.com/images/themes/theme1/bg.png", "notifications": false, "protected": false, "profile_sidebar_fill_color": "DDEEF6", "default_profile": true, "contributors_enabled": false, "created_at": "Wed Mar 11 16:07:12 +0000 2009", "default_profile_image": false, "following": false, "has_extended_profile": false, "follow_request_sent": false, "friends_count": 37, "favourites_count": 20, "entities": {"url": {"urls": [{"indices": [0, 22], "url": "http://t.co/MBuagCc1vd", "expanded_url": "https://twitter.com/wales4me", "display_url": "twitter.com/wales4me"}]}, "description": {"urls": []}}}
2017-10-30T02:00:03.709569	{"profile_background_tile": false, "profile_sidebar_fill_color": "DDEEF6", "time_zone": "Pacific Time (US & Canada)", "description": "Enjoying retirement", "name": "Don", "profile_background_color": "C0DEED", "verified": false, "utc_offset": -25200, "profile_background_image_url_https": "https://abs.twimg.com/images/themes/theme1/bg.png", "favourites_count": 20, "id_str": "23783299", "id": 23783299, "entities": {"description": {"urls": []}, "url": {"urls": [{"indices": [0, 22], "display_url": "twitter.com/wales4me", "url": "http://t.co/MBuagCc1vd", "expanded_url": "https://twitter.com/wales4me"}]}}, "followers_count": 1, "default_profile": true, "location": "Concord, California", "notifications": false, "friends_count": 37, "profile_use_background_image": true, "is_translator": false, "lang": "en", "following": false, "profile_sidebar_border_color": "C0DEED", "listed_count": 0, "profile_link_color": "1DA1F2", "profile_image_url_https": "https://pbs.twimg.com/profile_images/1479734318/IMG04_normal.JPG", "url": "http://t.co/MBuagCc1vd", "default_profile_image": false, "is_translation_enabled": false, "profile_background_image_url": "http://abs.twimg.com/images/themes/theme1/bg.png", "status": {"is_quote_status": false, "favorited": false, "favorite_count": 0, "retweeted": false, "contributors": null, "id_str": "923725041036136448", "source": "<a href=\"http://twitter.com/download/android\" rel=\"nofollow\">Twitter for Android</a>", "in_reply_to_status_id_str": "923181896858824705", "entities": {"urls": [], "hashtags": [], "symbols": [], "user_mentions": [{"screen_name": "frostycamel", "id": 905095603297943554, "indices": [0, 12], "name": "Andy", "id_str": "905095603297943554"}, {"screen_name": "Team_Trump45", "id": 3580248555, "indices": [13, 26], "name": "Trumpism\u2122", "id_str": "3580248555"}, {"screen_name": "realDonaldTrump", "id": 25073877, "indices": [27, 43], "name": "Donald J. Trump", "id_str": "25073877"}]}, "in_reply_to_user_id_str": "905095603297943554", "truncated": false, "coordinates": null, "retweet_count": 0, "in_reply_to_screen_name": "frostycamel", "geo": null, "lang": "en", "id": 923725041036136448, "created_at": "Fri Oct 27 01:36:26 +0000 2017", "in_reply_to_status_id": 923181896858824705, "in_reply_to_user_id": 905095603297943554, "place": null, "text": "@frostycamel @Team_Trump45 @realDonaldTrump Details."}, "has_extended_profile": false, "screen_name": "wales4me", "created_at": "Wed Mar 11 16:07:12 +0000 2009", "profile_image_url": "http://pbs.twimg.com/profile_images/1479734318/IMG04_normal.JPG", "translator_type": "none", "contributors_enabled": false, "profile_text_color": "333333", "protected": false, "geo_enabled": false, "follow_request_sent": false, "statuses_count": 31}
2017-10-30T03:00:04.166899	{"profile_image_url": "http://pbs.twimg.com/profile_images/1479734318/IMG04_normal.JPG", "profile_sidebar_fill_color": "DDEEF6", "profile_sidebar_border_color": "C0DEED", "verified": false, "profile_image_url_https": "https://pbs.twimg.com/profile_images/1479734318/IMG04_normal.JPG", "default_profile": true, "created_at": "Wed Mar 11 16:07:12 +0000 2009", "is_translation_enabled": false, "id_str": "23783299", "utc_offset": -25200, "listed_count": 0, "id": 23783299, "protected": false, "friends_count": 37, "name": "Don", "location": "Concord, California", "notifications": false, "translator_type": "none", "is_translator": false, "statuses_count": 31, "description": "Enjoying retirement", "lang": "en", "profile_background_image_url_https": "https://abs.twimg.com/images/themes/theme1/bg.png", "screen_name": "wales4me", "profile_text_color": "333333", "entities": {"url": {"urls": [{"indices": [0, 22], "display_url": "twitter.com/wales4me", "expanded_url": "https://twitter.com/wales4me", "url": "http://t.co/MBuagCc1vd"}]}, "description": {"urls": []}}, "default_profile_image": false, "following": false, "profile_background_tile": false, "follow_request_sent": false, "geo_enabled": false, "profile_background_color": "C0DEED", "profile_background_image_url": "http://abs.twimg.com/images/themes/theme1/bg.png", "has_extended_profile": false, "time_zone": "Pacific Time (US & Canada)", "favourites_count": 20, "profile_link_color": "1DA1F2", "profile_use_background_image": true, "url": "http://t.co/MBuagCc1vd", "contributors_enabled": false, "status": {"geo": null, "in_reply_to_screen_name": "frostycamel", "retweeted": false, "id_str": "923725041036136448", "is_quote_status": false, "favorited": false, "id": 923725041036136448, "favorite_count": 0, "coordinates": null, "retweet_count": 0, "lang": "en", "entities": {"hashtags": [], "urls": [], "user_mentions": [{"indices": [0, 12], "id": 905095603297943554, "screen_name": "frostycamel", "name": "Andy", "id_str": "905095603297943554"}, {"indices": [13, 26], "id": 3580248555, "screen_name": "Team_Trump45", "name": "Trumpism\u2122", "id_str": "3580248555"}, {"indices": [27, 43], "id": 25073877, "screen_name": "realDonaldTrump", "name": "Donald J. Trump", "id_str": "25073877"}], "symbols": []}, "contributors": null, "truncated": false, "source": "<a href=\"http://twitter.com/download/android\" rel=\"nofollow\">Twitter for Android</a>", "place": null, "in_reply_to_user_id_str": "905095603297943554", "in_reply_to_status_id_str": "923181896858824705", "text": "@frostycamel @Team_Trump45 @realDonaldTrump Details.", "in_reply_to_status_id": 923181896858824705, "created_at": "Fri Oct 27 01:36:26 +0000 2017", "in_reply_to_user_id": 905095603297943554}, "followers_count": 1}
2017-10-30T04:00:04.422300	{"profile_use_background_image": true, "utc_offset": -25200, "geo_enabled": false, "entities": {"url": {"urls": [{"expanded_url": "https://twitter.com/wales4me", "url": "http://t.co/MBuagCc1vd", "indices": [0, 22], "display_url": "twitter.com/wales4me"}]}, "description": {"urls": []}}, "description": "Enjoying retirement", "has_extended_profile": false, "status": {"in_reply_to_screen_name": "frostycamel", "entities": {"hashtags": [], "symbols": [], "user_mentions": [{"screen_name": "frostycamel", "name": "Andy", "indices": [0, 12], "id": 905095603297943554, "id_str": "905095603297943554"}, {"screen_name": "Team_Trump45", "name": "Trumpism\u2122", "indices": [13, 26], "id": 3580248555, "id_str": "3580248555"}, {"screen_name": "realDonaldTrump", "name": "Donald J. Trump", "indices": [27, 43], "id": 25073877, "id_str": "25073877"}], "urls": []}, "is_quote_status": false, "truncated": false, "favorite_count": 0, "place": null, "id": 923725041036136448, "contributors": null, "text": "@frostycamel @Team_Trump45 @realDonaldTrump Details.", "in_reply_to_status_id_str": "923181896858824705", "coordinates": null, "source": "<a href=\"http://twitter.com/download/android\" rel=\"nofollow\">Twitter for Android</a>", "created_at": "Fri Oct 27 01:36:26 +0000 2017", "in_reply_to_status_id": 923181896858824705, "geo": null, "id_str": "923725041036136448", "in_reply_to_user_id_str": "905095603297943554", "in_reply_to_user_id": 905095603297943554, "retweeted": false, "favorited": false, "retweet_count": 0, "lang": "en"}, "followers_count": 1, "profile_sidebar_border_color": "C0DEED", "default_profile": true, "profile_image_url": "http://pbs.twimg.com/profile_images/1479734318/IMG04_normal.JPG", "contributors_enabled": false, "profile_image_url_https": "https://pbs.twimg.com/profile_images/1479734318/IMG04_normal.JPG", "statuses_count": 31, "is_translator": false, "listed_count": 0, "is_translation_enabled": false, "profile_link_color": "1DA1F2", "protected": false, "profile_background_image_url": "http://abs.twimg.com/images/themes/theme1/bg.png", "notifications": false, "profile_background_image_url_https": "https://abs.twimg.com/images/themes/theme1/bg.png", "screen_name": "wales4me", "url": "http://t.co/MBuagCc1vd", "friends_count": 37, "default_profile_image": false, "translator_type": "none", "id": 23783299, "name": "Don", "follow_request_sent": false, "id_str": "23783299", "created_at": "Wed Mar 11 16:07:12 +0000 2009", "favourites_count": 20, "profile_background_color": "C0DEED", "profile_text_color": "333333", "time_zone": "Pacific Time (US & Canada)", "following": false, "profile_sidebar_fill_color": "DDEEF6", "location": "Concord, California", "verified": false, "profile_background_tile": false, "lang": "en"}
2017-10-30T05:00:04.471763	{"is_translation_enabled": false, "description": "Enjoying retirement", "is_translator": false, "geo_enabled": false, "profile_sidebar_border_color": "C0DEED", "notifications": false, "profile_background_image_url": "http://abs.twimg.com/images/themes/theme1/bg.png", "profile_use_background_image": true, "lang": "en", "friends_count": 37, "name": "Don", "profile_link_color": "1DA1F2", "protected": false, "profile_background_image_url_https": "https://abs.twimg.com/images/themes/theme1/bg.png", "screen_name": "wales4me", "location": "Concord, California", "status": {"text": "@frostycamel @Team_Trump45 @realDonaldTrump Details.", "in_reply_to_user_id_str": "905095603297943554", "source": "<a href=\"http://twitter.com/download/android\" rel=\"nofollow\">Twitter for Android</a>", "place": null, "lang": "en", "retweet_count": 0, "favorite_count": 0, "in_reply_to_screen_name": "frostycamel", "favorited": false, "truncated": false, "id": 923725041036136448, "in_reply_to_user_id": 905095603297943554, "retweeted": false, "in_reply_to_status_id": 923181896858824705, "in_reply_to_status_id_str": "923181896858824705", "coordinates": null, "entities": {"hashtags": [], "user_mentions": [{"indices": [0, 12], "id_str": "905095603297943554", "id": 905095603297943554, "screen_name": "frostycamel", "name": "Andy"}, {"indices": [13, 26], "id_str": "3580248555", "id": 3580248555, "screen_name": "Team_Trump45", "name": "Trumpism\u2122"}, {"indices": [27, 43], "id_str": "25073877", "id": 25073877, "screen_name": "realDonaldTrump", "name": "Donald J. Trump"}], "urls": [], "symbols": []}, "id_str": "923725041036136448", "geo": null, "contributors": null, "is_quote_status": false, "created_at": "Fri Oct 27 01:36:26 +0000 2017"}, "listed_count": 0, "translator_type": "none", "profile_text_color": "333333", "has_extended_profile": false, "profile_image_url": "http://pbs.twimg.com/profile_images/1479734318/IMG04_normal.JPG", "statuses_count": 31, "favourites_count": 20, "id": 23783299, "followers_count": 1, "profile_sidebar_fill_color": "DDEEF6", "follow_request_sent": false, "profile_background_color": "C0DEED", "following": false, "verified": false, "profile_image_url_https": "https://pbs.twimg.com/profile_images/1479734318/IMG04_normal.JPG", "url": "http://t.co/MBuagCc1vd", "contributors_enabled": false, "profile_background_tile": false, "utc_offset": -25200, "entities": {"url": {"urls": [{"expanded_url": "https://twitter.com/wales4me", "url": "http://t.co/MBuagCc1vd", "indices": [0, 22], "display_url": "twitter.com/wales4me"}]}, "description": {"urls": []}}, "default_profile_image": false, "id_str": "23783299", "time_zone": "Pacific Time (US & Canada)", "default_profile": true, "created_at": "Wed Mar 11 16:07:12 +0000 2009"}
2017-10-30T06:00:04.371556	{"geo_enabled": false, "id": 23783299, "description": "Enjoying retirement", "profile_image_url_https": "https://pbs.twimg.com/profile_images/1479734318/IMG04_normal.JPG", "favourites_count": 20, "profile_link_color": "1DA1F2", "profile_background_color": "C0DEED", "profile_background_image_url_https": "https://abs.twimg.com/images/themes/theme1/bg.png", "profile_text_color": "333333", "friends_count": 37, "is_translator": false, "created_at": "Wed Mar 11 16:07:12 +0000 2009", "default_profile": true, "notifications": false, "screen_name": "wales4me", "followers_count": 1, "statuses_count": 31, "default_profile_image": false, "id_str": "23783299", "is_translation_enabled": false, "entities": {"url": {"urls": [{"url": "http://t.co/MBuagCc1vd", "indices": [0, 22], "display_url": "twitter.com/wales4me", "expanded_url": "https://twitter.com/wales4me"}]}, "description": {"urls": []}}, "has_extended_profile": false, "url": "http://t.co/MBuagCc1vd", "profile_background_image_url": "http://abs.twimg.com/images/themes/theme1/bg.png", "profile_background_tile": false, "status": {"id": 923725041036136448, "text": "@frostycamel @Team_Trump45 @realDonaldTrump Details.", "in_reply_to_status_id_str": "923181896858824705", "is_quote_status": false, "geo": null, "retweeted": false, "created_at": "Fri Oct 27 01:36:26 +0000 2017", "in_reply_to_user_id_str": "905095603297943554", "id_str": "923725041036136448", "coordinates": null, "in_reply_to_status_id": 923181896858824705, "favorite_count": 0, "in_reply_to_user_id": 905095603297943554, "in_reply_to_screen_name": "frostycamel", "source": "<a href=\"http://twitter.com/download/android\" rel=\"nofollow\">Twitter for Android</a>", "retweet_count": 0, "contributors": null, "place": null, "truncated": false, "favorited": false, "entities": {"user_mentions": [{"screen_name": "frostycamel", "id": 905095603297943554, "indices": [0, 12], "name": "Andy", "id_str": "905095603297943554"}, {"screen_name": "Team_Trump45", "id": 3580248555, "indices": [13, 26], "name": "Trumpism\u2122", "id_str": "3580248555"}, {"screen_name": "realDonaldTrump", "id": 25073877, "indices": [27, 43], "name": "Donald J. Trump", "id_str": "25073877"}], "urls": [], "hashtags": [], "symbols": []}, "lang": "en"}, "time_zone": "Pacific Time (US & Canada)", "following": false, "profile_image_url": "http://pbs.twimg.com/profile_images/1479734318/IMG04_normal.JPG", "translator_type": "none", "contributors_enabled": false, "profile_use_background_image": true, "name": "Don", "profile_sidebar_fill_color": "DDEEF6", "listed_count": 0, "utc_offset": -25200, "protected": false, "follow_request_sent": false, "location": "Concord, California", "verified": false, "profile_sidebar_border_color": "C0DEED", "lang": "en"}
2017-10-30T07:00:04.076924	{"description": "Enjoying retirement", "profile_use_background_image": true, "id": 23783299, "screen_name": "wales4me", "profile_text_color": "333333", "notifications": false, "followers_count": 1, "lang": "en", "name": "Don", "geo_enabled": false, "time_zone": "Pacific Time (US & Canada)", "profile_sidebar_fill_color": "DDEEF6", "entities": {"description": {"urls": []}, "url": {"urls": [{"indices": [0, 22], "expanded_url": "https://twitter.com/wales4me", "url": "http://t.co/MBuagCc1vd", "display_url": "twitter.com/wales4me"}]}}, "verified": false, "profile_background_tile": false, "follow_request_sent": false, "id_str": "23783299", "profile_background_image_url_https": "https://abs.twimg.com/images/themes/theme1/bg.png", "default_profile": true, "url": "http://t.co/MBuagCc1vd", "utc_offset": -25200, "is_translation_enabled": false, "profile_background_image_url": "http://abs.twimg.com/images/themes/theme1/bg.png", "default_profile_image": false, "translator_type": "none", "profile_background_color": "C0DEED", "protected": false, "contributors_enabled": false, "listed_count": 0, "location": "Concord, California", "profile_link_color": "1DA1F2", "profile_image_url_https": "https://pbs.twimg.com/profile_images/1479734318/IMG04_normal.JPG", "favourites_count": 20, "has_extended_profile": false, "created_at": "Wed Mar 11 16:07:12 +0000 2009", "friends_count": 37, "statuses_count": 31, "profile_sidebar_border_color": "C0DEED", "profile_image_url": "http://pbs.twimg.com/profile_images/1479734318/IMG04_normal.JPG", "is_translator": false, "following": false, "status": {"is_quote_status": false, "id": 923725041036136448, "source": "<a href=\"http://twitter.com/download/android\" rel=\"nofollow\">Twitter for Android</a>", "coordinates": null, "entities": {"urls": [], "hashtags": [], "user_mentions": [{"indices": [0, 12], "id": 905095603297943554, "screen_name": "frostycamel", "id_str": "905095603297943554", "name": "Andy"}, {"indices": [13, 26], "id": 3580248555, "screen_name": "Team_Trump45", "id_str": "3580248555", "name": "Trumpism\u2122"}, {"indices": [27, 43], "id": 25073877, "screen_name": "realDonaldTrump", "id_str": "25073877", "name": "Donald J. Trump"}], "symbols": []}, "in_reply_to_user_id_str": "905095603297943554", "retweet_count": 0, "place": null, "id_str": "923725041036136448", "contributors": null, "geo": null, "favorited": false, "text": "@frostycamel @Team_Trump45 @realDonaldTrump Details.", "in_reply_to_status_id": 923181896858824705, "created_at": "Fri Oct 27 01:36:26 +0000 2017", "truncated": false, "lang": "en", "in_reply_to_screen_name": "frostycamel", "favorite_count": 0, "in_reply_to_user_id": 905095603297943554, "retweeted": false, "in_reply_to_status_id_str": "923181896858824705"}}
2017-10-30T08:00:04.282213	{"following": false, "statuses_count": 31, "profile_use_background_image": true, "profile_image_url": "http://pbs.twimg.com/profile_images/1479734318/IMG04_normal.JPG", "profile_background_tile": false, "favourites_count": 20, "url": "http://t.co/MBuagCc1vd", "default_profile_image": false, "is_translator": false, "entities": {"url": {"urls": [{"expanded_url": "https://twitter.com/wales4me", "url": "http://t.co/MBuagCc1vd", "indices": [0, 22], "display_url": "twitter.com/wales4me"}]}, "description": {"urls": []}}, "profile_background_color": "C0DEED", "lang": "en", "screen_name": "wales4me", "translator_type": "none", "profile_background_image_url_https": "https://abs.twimg.com/images/themes/theme1/bg.png", "profile_text_color": "333333", "contributors_enabled": false, "profile_sidebar_fill_color": "DDEEF6", "id_str": "23783299", "description": "Enjoying retirement", "profile_link_color": "1DA1F2", "profile_sidebar_border_color": "C0DEED", "location": "Concord, California", "utc_offset": -25200, "protected": false, "profile_background_image_url": "http://abs.twimg.com/images/themes/theme1/bg.png", "is_translation_enabled": false, "friends_count": 37, "id": 23783299, "follow_request_sent": false, "followers_count": 1, "name": "Don", "has_extended_profile": false, "listed_count": 0, "default_profile": true, "profile_image_url_https": "https://pbs.twimg.com/profile_images/1479734318/IMG04_normal.JPG", "time_zone": "Pacific Time (US & Canada)", "created_at": "Wed Mar 11 16:07:12 +0000 2009", "notifications": false, "verified": false, "geo_enabled": false, "status": {"in_reply_to_screen_name": "frostycamel", "in_reply_to_user_id_str": "905095603297943554", "entities": {"hashtags": [], "user_mentions": [{"id": 905095603297943554, "screen_name": "frostycamel", "id_str": "905095603297943554", "indices": [0, 12], "name": "Andy"}, {"id": 3580248555, "screen_name": "Team_Trump45", "id_str": "3580248555", "indices": [13, 26], "name": "Trumpism\u2122"}, {"id": 25073877, "screen_name": "realDonaldTrump", "id_str": "25073877", "indices": [27, 43], "name": "Donald J. Trump"}], "urls": [], "symbols": []}, "lang": "en", "coordinates": null, "retweet_count": 0, "id_str": "923725041036136448", "geo": null, "favorite_count": 0, "in_reply_to_user_id": 905095603297943554, "id": 923725041036136448, "in_reply_to_status_id_str": "923181896858824705", "contributors": null, "favorited": false, "in_reply_to_status_id": 923181896858824705, "text": "@frostycamel @Team_Trump45 @realDonaldTrump Details.", "retweeted": false, "created_at": "Fri Oct 27 01:36:26 +0000 2017", "place": null, "is_quote_status": false, "truncated": false, "source": "<a href=\"http://twitter.com/download/android\" rel=\"nofollow\">Twitter for Android</a>"}}
2017-10-30T09:00:04.042262	{"protected": false, "listed_count": 0, "has_extended_profile": false, "default_profile_image": false, "verified": false, "url": "http://t.co/MBuagCc1vd", "profile_background_image_url_https": "https://abs.twimg.com/images/themes/theme1/bg.png", "is_translation_enabled": false, "profile_background_color": "C0DEED", "profile_use_background_image": true, "contributors_enabled": false, "time_zone": "Pacific Time (US & Canada)", "lang": "en", "entities": {"url": {"urls": [{"display_url": "twitter.com/wales4me", "url": "http://t.co/MBuagCc1vd", "expanded_url": "https://twitter.com/wales4me", "indices": [0, 22]}]}, "description": {"urls": []}}, "description": "Enjoying retirement", "id": 23783299, "utc_offset": -25200, "profile_sidebar_border_color": "C0DEED", "is_translator": false, "followers_count": 1, "location": "Concord, California", "id_str": "23783299", "default_profile": true, "favourites_count": 20, "profile_background_image_url": "http://abs.twimg.com/images/themes/theme1/bg.png", "name": "Don", "geo_enabled": false, "profile_image_url_https": "https://pbs.twimg.com/profile_images/1479734318/IMG04_normal.JPG", "created_at": "Wed Mar 11 16:07:12 +0000 2009", "follow_request_sent": false, "profile_background_tile": false, "status": {"created_at": "Fri Oct 27 01:36:26 +0000 2017", "in_reply_to_user_id_str": "905095603297943554", "in_reply_to_user_id": 905095603297943554, "in_reply_to_status_id": 923181896858824705, "text": "@frostycamel @Team_Trump45 @realDonaldTrump Details.", "truncated": false, "source": "<a href=\"http://twitter.com/download/android\" rel=\"nofollow\">Twitter for Android</a>", "lang": "en", "entities": {"urls": [], "hashtags": [], "symbols": [], "user_mentions": [{"id": 905095603297943554, "screen_name": "frostycamel", "name": "Andy", "id_str": "905095603297943554", "indices": [0, 12]}, {"id": 3580248555, "screen_name": "Team_Trump45", "name": "Trumpism\u2122", "id_str": "3580248555", "indices": [13, 26]}, {"id": 25073877, "screen_name": "realDonaldTrump", "name": "Donald J. Trump", "id_str": "25073877", "indices": [27, 43]}]}, "favorited": false, "geo": null, "in_reply_to_status_id_str": "923181896858824705", "place": null, "favorite_count": 0, "id": 923725041036136448, "coordinates": null, "id_str": "923725041036136448", "is_quote_status": false, "in_reply_to_screen_name": "frostycamel", "contributors": null, "retweeted": false, "retweet_count": 0}, "profile_text_color": "333333", "statuses_count": 31, "profile_sidebar_fill_color": "DDEEF6", "translator_type": "none", "notifications": false, "profile_image_url": "http://pbs.twimg.com/profile_images/1479734318/IMG04_normal.JPG", "screen_name": "wales4me", "profile_link_color": "1DA1F2", "friends_count": 37, "following": false}
2017-10-30T10:00:04.698411	{"entities": {"description": {"urls": []}, "url": {"urls": [{"expanded_url": "https://twitter.com/wales4me", "display_url": "twitter.com/wales4me", "indices": [0, 22], "url": "http://t.co/MBuagCc1vd"}]}}, "statuses_count": 31, "is_translator": false, "profile_text_color": "333333", "time_zone": "Pacific Time (US & Canada)", "profile_image_url_https": "https://pbs.twimg.com/profile_images/1479734318/IMG04_normal.JPG", "profile_background_color": "C0DEED", "profile_background_image_url_https": "https://abs.twimg.com/images/themes/theme1/bg.png", "id_str": "23783299", "geo_enabled": false, "utc_offset": -25200, "friends_count": 37, "id": 23783299, "protected": false, "status": {"entities": {"hashtags": [], "symbols": [], "user_mentions": [{"id": 905095603297943554, "indices": [0, 12], "name": "Andy", "screen_name": "frostycamel", "id_str": "905095603297943554"}, {"id": 3580248555, "indices": [13, 26], "name": "Trumpism\u2122", "screen_name": "Team_Trump45", "id_str": "3580248555"}, {"id": 25073877, "indices": [27, 43], "name": "Donald J. Trump", "screen_name": "realDonaldTrump", "id_str": "25073877"}], "urls": []}, "in_reply_to_user_id_str": "905095603297943554", "retweet_count": 0, "in_reply_to_status_id_str": "923181896858824705", "place": null, "source": "<a href=\"http://twitter.com/download/android\" rel=\"nofollow\">Twitter for Android</a>", "retweeted": false, "id": 923725041036136448, "favorite_count": 0, "id_str": "923725041036136448", "lang": "en", "contributors": null, "is_quote_status": false, "created_at": "Fri Oct 27 01:36:26 +0000 2017", "in_reply_to_status_id": 923181896858824705, "in_reply_to_screen_name": "frostycamel", "text": "@frostycamel @Team_Trump45 @realDonaldTrump Details.", "truncated": false, "coordinates": null, "geo": null, "in_reply_to_user_id": 905095603297943554, "favorited": false}, "lang": "en", "url": "http://t.co/MBuagCc1vd", "following": false, "favourites_count": 20, "created_at": "Wed Mar 11 16:07:12 +0000 2009", "followers_count": 1, "contributors_enabled": false, "translator_type": "none", "default_profile": true, "profile_image_url": "http://pbs.twimg.com/profile_images/1479734318/IMG04_normal.JPG", "default_profile_image": false, "verified": false, "profile_background_image_url": "http://abs.twimg.com/images/themes/theme1/bg.png", "notifications": false, "profile_sidebar_fill_color": "DDEEF6", "screen_name": "wales4me", "profile_background_tile": false, "has_extended_profile": false, "location": "Concord, California", "name": "Don", "is_translation_enabled": false, "listed_count": 0, "description": "Enjoying retirement", "follow_request_sent": false, "profile_use_background_image": true, "profile_link_color": "1DA1F2", "profile_sidebar_border_color": "C0DEED"}
2017-10-30T11:00:05.239436	{"following": false, "lang": "en", "verified": false, "profile_image_url": "http://pbs.twimg.com/profile_images/1479734318/IMG04_normal.JPG", "profile_background_image_url_https": "https://abs.twimg.com/images/themes/theme1/bg.png", "contributors_enabled": false, "is_translation_enabled": false, "time_zone": "Pacific Time (US & Canada)", "entities": {"description": {"urls": []}, "url": {"urls": [{"indices": [0, 22], "expanded_url": "https://twitter.com/wales4me", "display_url": "twitter.com/wales4me", "url": "http://t.co/MBuagCc1vd"}]}}, "profile_image_url_https": "https://pbs.twimg.com/profile_images/1479734318/IMG04_normal.JPG", "default_profile": true, "is_translator": false, "profile_use_background_image": true, "profile_background_color": "C0DEED", "location": "Concord, California", "favourites_count": 20, "id": 23783299, "id_str": "23783299", "status": {"lang": "en", "in_reply_to_status_id_str": "923181896858824705", "in_reply_to_status_id": 923181896858824705, "entities": {"symbols": [], "hashtags": [], "user_mentions": [{"screen_name": "frostycamel", "id": 905095603297943554, "name": "Andy", "id_str": "905095603297943554", "indices": [0, 12]}, {"screen_name": "Team_Trump45", "id": 3580248555, "name": "Trumpism\u2122", "id_str": "3580248555", "indices": [13, 26]}, {"screen_name": "realDonaldTrump", "id": 25073877, "name": "Donald J. Trump", "id_str": "25073877", "indices": [27, 43]}], "urls": []}, "source": "<a href=\"http://twitter.com/download/android\" rel=\"nofollow\">Twitter for Android</a>", "in_reply_to_user_id": 905095603297943554, "geo": null, "retweeted": false, "text": "@frostycamel @Team_Trump45 @realDonaldTrump Details.", "id": 923725041036136448, "id_str": "923725041036136448", "coordinates": null, "is_quote_status": false, "in_reply_to_user_id_str": "905095603297943554", "truncated": false, "place": null, "favorite_count": 0, "in_reply_to_screen_name": "frostycamel", "favorited": false, "created_at": "Fri Oct 27 01:36:26 +0000 2017", "retweet_count": 0, "contributors": null}, "listed_count": 0, "notifications": false, "profile_link_color": "1DA1F2", "profile_sidebar_border_color": "C0DEED", "geo_enabled": false, "description": "Enjoying retirement", "friends_count": 37, "profile_sidebar_fill_color": "DDEEF6", "default_profile_image": false, "protected": false, "screen_name": "wales4me", "profile_text_color": "333333", "created_at": "Wed Mar 11 16:07:12 +0000 2009", "translator_type": "none", "profile_background_image_url": "http://abs.twimg.com/images/themes/theme1/bg.png", "url": "http://t.co/MBuagCc1vd", "utc_offset": -25200, "follow_request_sent": false, "statuses_count": 31, "profile_background_tile": false, "name": "Don", "followers_count": 1, "has_extended_profile": false}
2017-10-30T12:00:04.262629	{"profile_background_color": "C0DEED", "follow_request_sent": false, "profile_image_url": "http://pbs.twimg.com/profile_images/1479734318/IMG04_normal.JPG", "following": false, "location": "Concord, California", "statuses_count": 31, "followers_count": 1, "profile_image_url_https": "https://pbs.twimg.com/profile_images/1479734318/IMG04_normal.JPG", "time_zone": "Pacific Time (US & Canada)", "lang": "en", "profile_use_background_image": true, "protected": false, "entities": {"url": {"urls": [{"indices": [0, 22], "expanded_url": "https://twitter.com/wales4me", "url": "http://t.co/MBuagCc1vd", "display_url": "twitter.com/wales4me"}]}, "description": {"urls": []}}, "default_profile_image": false, "profile_background_image_url": "http://abs.twimg.com/images/themes/theme1/bg.png", "profile_background_tile": false, "favourites_count": 20, "default_profile": true, "url": "http://t.co/MBuagCc1vd", "profile_link_color": "1DA1F2", "utc_offset": -25200, "id": 23783299, "contributors_enabled": false, "geo_enabled": false, "name": "Don", "has_extended_profile": false, "profile_sidebar_fill_color": "DDEEF6", "profile_background_image_url_https": "https://abs.twimg.com/images/themes/theme1/bg.png", "id_str": "23783299", "listed_count": 0, "is_translation_enabled": false, "description": "Enjoying retirement", "notifications": false, "created_at": "Wed Mar 11 16:07:12 +0000 2009", "status": {"in_reply_to_status_id": 923181896858824705, "created_at": "Fri Oct 27 01:36:26 +0000 2017", "lang": "en", "contributors": null, "coordinates": null, "entities": {"hashtags": [], "symbols": [], "user_mentions": [{"screen_name": "frostycamel", "id": 905095603297943554, "id_str": "905095603297943554", "indices": [0, 12], "name": "Andy"}, {"screen_name": "Team_Trump45", "id": 3580248555, "id_str": "3580248555", "indices": [13, 26], "name": "Trumpism\u2122"}, {"screen_name": "realDonaldTrump", "id": 25073877, "id_str": "25073877", "indices": [27, 43], "name": "Donald J. Trump"}], "urls": []}, "is_quote_status": false, "text": "@frostycamel @Team_Trump45 @realDonaldTrump Details.", "in_reply_to_screen_name": "frostycamel", "retweeted": false, "favorited": false, "retweet_count": 0, "id": 923725041036136448, "truncated": false, "place": null, "id_str": "923725041036136448", "in_reply_to_status_id_str": "923181896858824705", "favorite_count": 0, "in_reply_to_user_id": 905095603297943554, "source": "<a href=\"http://twitter.com/download/android\" rel=\"nofollow\">Twitter for Android</a>", "in_reply_to_user_id_str": "905095603297943554", "geo": null}, "profile_sidebar_border_color": "C0DEED", "is_translator": false, "profile_text_color": "333333", "screen_name": "wales4me", "verified": false, "friends_count": 37, "translator_type": "none"}
2017-10-30T13:00:03.992458	{"has_extended_profile": false, "profile_image_url_https": "https://pbs.twimg.com/profile_images/1479734318/IMG04_normal.JPG", "url": "http://t.co/MBuagCc1vd", "notifications": false, "profile_background_tile": false, "profile_sidebar_fill_color": "DDEEF6", "location": "Concord, California", "follow_request_sent": false, "contributors_enabled": false, "profile_use_background_image": true, "profile_background_image_url_https": "https://abs.twimg.com/images/themes/theme1/bg.png", "description": "Enjoying retirement", "default_profile": true, "utc_offset": -25200, "default_profile_image": false, "verified": false, "friends_count": 37, "protected": false, "time_zone": "Pacific Time (US & Canada)", "status": {"place": null, "in_reply_to_screen_name": "frostycamel", "truncated": false, "text": "@frostycamel @Team_Trump45 @realDonaldTrump Details.", "in_reply_to_status_id_str": "923181896858824705", "source": "<a href=\"http://twitter.com/download/android\" rel=\"nofollow\">Twitter for Android</a>", "in_reply_to_user_id": 905095603297943554, "retweet_count": 0, "in_reply_to_user_id_str": "905095603297943554", "coordinates": null, "favorited": false, "geo": null, "created_at": "Fri Oct 27 01:36:26 +0000 2017", "lang": "en", "is_quote_status": false, "favorite_count": 0, "in_reply_to_status_id": 923181896858824705, "id_str": "923725041036136448", "id": 923725041036136448, "contributors": null, "retweeted": false, "entities": {"user_mentions": [{"name": "Andy", "indices": [0, 12], "id": 905095603297943554, "screen_name": "frostycamel", "id_str": "905095603297943554"}, {"name": "Trumpism\u2122", "indices": [13, 26], "id": 3580248555, "screen_name": "Team_Trump45", "id_str": "3580248555"}, {"name": "Donald J. Trump", "indices": [27, 43], "id": 25073877, "screen_name": "realDonaldTrump", "id_str": "25073877"}], "symbols": [], "hashtags": [], "urls": []}}, "profile_sidebar_border_color": "C0DEED", "name": "Don", "is_translator": false, "created_at": "Wed Mar 11 16:07:12 +0000 2009", "listed_count": 0, "lang": "en", "profile_background_color": "C0DEED", "translator_type": "none", "followers_count": 1, "profile_background_image_url": "http://abs.twimg.com/images/themes/theme1/bg.png", "profile_text_color": "333333", "screen_name": "wales4me", "profile_link_color": "1DA1F2", "favourites_count": 20, "profile_image_url": "http://pbs.twimg.com/profile_images/1479734318/IMG04_normal.JPG", "id_str": "23783299", "statuses_count": 31, "geo_enabled": false, "id": 23783299, "is_translation_enabled": false, "entities": {"url": {"urls": [{"expanded_url": "https://twitter.com/wales4me", "display_url": "twitter.com/wales4me", "url": "http://t.co/MBuagCc1vd", "indices": [0, 22]}]}, "description": {"urls": []}}, "following": false}
2017-10-30T14:00:04.365908	{"entities": {"description": {"urls": []}, "url": {"urls": [{"indices": [0, 22], "display_url": "twitter.com/wales4me", "expanded_url": "https://twitter.com/wales4me", "url": "http://t.co/MBuagCc1vd"}]}}, "followers_count": 1, "contributors_enabled": false, "profile_sidebar_border_color": "C0DEED", "profile_background_image_url": "http://abs.twimg.com/images/themes/theme1/bg.png", "url": "http://t.co/MBuagCc1vd", "profile_link_color": "1DA1F2", "profile_background_image_url_https": "https://abs.twimg.com/images/themes/theme1/bg.png", "favourites_count": 20, "status": {"entities": {"hashtags": [], "urls": [], "symbols": [], "user_mentions": [{"screen_name": "frostycamel", "id_str": "905095603297943554", "id": 905095603297943554, "indices": [0, 12], "name": "Andy"}, {"screen_name": "Team_Trump45", "id_str": "3580248555", "id": 3580248555, "indices": [13, 26], "name": "Trumpism\u2122"}, {"screen_name": "realDonaldTrump", "id_str": "25073877", "id": 25073877, "indices": [27, 43], "name": "Donald J. Trump"}]}, "in_reply_to_status_id": 923181896858824705, "in_reply_to_status_id_str": "923181896858824705", "source": "<a href=\"http://twitter.com/download/android\" rel=\"nofollow\">Twitter for Android</a>", "in_reply_to_user_id_str": "905095603297943554", "in_reply_to_screen_name": "frostycamel", "id": 923725041036136448, "lang": "en", "geo": null, "created_at": "Fri Oct 27 01:36:26 +0000 2017", "favorited": false, "retweeted": false, "in_reply_to_user_id": 905095603297943554, "text": "@frostycamel @Team_Trump45 @realDonaldTrump Details.", "favorite_count": 0, "id_str": "923725041036136448", "contributors": null, "retweet_count": 0, "truncated": false, "is_quote_status": false, "place": null, "coordinates": null}, "description": "Enjoying retirement", "profile_use_background_image": true, "profile_image_url": "http://pbs.twimg.com/profile_images/1479734318/IMG04_normal.JPG", "id_str": "23783299", "id": 23783299, "listed_count": 0, "name": "Don", "lang": "en", "default_profile_image": false, "statuses_count": 31, "is_translation_enabled": false, "profile_background_color": "C0DEED", "created_at": "Wed Mar 11 16:07:12 +0000 2009", "profile_background_tile": false, "location": "Concord, California", "follow_request_sent": false, "protected": false, "friends_count": 37, "translator_type": "none", "utc_offset": -25200, "time_zone": "Pacific Time (US & Canada)", "geo_enabled": false, "profile_sidebar_fill_color": "DDEEF6", "has_extended_profile": false, "profile_text_color": "333333", "default_profile": true, "profile_image_url_https": "https://pbs.twimg.com/profile_images/1479734318/IMG04_normal.JPG", "is_translator": false, "verified": false, "screen_name": "wales4me", "following": false, "notifications": false}
2017-10-30T15:00:04.844910	{"notifications": false, "listed_count": 0, "has_extended_profile": false, "profile_background_image_url_https": "https://abs.twimg.com/images/themes/theme1/bg.png", "followers_count": 1, "statuses_count": 31, "profile_image_url_https": "https://pbs.twimg.com/profile_images/1479734318/IMG04_normal.JPG", "profile_use_background_image": true, "created_at": "Wed Mar 11 16:07:12 +0000 2009", "profile_image_url": "http://pbs.twimg.com/profile_images/1479734318/IMG04_normal.JPG", "screen_name": "wales4me", "status": {"retweeted": false, "in_reply_to_status_id": 923181896858824705, "geo": null, "truncated": false, "is_quote_status": false, "created_at": "Fri Oct 27 01:36:26 +0000 2017", "in_reply_to_status_id_str": "923181896858824705", "favorited": false, "in_reply_to_screen_name": "frostycamel", "favorite_count": 0, "lang": "en", "retweet_count": 0, "in_reply_to_user_id": 905095603297943554, "text": "@frostycamel @Team_Trump45 @realDonaldTrump Details.", "in_reply_to_user_id_str": "905095603297943554", "id": 923725041036136448, "place": null, "source": "<a href=\"http://twitter.com/download/android\" rel=\"nofollow\">Twitter for Android</a>", "contributors": null, "id_str": "923725041036136448", "entities": {"user_mentions": [{"screen_name": "frostycamel", "name": "Andy", "id": 905095603297943554, "indices": [0, 12], "id_str": "905095603297943554"}, {"screen_name": "Team_Trump45", "name": "Trumpism\u2122", "id": 3580248555, "indices": [13, 26], "id_str": "3580248555"}, {"screen_name": "realDonaldTrump", "name": "Donald J. Trump", "id": 25073877, "indices": [27, 43], "id_str": "25073877"}], "symbols": [], "hashtags": [], "urls": []}, "coordinates": null}, "following": false, "is_translator": false, "contributors_enabled": false, "protected": false, "profile_background_color": "C0DEED", "is_translation_enabled": false, "description": "Enjoying retirement", "url": "http://t.co/MBuagCc1vd", "name": "Don", "id": 23783299, "profile_background_image_url": "http://abs.twimg.com/images/themes/theme1/bg.png", "profile_link_color": "1DA1F2", "location": "Concord, California", "profile_background_tile": false, "favourites_count": 20, "geo_enabled": false, "translator_type": "none", "profile_sidebar_fill_color": "DDEEF6", "utc_offset": -25200, "profile_text_color": "333333", "id_str": "23783299", "default_profile": true, "verified": false, "friends_count": 37, "follow_request_sent": false, "lang": "en", "default_profile_image": false, "time_zone": "Pacific Time (US & Canada)", "entities": {"description": {"urls": []}, "url": {"urls": [{"url": "http://t.co/MBuagCc1vd", "expanded_url": "https://twitter.com/wales4me", "display_url": "twitter.com/wales4me", "indices": [0, 22]}]}}, "profile_sidebar_border_color": "C0DEED"}
2017-10-30T16:00:05.123573	{"notifications": false, "default_profile_image": false, "entities": {"url": {"urls": [{"display_url": "twitter.com/wales4me", "url": "http://t.co/MBuagCc1vd", "indices": [0, 22], "expanded_url": "https://twitter.com/wales4me"}]}, "description": {"urls": []}}, "follow_request_sent": false, "profile_background_image_url_https": "https://abs.twimg.com/images/themes/theme1/bg.png", "contributors_enabled": false, "profile_text_color": "333333", "status": {"entities": {"symbols": [], "user_mentions": [{"id": 905095603297943554, "indices": [0, 12], "name": "Andy", "screen_name": "frostycamel", "id_str": "905095603297943554"}, {"id": 3580248555, "indices": [13, 26], "name": "Trumpism\u2122", "screen_name": "Team_Trump45", "id_str": "3580248555"}, {"id": 25073877, "indices": [27, 43], "name": "Donald J. Trump", "screen_name": "realDonaldTrump", "id_str": "25073877"}], "hashtags": [], "urls": []}, "in_reply_to_screen_name": "frostycamel", "source": "<a href=\"http://twitter.com/download/android\" rel=\"nofollow\">Twitter for Android</a>", "in_reply_to_user_id": 905095603297943554, "coordinates": null, "id_str": "923725041036136448", "retweet_count": 0, "is_quote_status": false, "in_reply_to_user_id_str": "905095603297943554", "lang": "en", "text": "@frostycamel @Team_Trump45 @realDonaldTrump Details.", "contributors": null, "id": 923725041036136448, "retweeted": false, "in_reply_to_status_id": 923181896858824705, "created_at": "Fri Oct 27 01:36:26 +0000 2017", "favorited": false, "geo": null, "place": null, "favorite_count": 0, "in_reply_to_status_id_str": "923181896858824705", "truncated": false}, "protected": false, "name": "Don", "profile_sidebar_fill_color": "DDEEF6", "followers_count": 1, "time_zone": "Pacific Time (US & Canada)", "url": "http://t.co/MBuagCc1vd", "profile_image_url": "http://pbs.twimg.com/profile_images/1479734318/IMG04_normal.JPG", "location": "Concord, California", "id_str": "23783299", "has_extended_profile": false, "profile_image_url_https": "https://pbs.twimg.com/profile_images/1479734318/IMG04_normal.JPG", "default_profile": true, "geo_enabled": false, "screen_name": "wales4me", "lang": "en", "verified": false, "profile_sidebar_border_color": "C0DEED", "utc_offset": -25200, "profile_use_background_image": true, "translator_type": "none", "id": 23783299, "is_translation_enabled": false, "statuses_count": 31, "friends_count": 37, "profile_background_color": "C0DEED", "profile_background_tile": false, "profile_link_color": "1DA1F2", "profile_background_image_url": "http://abs.twimg.com/images/themes/theme1/bg.png", "created_at": "Wed Mar 11 16:07:12 +0000 2009", "description": "Enjoying retirement", "following": false, "listed_count": 0, "favourites_count": 20, "is_translator": false}
2017-10-30T17:00:04.396789	{"entities": {"description": {"urls": []}, "url": {"urls": [{"display_url": "twitter.com/wales4me", "expanded_url": "https://twitter.com/wales4me", "indices": [0, 22], "url": "http://t.co/MBuagCc1vd"}]}}, "profile_sidebar_border_color": "C0DEED", "verified": false, "id_str": "23783299", "profile_background_image_url": "http://abs.twimg.com/images/themes/theme1/bg.png", "utc_offset": -25200, "friends_count": 37, "following": false, "profile_background_tile": false, "profile_text_color": "333333", "lang": "en", "contributors_enabled": false, "status": {"entities": {"user_mentions": [{"screen_name": "frostycamel", "indices": [0, 12], "id_str": "905095603297943554", "id": 905095603297943554, "name": "Andy"}, {"screen_name": "Team_Trump45", "indices": [13, 26], "id_str": "3580248555", "id": 3580248555, "name": "Trumpism\u2122"}, {"screen_name": "realDonaldTrump", "indices": [27, 43], "id_str": "25073877", "id": 25073877, "name": "Donald J. Trump"}], "hashtags": [], "symbols": [], "urls": []}, "id_str": "923725041036136448", "geo": null, "retweet_count": 0, "favorited": false, "lang": "en", "contributors": null, "coordinates": null, "in_reply_to_user_id": 905095603297943554, "retweeted": false, "is_quote_status": false, "in_reply_to_screen_name": "frostycamel", "text": "@frostycamel @Team_Trump45 @realDonaldTrump Details.", "place": null, "favorite_count": 0, "in_reply_to_status_id": 923181896858824705, "truncated": false, "created_at": "Fri Oct 27 01:36:26 +0000 2017", "source": "<a href=\"http://twitter.com/download/android\" rel=\"nofollow\">Twitter for Android</a>", "id": 923725041036136448, "in_reply_to_status_id_str": "923181896858824705", "in_reply_to_user_id_str": "905095603297943554"}, "followers_count": 1, "profile_sidebar_fill_color": "DDEEF6", "location": "Concord, California", "default_profile": true, "geo_enabled": false, "name": "Don", "profile_background_color": "C0DEED", "profile_link_color": "1DA1F2", "listed_count": 0, "translator_type": "none", "is_translation_enabled": false, "profile_image_url": "http://pbs.twimg.com/profile_images/1479734318/IMG04_normal.JPG", "screen_name": "wales4me", "favourites_count": 20, "is_translator": false, "statuses_count": 31, "follow_request_sent": false, "created_at": "Wed Mar 11 16:07:12 +0000 2009", "url": "http://t.co/MBuagCc1vd", "profile_image_url_https": "https://pbs.twimg.com/profile_images/1479734318/IMG04_normal.JPG", "has_extended_profile": false, "id": 23783299, "time_zone": "Pacific Time (US & Canada)", "description": "Enjoying retirement", "protected": false, "notifications": false, "default_profile_image": false, "profile_use_background_image": true, "profile_background_image_url_https": "https://abs.twimg.com/images/themes/theme1/bg.png"}
2017-10-30T18:00:04.512844	{"url": "http://t.co/MBuagCc1vd", "lang": "en", "profile_text_color": "333333", "default_profile": true, "follow_request_sent": false, "protected": false, "contributors_enabled": false, "utc_offset": -25200, "translator_type": "none", "is_translator": false, "time_zone": "Pacific Time (US & Canada)", "description": "Enjoying retirement", "friends_count": 37, "profile_use_background_image": true, "favourites_count": 20, "id": 23783299, "profile_image_url_https": "https://pbs.twimg.com/profile_images/1479734318/IMG04_normal.JPG", "entities": {"url": {"urls": [{"url": "http://t.co/MBuagCc1vd", "expanded_url": "https://twitter.com/wales4me", "indices": [0, 22], "display_url": "twitter.com/wales4me"}]}, "description": {"urls": []}}, "following": false, "profile_background_color": "C0DEED", "location": "Concord, California", "notifications": false, "name": "Don", "profile_background_image_url": "http://abs.twimg.com/images/themes/theme1/bg.png", "id_str": "23783299", "is_translation_enabled": false, "listed_count": 0, "profile_background_tile": false, "profile_sidebar_fill_color": "DDEEF6", "profile_background_image_url_https": "https://abs.twimg.com/images/themes/theme1/bg.png", "geo_enabled": false, "has_extended_profile": false, "profile_image_url": "http://pbs.twimg.com/profile_images/1479734318/IMG04_normal.JPG", "default_profile_image": false, "profile_link_color": "1DA1F2", "verified": false, "followers_count": 1, "created_at": "Wed Mar 11 16:07:12 +0000 2009", "screen_name": "wales4me", "status": {"contributors": null, "id": 923725041036136448, "lang": "en", "in_reply_to_user_id": 905095603297943554, "place": null, "source": "<a href=\"http://twitter.com/download/android\" rel=\"nofollow\">Twitter for Android</a>", "in_reply_to_user_id_str": "905095603297943554", "is_quote_status": false, "favorite_count": 0, "entities": {"symbols": [], "urls": [], "user_mentions": [{"id_str": "905095603297943554", "id": 905095603297943554, "screen_name": "frostycamel", "indices": [0, 12], "name": "Andy"}, {"id_str": "3580248555", "id": 3580248555, "screen_name": "Team_Trump45", "indices": [13, 26], "name": "Trumpism\u2122"}, {"id_str": "25073877", "id": 25073877, "screen_name": "realDonaldTrump", "indices": [27, 43], "name": "Donald J. Trump"}], "hashtags": []}, "created_at": "Fri Oct 27 01:36:26 +0000 2017", "retweeted": false, "favorited": false, "in_reply_to_status_id": 923181896858824705, "in_reply_to_status_id_str": "923181896858824705", "id_str": "923725041036136448", "truncated": false, "text": "@frostycamel @Team_Trump45 @realDonaldTrump Details.", "retweet_count": 0, "in_reply_to_screen_name": "frostycamel", "geo": null, "coordinates": null}, "profile_sidebar_border_color": "C0DEED", "statuses_count": 31}
2017-10-30T19:00:04.614261	{"utc_offset": -25200, "profile_text_color": "333333", "followers_count": 1, "profile_sidebar_border_color": "C0DEED", "entities": {"url": {"urls": [{"url": "http://t.co/MBuagCc1vd", "indices": [0, 22], "expanded_url": "https://twitter.com/wales4me", "display_url": "twitter.com/wales4me"}]}, "description": {"urls": []}}, "profile_use_background_image": true, "profile_background_tile": false, "status": {"favorited": false, "geo": null, "entities": {"user_mentions": [{"indices": [0, 12], "id_str": "905095603297943554", "screen_name": "frostycamel", "name": "Andy", "id": 905095603297943554}, {"indices": [13, 26], "id_str": "3580248555", "screen_name": "Team_Trump45", "name": "Trumpism\u2122", "id": 3580248555}, {"indices": [27, 43], "id_str": "25073877", "screen_name": "realDonaldTrump", "name": "Donald J. Trump", "id": 25073877}], "hashtags": [], "symbols": [], "urls": []}, "in_reply_to_user_id_str": "905095603297943554", "in_reply_to_screen_name": "frostycamel", "retweet_count": 0, "retweeted": false, "in_reply_to_user_id": 905095603297943554, "favorite_count": 0, "contributors": null, "text": "@frostycamel @Team_Trump45 @realDonaldTrump Details.", "coordinates": null, "source": "<a href=\"http://twitter.com/download/android\" rel=\"nofollow\">Twitter for Android</a>", "id": 923725041036136448, "in_reply_to_status_id": 923181896858824705, "place": null, "created_at": "Fri Oct 27 01:36:26 +0000 2017", "truncated": false, "in_reply_to_status_id_str": "923181896858824705", "id_str": "923725041036136448", "is_quote_status": false, "lang": "en"}, "notifications": false, "location": "Concord, California", "lang": "en", "profile_background_image_url_https": "https://abs.twimg.com/images/themes/theme1/bg.png", "has_extended_profile": false, "profile_image_url": "http://pbs.twimg.com/profile_images/1479734318/IMG04_normal.JPG", "geo_enabled": false, "profile_image_url_https": "https://pbs.twimg.com/profile_images/1479734318/IMG04_normal.JPG", "time_zone": "Pacific Time (US & Canada)", "profile_background_color": "C0DEED", "is_translation_enabled": false, "listed_count": 0, "verified": false, "screen_name": "wales4me", "is_translator": false, "contributors_enabled": false, "id": 23783299, "following": false, "favourites_count": 20, "translator_type": "none", "statuses_count": 31, "created_at": "Wed Mar 11 16:07:12 +0000 2009", "profile_link_color": "1DA1F2", "default_profile": true, "id_str": "23783299", "friends_count": 37, "follow_request_sent": false, "profile_sidebar_fill_color": "DDEEF6", "protected": false, "url": "http://t.co/MBuagCc1vd", "profile_background_image_url": "http://abs.twimg.com/images/themes/theme1/bg.png", "default_profile_image": false, "name": "Don", "description": "Enjoying retirement"}
2017-10-30T20:00:04.831553	{"created_at": "Wed Mar 11 16:07:12 +0000 2009", "favourites_count": 20, "friends_count": 37, "statuses_count": 31, "entities": {"url": {"urls": [{"indices": [0, 22], "display_url": "twitter.com/wales4me", "url": "http://t.co/MBuagCc1vd", "expanded_url": "https://twitter.com/wales4me"}]}, "description": {"urls": []}}, "default_profile": true, "profile_background_image_url_https": "https://abs.twimg.com/images/themes/theme1/bg.png", "is_translator": false, "is_translation_enabled": false, "time_zone": "Pacific Time (US & Canada)", "profile_background_color": "C0DEED", "profile_sidebar_fill_color": "DDEEF6", "notifications": false, "profile_background_tile": false, "utc_offset": -25200, "id_str": "23783299", "status": {"created_at": "Fri Oct 27 01:36:26 +0000 2017", "text": "@frostycamel @Team_Trump45 @realDonaldTrump Details.", "entities": {"symbols": [], "hashtags": [], "urls": [], "user_mentions": [{"indices": [0, 12], "name": "Andy", "id_str": "905095603297943554", "screen_name": "frostycamel", "id": 905095603297943554}, {"indices": [13, 26], "name": "Trumpism\u2122", "id_str": "3580248555", "screen_name": "Team_Trump45", "id": 3580248555}, {"indices": [27, 43], "name": "Donald J. Trump", "id_str": "25073877", "screen_name": "realDonaldTrump", "id": 25073877}]}, "id": 923725041036136448, "favorite_count": 0, "truncated": false, "contributors": null, "in_reply_to_user_id": 905095603297943554, "id_str": "923725041036136448", "source": "<a href=\"http://twitter.com/download/android\" rel=\"nofollow\">Twitter for Android</a>", "place": null, "in_reply_to_status_id_str": "923181896858824705", "retweeted": false, "lang": "en", "retweet_count": 0, "in_reply_to_user_id_str": "905095603297943554", "favorited": false, "is_quote_status": false, "coordinates": null, "geo": null, "in_reply_to_screen_name": "frostycamel", "in_reply_to_status_id": 923181896858824705}, "has_extended_profile": false, "following": false, "url": "http://t.co/MBuagCc1vd", "follow_request_sent": false, "profile_image_url": "http://pbs.twimg.com/profile_images/1479734318/IMG04_normal.JPG", "translator_type": "none", "name": "Don", "followers_count": 1, "geo_enabled": false, "profile_link_color": "1DA1F2", "location": "Concord, California", "profile_use_background_image": true, "profile_image_url_https": "https://pbs.twimg.com/profile_images/1479734318/IMG04_normal.JPG", "profile_sidebar_border_color": "C0DEED", "default_profile_image": false, "lang": "en", "protected": false, "screen_name": "wales4me", "profile_background_image_url": "http://abs.twimg.com/images/themes/theme1/bg.png", "id": 23783299, "listed_count": 0, "profile_text_color": "333333", "verified": false, "description": "Enjoying retirement", "contributors_enabled": false}
2017-10-30T21:00:04.019790	{"geo_enabled": false, "verified": false, "is_translation_enabled": false, "profile_background_tile": false, "utc_offset": -25200, "url": "http://t.co/MBuagCc1vd", "status": {"in_reply_to_screen_name": "frostycamel", "is_quote_status": false, "lang": "en", "id": 923725041036136448, "contributors": null, "in_reply_to_user_id": 905095603297943554, "created_at": "Fri Oct 27 01:36:26 +0000 2017", "favorited": false, "geo": null, "in_reply_to_status_id": 923181896858824705, "retweeted": false, "source": "<a href=\"http://twitter.com/download/android\" rel=\"nofollow\">Twitter for Android</a>", "in_reply_to_status_id_str": "923181896858824705", "place": null, "truncated": false, "coordinates": null, "retweet_count": 0, "entities": {"user_mentions": [{"id": 905095603297943554, "indices": [0, 12], "screen_name": "frostycamel", "name": "Andy", "id_str": "905095603297943554"}, {"id": 3580248555, "indices": [13, 26], "screen_name": "Team_Trump45", "name": "Trumpism\u2122", "id_str": "3580248555"}, {"id": 25073877, "indices": [27, 43], "screen_name": "realDonaldTrump", "name": "Donald J. Trump", "id_str": "25073877"}], "symbols": [], "hashtags": [], "urls": []}, "favorite_count": 0, "text": "@frostycamel @Team_Trump45 @realDonaldTrump Details.", "id_str": "923725041036136448", "in_reply_to_user_id_str": "905095603297943554"}, "time_zone": "Pacific Time (US & Canada)", "id": 23783299, "followers_count": 1, "profile_text_color": "333333", "profile_background_image_url": "http://abs.twimg.com/images/themes/theme1/bg.png", "contributors_enabled": false, "created_at": "Wed Mar 11 16:07:12 +0000 2009", "has_extended_profile": false, "default_profile_image": false, "profile_use_background_image": true, "profile_sidebar_border_color": "C0DEED", "profile_sidebar_fill_color": "DDEEF6", "translator_type": "none", "statuses_count": 31, "follow_request_sent": false, "protected": false, "screen_name": "wales4me", "listed_count": 0, "notifications": false, "lang": "en", "is_translator": false, "profile_image_url_https": "https://pbs.twimg.com/profile_images/1479734318/IMG04_normal.JPG", "name": "Don", "description": "Enjoying retirement", "profile_background_image_url_https": "https://abs.twimg.com/images/themes/theme1/bg.png", "profile_link_color": "1DA1F2", "following": false, "favourites_count": 20, "friends_count": 37, "default_profile": true, "entities": {"url": {"urls": [{"expanded_url": "https://twitter.com/wales4me", "indices": [0, 22], "url": "http://t.co/MBuagCc1vd", "display_url": "twitter.com/wales4me"}]}, "description": {"urls": []}}, "location": "Concord, California", "profile_image_url": "http://pbs.twimg.com/profile_images/1479734318/IMG04_normal.JPG", "profile_background_color": "C0DEED", "id_str": "23783299"}
2017-10-30T22:00:04.262993	{"statuses_count": 31, "created_at": "Wed Mar 11 16:07:12 +0000 2009", "lang": "en", "id": 23783299, "time_zone": "Pacific Time (US & Canada)", "profile_background_image_url": "http://abs.twimg.com/images/themes/theme1/bg.png", "name": "Don", "utc_offset": -25200, "default_profile": true, "profile_image_url": "http://pbs.twimg.com/profile_images/1479734318/IMG04_normal.JPG", "profile_link_color": "1DA1F2", "geo_enabled": false, "profile_text_color": "333333", "default_profile_image": false, "verified": false, "notifications": false, "id_str": "23783299", "screen_name": "wales4me", "listed_count": 0, "has_extended_profile": false, "profile_sidebar_border_color": "C0DEED", "contributors_enabled": false, "is_translator": false, "favourites_count": 20, "friends_count": 37, "profile_background_tile": false, "profile_use_background_image": true, "followers_count": 1, "protected": false, "follow_request_sent": false, "profile_background_color": "C0DEED", "status": {"source": "<a href=\"http://twitter.com/download/android\" rel=\"nofollow\">Twitter for Android</a>", "created_at": "Fri Oct 27 01:36:26 +0000 2017", "retweeted": false, "id": 923725041036136448, "coordinates": null, "contributors": null, "id_str": "923725041036136448", "in_reply_to_status_id_str": "923181896858824705", "in_reply_to_status_id": 923181896858824705, "place": null, "lang": "en", "in_reply_to_user_id": 905095603297943554, "geo": null, "in_reply_to_user_id_str": "905095603297943554", "text": "@frostycamel @Team_Trump45 @realDonaldTrump Details.", "retweet_count": 0, "favorited": false, "is_quote_status": false, "in_reply_to_screen_name": "frostycamel", "truncated": false, "entities": {"user_mentions": [{"id": 905095603297943554, "screen_name": "frostycamel", "indices": [0, 12], "name": "Andy", "id_str": "905095603297943554"}, {"id": 3580248555, "screen_name": "Team_Trump45", "indices": [13, 26], "name": "Trumpism\u2122", "id_str": "3580248555"}, {"id": 25073877, "screen_name": "realDonaldTrump", "indices": [27, 43], "name": "Donald J. Trump", "id_str": "25073877"}], "hashtags": [], "urls": [], "symbols": []}, "favorite_count": 0}, "translator_type": "none", "url": "http://t.co/MBuagCc1vd", "profile_sidebar_fill_color": "DDEEF6", "following": false, "description": "Enjoying retirement", "profile_background_image_url_https": "https://abs.twimg.com/images/themes/theme1/bg.png", "is_translation_enabled": false, "profile_image_url_https": "https://pbs.twimg.com/profile_images/1479734318/IMG04_normal.JPG", "entities": {"url": {"urls": [{"indices": [0, 22], "url": "http://t.co/MBuagCc1vd", "display_url": "twitter.com/wales4me", "expanded_url": "https://twitter.com/wales4me"}]}, "description": {"urls": []}}, "location": "Concord, California"}
2017-10-30T23:00:04.302040	{"entities": {"url": {"urls": [{"url": "http://t.co/MBuagCc1vd", "display_url": "twitter.com/wales4me", "indices": [0, 22], "expanded_url": "https://twitter.com/wales4me"}]}, "description": {"urls": []}}, "profile_image_url": "http://pbs.twimg.com/profile_images/1479734318/IMG04_normal.JPG", "statuses_count": 31, "default_profile": true, "profile_sidebar_fill_color": "DDEEF6", "notifications": false, "name": "Don", "status": {"in_reply_to_user_id_str": "905095603297943554", "entities": {"urls": [], "symbols": [], "hashtags": [], "user_mentions": [{"indices": [0, 12], "screen_name": "frostycamel", "name": "Andy", "id_str": "905095603297943554", "id": 905095603297943554}, {"indices": [13, 26], "screen_name": "Team_Trump45", "name": "Trumpism\u2122", "id_str": "3580248555", "id": 3580248555}, {"indices": [27, 43], "screen_name": "realDonaldTrump", "name": "Donald J. Trump", "id_str": "25073877", "id": 25073877}]}, "truncated": false, "contributors": null, "favorited": false, "favorite_count": 0, "retweet_count": 0, "id": 923725041036136448, "coordinates": null, "in_reply_to_screen_name": "frostycamel", "in_reply_to_status_id": 923181896858824705, "text": "@frostycamel @Team_Trump45 @realDonaldTrump Details.", "in_reply_to_user_id": 905095603297943554, "retweeted": false, "lang": "en", "id_str": "923725041036136448", "in_reply_to_status_id_str": "923181896858824705", "geo": null, "source": "<a href=\"http://twitter.com/download/android\" rel=\"nofollow\">Twitter for Android</a>", "place": null, "created_at": "Fri Oct 27 01:36:26 +0000 2017", "is_quote_status": false}, "profile_text_color": "333333", "contributors_enabled": false, "friends_count": 37, "profile_sidebar_border_color": "C0DEED", "translator_type": "none", "lang": "en", "favourites_count": 20, "profile_image_url_https": "https://pbs.twimg.com/profile_images/1479734318/IMG04_normal.JPG", "is_translation_enabled": false, "id": 23783299, "profile_background_image_url_https": "https://abs.twimg.com/images/themes/theme1/bg.png", "default_profile_image": false, "time_zone": "Pacific Time (US & Canada)", "has_extended_profile": false, "utc_offset": -25200, "description": "Enjoying retirement", "profile_background_color": "C0DEED", "url": "http://t.co/MBuagCc1vd", "verified": false, "id_str": "23783299", "profile_use_background_image": true, "followers_count": 1, "is_translator": false, "screen_name": "wales4me", "created_at": "Wed Mar 11 16:07:12 +0000 2009", "follow_request_sent": false, "profile_background_tile": false, "profile_background_image_url": "http://abs.twimg.com/images/themes/theme1/bg.png", "following": false, "protected": false, "location": "Concord, California", "geo_enabled": false, "profile_link_color": "1DA1F2", "listed_count": 0}
2017-10-31T00:00:04.359030	{"profile_background_image_url_https": "https://abs.twimg.com/images/themes/theme1/bg.png", "location": "Concord, California", "lang": "en", "profile_sidebar_border_color": "C0DEED", "verified": false, "profile_text_color": "333333", "contributors_enabled": false, "profile_link_color": "1DA1F2", "url": "http://t.co/MBuagCc1vd", "id": 23783299, "status": {"contributors": null, "geo": null, "lang": "en", "source": "<a href=\"http://twitter.com/download/android\" rel=\"nofollow\">Twitter for Android</a>", "retweet_count": 0, "id": 923725041036136448, "is_quote_status": false, "entities": {"user_mentions": [{"screen_name": "frostycamel", "id_str": "905095603297943554", "indices": [0, 12], "name": "Andy", "id": 905095603297943554}, {"screen_name": "Team_Trump45", "id_str": "3580248555", "indices": [13, 26], "name": "Trumpism\u2122", "id": 3580248555}, {"screen_name": "realDonaldTrump", "id_str": "25073877", "indices": [27, 43], "name": "Donald J. Trump", "id": 25073877}], "hashtags": [], "symbols": [], "urls": []}, "in_reply_to_status_id": 923181896858824705, "created_at": "Fri Oct 27 01:36:26 +0000 2017", "in_reply_to_user_id_str": "905095603297943554", "truncated": false, "in_reply_to_user_id": 905095603297943554, "in_reply_to_screen_name": "frostycamel", "id_str": "923725041036136448", "place": null, "text": "@frostycamel @Team_Trump45 @realDonaldTrump Details.", "favorited": false, "favorite_count": 0, "coordinates": null, "retweeted": false, "in_reply_to_status_id_str": "923181896858824705"}, "id_str": "23783299", "protected": false, "profile_image_url": "http://pbs.twimg.com/profile_images/1479734318/IMG04_normal.JPG", "entities": {"url": {"urls": [{"expanded_url": "https://twitter.com/wales4me", "indices": [0, 22], "url": "http://t.co/MBuagCc1vd", "display_url": "twitter.com/wales4me"}]}, "description": {"urls": []}}, "listed_count": 0, "translator_type": "none", "profile_background_image_url": "http://abs.twimg.com/images/themes/theme1/bg.png", "created_at": "Wed Mar 11 16:07:12 +0000 2009", "followers_count": 1, "name": "Don", "profile_sidebar_fill_color": "DDEEF6", "follow_request_sent": false, "has_extended_profile": false, "statuses_count": 31, "utc_offset": -25200, "profile_background_color": "C0DEED", "screen_name": "wales4me", "friends_count": 37, "time_zone": "Pacific Time (US & Canada)", "favourites_count": 20, "notifications": false, "is_translator": false, "following": false, "profile_use_background_image": true, "profile_background_tile": false, "description": "Enjoying retirement", "geo_enabled": false, "is_translation_enabled": false, "default_profile_image": false, "default_profile": true, "profile_image_url_https": "https://pbs.twimg.com/profile_images/1479734318/IMG04_normal.JPG"}
2017-10-31T01:00:04.354749	{"contributors_enabled": false, "verified": false, "has_extended_profile": false, "following": false, "profile_background_image_url": "http://abs.twimg.com/images/themes/theme1/bg.png", "profile_background_image_url_https": "https://abs.twimg.com/images/themes/theme1/bg.png", "followers_count": 1, "default_profile_image": false, "id": 23783299, "profile_text_color": "333333", "favourites_count": 20, "url": "http://t.co/MBuagCc1vd", "id_str": "23783299", "time_zone": "Pacific Time (US & Canada)", "translator_type": "none", "listed_count": 0, "profile_use_background_image": true, "profile_image_url_https": "https://pbs.twimg.com/profile_images/1479734318/IMG04_normal.JPG", "statuses_count": 31, "default_profile": true, "is_translator": false, "description": "Enjoying retirement", "profile_sidebar_border_color": "C0DEED", "utc_offset": -25200, "notifications": false, "location": "Concord, California", "profile_background_tile": false, "protected": false, "profile_link_color": "1DA1F2", "follow_request_sent": false, "geo_enabled": false, "lang": "en", "name": "Don", "profile_sidebar_fill_color": "DDEEF6", "friends_count": 37, "profile_image_url": "http://pbs.twimg.com/profile_images/1479734318/IMG04_normal.JPG", "screen_name": "wales4me", "is_translation_enabled": false, "created_at": "Wed Mar 11 16:07:12 +0000 2009", "profile_background_color": "C0DEED", "entities": {"url": {"urls": [{"expanded_url": "https://twitter.com/wales4me", "indices": [0, 22], "url": "http://t.co/MBuagCc1vd", "display_url": "twitter.com/wales4me"}]}, "description": {"urls": []}}, "status": {"text": "@frostycamel @Team_Trump45 @realDonaldTrump Details.", "lang": "en", "coordinates": null, "id": 923725041036136448, "id_str": "923725041036136448", "source": "<a href=\"http://twitter.com/download/android\" rel=\"nofollow\">Twitter for Android</a>", "retweeted": false, "favorited": false, "favorite_count": 0, "place": null, "is_quote_status": false, "contributors": null, "geo": null, "in_reply_to_user_id": 905095603297943554, "retweet_count": 0, "in_reply_to_user_id_str": "905095603297943554", "truncated": false, "in_reply_to_status_id_str": "923181896858824705", "created_at": "Fri Oct 27 01:36:26 +0000 2017", "in_reply_to_screen_name": "frostycamel", "entities": {"symbols": [], "urls": [], "hashtags": [], "user_mentions": [{"id": 905095603297943554, "indices": [0, 12], "name": "Andy", "screen_name": "frostycamel", "id_str": "905095603297943554"}, {"id": 3580248555, "indices": [13, 26], "name": "Trumpism\u2122", "screen_name": "Team_Trump45", "id_str": "3580248555"}, {"id": 25073877, "indices": [27, 43], "name": "Donald J. Trump", "screen_name": "realDonaldTrump", "id_str": "25073877"}]}, "in_reply_to_status_id": 923181896858824705}}
2017-10-31T02:00:03.790221	{"following": false, "profile_background_tile": false, "follow_request_sent": false, "translator_type": "none", "profile_background_image_url_https": "https://abs.twimg.com/images/themes/theme1/bg.png", "profile_sidebar_fill_color": "DDEEF6", "default_profile": true, "listed_count": 0, "profile_text_color": "333333", "lang": "en", "profile_use_background_image": true, "contributors_enabled": false, "profile_sidebar_border_color": "C0DEED", "followers_count": 1, "profile_background_image_url": "http://abs.twimg.com/images/themes/theme1/bg.png", "geo_enabled": false, "statuses_count": 31, "favourites_count": 20, "profile_image_url_https": "https://pbs.twimg.com/profile_images/1479734318/IMG04_normal.JPG", "verified": false, "location": "Concord, California", "created_at": "Wed Mar 11 16:07:12 +0000 2009", "utc_offset": -25200, "name": "Don", "description": "Enjoying retirement", "id": 23783299, "id_str": "23783299", "profile_background_color": "C0DEED", "protected": false, "screen_name": "wales4me", "profile_link_color": "1DA1F2", "profile_image_url": "http://pbs.twimg.com/profile_images/1479734318/IMG04_normal.JPG", "time_zone": "Pacific Time (US & Canada)", "default_profile_image": false, "friends_count": 37, "has_extended_profile": false, "status": {"retweet_count": 0, "in_reply_to_status_id_str": "923181896858824705", "source": "<a href=\"http://twitter.com/download/android\" rel=\"nofollow\">Twitter for Android</a>", "text": "@frostycamel @Team_Trump45 @realDonaldTrump Details.", "contributors": null, "place": null, "in_reply_to_user_id": 905095603297943554, "in_reply_to_user_id_str": "905095603297943554", "retweeted": false, "in_reply_to_screen_name": "frostycamel", "lang": "en", "favorited": false, "id": 923725041036136448, "is_quote_status": false, "geo": null, "coordinates": null, "in_reply_to_status_id": 923181896858824705, "id_str": "923725041036136448", "favorite_count": 0, "created_at": "Fri Oct 27 01:36:26 +0000 2017", "truncated": false, "entities": {"symbols": [], "hashtags": [], "urls": [], "user_mentions": [{"id_str": "905095603297943554", "screen_name": "frostycamel", "name": "Andy", "id": 905095603297943554, "indices": [0, 12]}, {"id_str": "3580248555", "screen_name": "Team_Trump45", "name": "Trumpism\u2122", "id": 3580248555, "indices": [13, 26]}, {"id_str": "25073877", "screen_name": "realDonaldTrump", "name": "Donald J. Trump", "id": 25073877, "indices": [27, 43]}]}}, "is_translator": false, "notifications": false, "url": "http://t.co/MBuagCc1vd", "is_translation_enabled": false, "entities": {"url": {"urls": [{"url": "http://t.co/MBuagCc1vd", "display_url": "twitter.com/wales4me", "expanded_url": "https://twitter.com/wales4me", "indices": [0, 22]}]}, "description": {"urls": []}}}
2017-10-31T03:00:04.607126	{"utc_offset": -25200, "description": "Enjoying retirement", "name": "Don", "has_extended_profile": false, "geo_enabled": false, "default_profile_image": false, "friends_count": 37, "created_at": "Wed Mar 11 16:07:12 +0000 2009", "entities": {"url": {"urls": [{"url": "http://t.co/MBuagCc1vd", "indices": [0, 22], "expanded_url": "https://twitter.com/wales4me", "display_url": "twitter.com/wales4me"}]}, "description": {"urls": []}}, "protected": false, "profile_sidebar_border_color": "C0DEED", "id": 23783299, "profile_use_background_image": true, "follow_request_sent": false, "profile_sidebar_fill_color": "DDEEF6", "translator_type": "none", "profile_background_image_url": "http://abs.twimg.com/images/themes/theme1/bg.png", "profile_text_color": "333333", "profile_image_url_https": "https://pbs.twimg.com/profile_images/1479734318/IMG04_normal.JPG", "statuses_count": 31, "verified": false, "profile_image_url": "http://pbs.twimg.com/profile_images/1479734318/IMG04_normal.JPG", "url": "http://t.co/MBuagCc1vd", "is_translation_enabled": false, "profile_background_image_url_https": "https://abs.twimg.com/images/themes/theme1/bg.png", "time_zone": "Pacific Time (US & Canada)", "contributors_enabled": false, "following": false, "notifications": false, "default_profile": true, "followers_count": 1, "profile_link_color": "1DA1F2", "is_translator": false, "profile_background_tile": false, "id_str": "23783299", "status": {"text": "@frostycamel @Team_Trump45 @realDonaldTrump Details.", "coordinates": null, "is_quote_status": false, "created_at": "Fri Oct 27 01:36:26 +0000 2017", "entities": {"symbols": [], "hashtags": [], "urls": [], "user_mentions": [{"indices": [0, 12], "name": "Andy", "id": 905095603297943554, "screen_name": "frostycamel", "id_str": "905095603297943554"}, {"indices": [13, 26], "name": "Trumpism\u2122", "id": 3580248555, "screen_name": "Team_Trump45", "id_str": "3580248555"}, {"indices": [27, 43], "name": "Donald J. Trump", "id": 25073877, "screen_name": "realDonaldTrump", "id_str": "25073877"}]}, "favorited": false, "id": 923725041036136448, "retweet_count": 0, "retweeted": false, "in_reply_to_user_id": 905095603297943554, "contributors": null, "favorite_count": 0, "source": "<a href=\"http://twitter.com/download/android\" rel=\"nofollow\">Twitter for Android</a>", "geo": null, "lang": "en", "truncated": false, "in_reply_to_user_id_str": "905095603297943554", "in_reply_to_status_id_str": "923181896858824705", "in_reply_to_status_id": 923181896858824705, "place": null, "in_reply_to_screen_name": "frostycamel", "id_str": "923725041036136448"}, "location": "Concord, California", "listed_count": 0, "lang": "en", "favourites_count": 20, "screen_name": "wales4me", "profile_background_color": "C0DEED"}
2017-10-31T04:00:04.685740	{"id": 23783299, "has_extended_profile": false, "favourites_count": 20, "time_zone": "Pacific Time (US & Canada)", "notifications": false, "follow_request_sent": false, "protected": false, "url": "http://t.co/MBuagCc1vd", "created_at": "Wed Mar 11 16:07:12 +0000 2009", "screen_name": "wales4me", "verified": false, "geo_enabled": false, "profile_background_image_url_https": "https://abs.twimg.com/images/themes/theme1/bg.png", "is_translator": false, "listed_count": 0, "profile_image_url": "http://pbs.twimg.com/profile_images/1479734318/IMG04_normal.JPG", "profile_use_background_image": true, "profile_sidebar_border_color": "C0DEED", "entities": {"description": {"urls": []}, "url": {"urls": [{"expanded_url": "https://twitter.com/wales4me", "display_url": "twitter.com/wales4me", "url": "http://t.co/MBuagCc1vd", "indices": [0, 22]}]}}, "statuses_count": 31, "profile_background_image_url": "http://abs.twimg.com/images/themes/theme1/bg.png", "followers_count": 1, "utc_offset": -25200, "profile_image_url_https": "https://pbs.twimg.com/profile_images/1479734318/IMG04_normal.JPG", "contributors_enabled": false, "lang": "en", "name": "Don", "profile_background_color": "C0DEED", "id_str": "23783299", "profile_background_tile": false, "is_translation_enabled": false, "translator_type": "none", "profile_link_color": "1DA1F2", "profile_sidebar_fill_color": "DDEEF6", "friends_count": 37, "status": {"id": 923725041036136448, "in_reply_to_status_id": 923181896858824705, "in_reply_to_user_id": 905095603297943554, "created_at": "Fri Oct 27 01:36:26 +0000 2017", "coordinates": null, "geo": null, "id_str": "923725041036136448", "source": "<a href=\"http://twitter.com/download/android\" rel=\"nofollow\">Twitter for Android</a>", "in_reply_to_status_id_str": "923181896858824705", "truncated": false, "entities": {"urls": [], "hashtags": [], "symbols": [], "user_mentions": [{"id": 905095603297943554, "id_str": "905095603297943554", "screen_name": "frostycamel", "name": "Andy", "indices": [0, 12]}, {"id": 3580248555, "id_str": "3580248555", "screen_name": "Team_Trump45", "name": "Trumpism\u2122", "indices": [13, 26]}, {"id": 25073877, "id_str": "25073877", "screen_name": "realDonaldTrump", "name": "Donald J. Trump", "indices": [27, 43]}]}, "retweet_count": 0, "contributors": null, "favorited": false, "lang": "en", "place": null, "in_reply_to_screen_name": "frostycamel", "favorite_count": 0, "retweeted": false, "in_reply_to_user_id_str": "905095603297943554", "text": "@frostycamel @Team_Trump45 @realDonaldTrump Details.", "is_quote_status": false}, "profile_text_color": "333333", "default_profile": true, "following": false, "default_profile_image": false, "description": "Enjoying retirement", "location": "Concord, California"}
2017-10-31T05:00:04.210403	{"time_zone": "Pacific Time (US & Canada)", "geo_enabled": false, "is_translation_enabled": false, "profile_text_color": "333333", "default_profile": true, "protected": false, "contributors_enabled": false, "location": "Concord, California", "favourites_count": 20, "utc_offset": -25200, "profile_sidebar_fill_color": "DDEEF6", "listed_count": 0, "profile_use_background_image": true, "description": "Enjoying retirement", "follow_request_sent": false, "screen_name": "wales4me", "notifications": false, "followers_count": 1, "is_translator": false, "profile_background_color": "C0DEED", "lang": "en", "id": 23783299, "name": "Don", "translator_type": "none", "url": "http://t.co/MBuagCc1vd", "profile_background_image_url": "http://abs.twimg.com/images/themes/theme1/bg.png", "created_at": "Wed Mar 11 16:07:12 +0000 2009", "profile_image_url": "http://pbs.twimg.com/profile_images/1479734318/IMG04_normal.JPG", "default_profile_image": false, "profile_background_tile": false, "profile_sidebar_border_color": "C0DEED", "verified": false, "has_extended_profile": false, "status": {"in_reply_to_user_id_str": "905095603297943554", "truncated": false, "text": "@frostycamel @Team_Trump45 @realDonaldTrump Details.", "favorited": false, "favorite_count": 0, "geo": null, "source": "<a href=\"http://twitter.com/download/android\" rel=\"nofollow\">Twitter for Android</a>", "retweet_count": 0, "lang": "en", "contributors": null, "id": 923725041036136448, "in_reply_to_screen_name": "frostycamel", "place": null, "created_at": "Fri Oct 27 01:36:26 +0000 2017", "in_reply_to_status_id": 923181896858824705, "coordinates": null, "retweeted": false, "entities": {"symbols": [], "urls": [], "user_mentions": [{"indices": [0, 12], "id": 905095603297943554, "name": "Andy", "id_str": "905095603297943554", "screen_name": "frostycamel"}, {"indices": [13, 26], "id": 3580248555, "name": "Trumpism\u2122", "id_str": "3580248555", "screen_name": "Team_Trump45"}, {"indices": [27, 43], "id": 25073877, "name": "Donald J. Trump", "id_str": "25073877", "screen_name": "realDonaldTrump"}], "hashtags": []}, "in_reply_to_user_id": 905095603297943554, "is_quote_status": false, "id_str": "923725041036136448", "in_reply_to_status_id_str": "923181896858824705"}, "profile_link_color": "1DA1F2", "entities": {"description": {"urls": []}, "url": {"urls": [{"indices": [0, 22], "display_url": "twitter.com/wales4me", "expanded_url": "https://twitter.com/wales4me", "url": "http://t.co/MBuagCc1vd"}]}}, "statuses_count": 31, "profile_background_image_url_https": "https://abs.twimg.com/images/themes/theme1/bg.png", "profile_image_url_https": "https://pbs.twimg.com/profile_images/1479734318/IMG04_normal.JPG", "id_str": "23783299", "following": false, "friends_count": 37}
2017-10-31T06:00:04.493033	{"id": 23783299, "profile_image_url_https": "https://pbs.twimg.com/profile_images/1479734318/IMG04_normal.JPG", "entities": {"url": {"urls": [{"display_url": "twitter.com/wales4me", "url": "http://t.co/MBuagCc1vd", "indices": [0, 22], "expanded_url": "https://twitter.com/wales4me"}]}, "description": {"urls": []}}, "verified": false, "profile_background_image_url": "http://abs.twimg.com/images/themes/theme1/bg.png", "follow_request_sent": false, "favourites_count": 20, "url": "http://t.co/MBuagCc1vd", "notifications": false, "geo_enabled": false, "profile_use_background_image": true, "utc_offset": -25200, "profile_background_color": "C0DEED", "statuses_count": 31, "followers_count": 1, "profile_text_color": "333333", "time_zone": "Pacific Time (US & Canada)", "default_profile": true, "location": "Concord, California", "profile_link_color": "1DA1F2", "name": "Don", "has_extended_profile": false, "friends_count": 37, "listed_count": 0, "is_translator": false, "profile_background_image_url_https": "https://abs.twimg.com/images/themes/theme1/bg.png", "profile_sidebar_border_color": "C0DEED", "translator_type": "none", "profile_sidebar_fill_color": "DDEEF6", "lang": "en", "profile_image_url": "http://pbs.twimg.com/profile_images/1479734318/IMG04_normal.JPG", "id_str": "23783299", "screen_name": "wales4me", "protected": false, "profile_background_tile": false, "created_at": "Wed Mar 11 16:07:12 +0000 2009", "default_profile_image": false, "following": false, "status": {"id": 923725041036136448, "coordinates": null, "in_reply_to_status_id_str": "923181896858824705", "is_quote_status": false, "geo": null, "place": null, "entities": {"hashtags": [], "urls": [], "user_mentions": [{"name": "Andy", "id": 905095603297943554, "screen_name": "frostycamel", "indices": [0, 12], "id_str": "905095603297943554"}, {"name": "Trumpism\u2122", "id": 3580248555, "screen_name": "Team_Trump45", "indices": [13, 26], "id_str": "3580248555"}, {"name": "Donald J. Trump", "id": 25073877, "screen_name": "realDonaldTrump", "indices": [27, 43], "id_str": "25073877"}], "symbols": []}, "in_reply_to_user_id": 905095603297943554, "in_reply_to_screen_name": "frostycamel", "in_reply_to_user_id_str": "905095603297943554", "retweeted": false, "source": "<a href=\"http://twitter.com/download/android\" rel=\"nofollow\">Twitter for Android</a>", "favorited": false, "contributors": null, "id_str": "923725041036136448", "favorite_count": 0, "truncated": false, "lang": "en", "in_reply_to_status_id": 923181896858824705, "text": "@frostycamel @Team_Trump45 @realDonaldTrump Details.", "created_at": "Fri Oct 27 01:36:26 +0000 2017", "retweet_count": 0}, "is_translation_enabled": false, "contributors_enabled": false, "description": "Enjoying retirement"}
2017-10-31T07:00:03.994117	{"id": 23783299, "geo_enabled": false, "profile_use_background_image": true, "profile_image_url_https": "https://pbs.twimg.com/profile_images/1479734318/IMG04_normal.JPG", "profile_text_color": "333333", "follow_request_sent": false, "profile_sidebar_border_color": "C0DEED", "favourites_count": 20, "following": false, "has_extended_profile": false, "location": "Concord, California", "translator_type": "none", "profile_background_image_url_https": "https://abs.twimg.com/images/themes/theme1/bg.png", "default_profile": true, "utc_offset": -25200, "status": {"id": 923725041036136448, "retweeted": false, "in_reply_to_screen_name": "frostycamel", "in_reply_to_status_id_str": "923181896858824705", "in_reply_to_status_id": 923181896858824705, "contributors": null, "text": "@frostycamel @Team_Trump45 @realDonaldTrump Details.", "is_quote_status": false, "truncated": false, "retweet_count": 0, "in_reply_to_user_id_str": "905095603297943554", "place": null, "favorite_count": 0, "coordinates": null, "id_str": "923725041036136448", "created_at": "Fri Oct 27 01:36:26 +0000 2017", "entities": {"symbols": [], "user_mentions": [{"screen_name": "frostycamel", "id": 905095603297943554, "name": "Andy", "id_str": "905095603297943554", "indices": [0, 12]}, {"screen_name": "Team_Trump45", "id": 3580248555, "name": "Trumpism\u2122", "id_str": "3580248555", "indices": [13, 26]}, {"screen_name": "realDonaldTrump", "id": 25073877, "name": "Donald J. Trump", "id_str": "25073877", "indices": [27, 43]}], "hashtags": [], "urls": []}, "in_reply_to_user_id": 905095603297943554, "favorited": false, "lang": "en", "geo": null, "source": "<a href=\"http://twitter.com/download/android\" rel=\"nofollow\">Twitter for Android</a>"}, "time_zone": "Pacific Time (US & Canada)", "description": "Enjoying retirement", "friends_count": 37, "profile_link_color": "1DA1F2", "name": "Don", "followers_count": 1, "profile_background_image_url": "http://abs.twimg.com/images/themes/theme1/bg.png", "contributors_enabled": false, "default_profile_image": false, "lang": "en", "statuses_count": 31, "url": "http://t.co/MBuagCc1vd", "profile_sidebar_fill_color": "DDEEF6", "id_str": "23783299", "verified": false, "created_at": "Wed Mar 11 16:07:12 +0000 2009", "entities": {"url": {"urls": [{"url": "http://t.co/MBuagCc1vd", "indices": [0, 22], "expanded_url": "https://twitter.com/wales4me", "display_url": "twitter.com/wales4me"}]}, "description": {"urls": []}}, "listed_count": 0, "is_translator": false, "profile_image_url": "http://pbs.twimg.com/profile_images/1479734318/IMG04_normal.JPG", "screen_name": "wales4me", "profile_background_tile": false, "notifications": false, "protected": false, "profile_background_color": "C0DEED", "is_translation_enabled": false}
2017-10-31T08:00:04.109687	{"following": false, "profile_text_color": "333333", "favourites_count": 20, "translator_type": "none", "profile_image_url": "http://pbs.twimg.com/profile_images/1479734318/IMG04_normal.JPG", "lang": "en", "id_str": "23783299", "url": "http://t.co/MBuagCc1vd", "profile_sidebar_fill_color": "DDEEF6", "geo_enabled": false, "profile_background_image_url": "http://abs.twimg.com/images/themes/theme1/bg.png", "profile_background_tile": false, "utc_offset": -25200, "default_profile_image": false, "statuses_count": 31, "profile_link_color": "1DA1F2", "verified": false, "profile_use_background_image": true, "entities": {"url": {"urls": [{"indices": [0, 22], "url": "http://t.co/MBuagCc1vd", "expanded_url": "https://twitter.com/wales4me", "display_url": "twitter.com/wales4me"}]}, "description": {"urls": []}}, "notifications": false, "profile_image_url_https": "https://pbs.twimg.com/profile_images/1479734318/IMG04_normal.JPG", "followers_count": 1, "profile_sidebar_border_color": "C0DEED", "default_profile": true, "time_zone": "Pacific Time (US & Canada)", "friends_count": 37, "profile_background_color": "C0DEED", "has_extended_profile": false, "location": "Concord, California", "name": "Don", "id": 23783299, "description": "Enjoying retirement", "is_translator": false, "protected": false, "profile_background_image_url_https": "https://abs.twimg.com/images/themes/theme1/bg.png", "is_translation_enabled": false, "contributors_enabled": false, "follow_request_sent": false, "created_at": "Wed Mar 11 16:07:12 +0000 2009", "screen_name": "wales4me", "listed_count": 0, "status": {"geo": null, "in_reply_to_status_id": 923181896858824705, "text": "@frostycamel @Team_Trump45 @realDonaldTrump Details.", "id_str": "923725041036136448", "retweet_count": 0, "retweeted": false, "favorited": false, "entities": {"hashtags": [], "user_mentions": [{"indices": [0, 12], "name": "Andy", "screen_name": "frostycamel", "id": 905095603297943554, "id_str": "905095603297943554"}, {"indices": [13, 26], "name": "Trumpism\u2122", "screen_name": "Team_Trump45", "id": 3580248555, "id_str": "3580248555"}, {"indices": [27, 43], "name": "Donald J. Trump", "screen_name": "realDonaldTrump", "id": 25073877, "id_str": "25073877"}], "symbols": [], "urls": []}, "in_reply_to_user_id_str": "905095603297943554", "truncated": false, "in_reply_to_status_id_str": "923181896858824705", "lang": "en", "place": null, "favorite_count": 0, "contributors": null, "id": 923725041036136448, "source": "<a href=\"http://twitter.com/download/android\" rel=\"nofollow\">Twitter for Android</a>", "is_quote_status": false, "in_reply_to_screen_name": "frostycamel", "coordinates": null, "in_reply_to_user_id": 905095603297943554, "created_at": "Fri Oct 27 01:36:26 +0000 2017"}}
2017-10-31T09:00:04.128568	{"status": {"in_reply_to_status_id_str": "923181896858824705", "id_str": "923725041036136448", "retweeted": false, "truncated": false, "entities": {"symbols": [], "user_mentions": [{"screen_name": "frostycamel", "indices": [0, 12], "name": "Andy", "id_str": "905095603297943554", "id": 905095603297943554}, {"screen_name": "Team_Trump45", "indices": [13, 26], "name": "Trumpism\u2122", "id_str": "3580248555", "id": 3580248555}, {"screen_name": "realDonaldTrump", "indices": [27, 43], "name": "Donald J. Trump", "id_str": "25073877", "id": 25073877}], "urls": [], "hashtags": []}, "text": "@frostycamel @Team_Trump45 @realDonaldTrump Details.", "favorited": false, "in_reply_to_user_id_str": "905095603297943554", "created_at": "Fri Oct 27 01:36:26 +0000 2017", "in_reply_to_screen_name": "frostycamel", "favorite_count": 0, "lang": "en", "place": null, "contributors": null, "coordinates": null, "geo": null, "id": 923725041036136448, "in_reply_to_user_id": 905095603297943554, "source": "<a href=\"http://twitter.com/download/android\" rel=\"nofollow\">Twitter for Android</a>", "retweet_count": 0, "is_quote_status": false, "in_reply_to_status_id": 923181896858824705}, "profile_image_url_https": "https://pbs.twimg.com/profile_images/1479734318/IMG04_normal.JPG", "follow_request_sent": false, "profile_sidebar_border_color": "C0DEED", "profile_image_url": "http://pbs.twimg.com/profile_images/1479734318/IMG04_normal.JPG", "is_translator": false, "screen_name": "wales4me", "profile_sidebar_fill_color": "DDEEF6", "profile_background_image_url": "http://abs.twimg.com/images/themes/theme1/bg.png", "statuses_count": 31, "id": 23783299, "profile_background_color": "C0DEED", "default_profile": true, "created_at": "Wed Mar 11 16:07:12 +0000 2009", "contributors_enabled": false, "location": "Concord, California", "followers_count": 1, "listed_count": 0, "has_extended_profile": false, "lang": "en", "geo_enabled": false, "url": "http://t.co/MBuagCc1vd", "friends_count": 37, "following": false, "translator_type": "none", "notifications": false, "profile_use_background_image": true, "id_str": "23783299", "name": "Don", "time_zone": "Pacific Time (US & Canada)", "verified": false, "default_profile_image": false, "utc_offset": -25200, "protected": false, "favourites_count": 20, "profile_background_image_url_https": "https://abs.twimg.com/images/themes/theme1/bg.png", "description": "Enjoying retirement", "profile_link_color": "1DA1F2", "is_translation_enabled": false, "profile_text_color": "333333", "entities": {"url": {"urls": [{"url": "http://t.co/MBuagCc1vd", "expanded_url": "https://twitter.com/wales4me", "display_url": "twitter.com/wales4me", "indices": [0, 22]}]}, "description": {"urls": []}}, "profile_background_tile": false}
2017-10-31T10:00:04.589310	{"listed_count": 0, "profile_sidebar_fill_color": "DDEEF6", "is_translator": false, "protected": false, "profile_image_url": "http://pbs.twimg.com/profile_images/1479734318/IMG04_normal.JPG", "time_zone": "Pacific Time (US & Canada)", "url": "http://t.co/MBuagCc1vd", "following": false, "created_at": "Wed Mar 11 16:07:12 +0000 2009", "has_extended_profile": false, "default_profile_image": false, "profile_background_color": "C0DEED", "screen_name": "wales4me", "notifications": false, "profile_sidebar_border_color": "C0DEED", "profile_background_image_url": "http://abs.twimg.com/images/themes/theme1/bg.png", "profile_image_url_https": "https://pbs.twimg.com/profile_images/1479734318/IMG04_normal.JPG", "profile_background_image_url_https": "https://abs.twimg.com/images/themes/theme1/bg.png", "verified": false, "status": {"retweet_count": 0, "in_reply_to_status_id_str": "923181896858824705", "favorite_count": 0, "created_at": "Fri Oct 27 01:36:26 +0000 2017", "lang": "en", "is_quote_status": false, "source": "<a href=\"http://twitter.com/download/android\" rel=\"nofollow\">Twitter for Android</a>", "id_str": "923725041036136448", "in_reply_to_screen_name": "frostycamel", "place": null, "text": "@frostycamel @Team_Trump45 @realDonaldTrump Details.", "id": 923725041036136448, "coordinates": null, "entities": {"symbols": [], "urls": [], "hashtags": [], "user_mentions": [{"name": "Andy", "id_str": "905095603297943554", "screen_name": "frostycamel", "id": 905095603297943554, "indices": [0, 12]}, {"name": "Trumpism\u2122", "id_str": "3580248555", "screen_name": "Team_Trump45", "id": 3580248555, "indices": [13, 26]}, {"name": "Donald J. Trump", "id_str": "25073877", "screen_name": "realDonaldTrump", "id": 25073877, "indices": [27, 43]}]}, "contributors": null, "geo": null, "retweeted": false, "in_reply_to_user_id_str": "905095603297943554", "in_reply_to_status_id": 923181896858824705, "favorited": false, "in_reply_to_user_id": 905095603297943554, "truncated": false}, "profile_use_background_image": true, "favourites_count": 20, "id_str": "23783299", "default_profile": true, "id": 23783299, "is_translation_enabled": false, "entities": {"url": {"urls": [{"url": "http://t.co/MBuagCc1vd", "indices": [0, 22], "expanded_url": "https://twitter.com/wales4me", "display_url": "twitter.com/wales4me"}]}, "description": {"urls": []}}, "statuses_count": 31, "contributors_enabled": false, "name": "Don", "geo_enabled": false, "follow_request_sent": false, "translator_type": "none", "description": "Enjoying retirement", "lang": "en", "profile_link_color": "1DA1F2", "friends_count": 37, "location": "Concord, California", "utc_offset": -25200, "followers_count": 1, "profile_text_color": "333333", "profile_background_tile": false}
2017-10-31T11:00:03.989901	{"protected": false, "notifications": false, "profile_use_background_image": true, "listed_count": 0, "has_extended_profile": false, "profile_background_image_url": "http://abs.twimg.com/images/themes/theme1/bg.png", "profile_text_color": "333333", "friends_count": 37, "screen_name": "wales4me", "default_profile": true, "geo_enabled": false, "id_str": "23783299", "profile_image_url_https": "https://pbs.twimg.com/profile_images/1479734318/IMG04_normal.JPG", "favourites_count": 20, "default_profile_image": false, "lang": "en", "profile_sidebar_fill_color": "DDEEF6", "follow_request_sent": false, "verified": false, "created_at": "Wed Mar 11 16:07:12 +0000 2009", "name": "Don", "time_zone": "Pacific Time (US & Canada)", "description": "Enjoying retirement", "is_translation_enabled": false, "id": 23783299, "url": "http://t.co/MBuagCc1vd", "profile_background_image_url_https": "https://abs.twimg.com/images/themes/theme1/bg.png", "profile_background_color": "C0DEED", "entities": {"description": {"urls": []}, "url": {"urls": [{"display_url": "twitter.com/wales4me", "url": "http://t.co/MBuagCc1vd", "indices": [0, 22], "expanded_url": "https://twitter.com/wales4me"}]}}, "translator_type": "none", "location": "Concord, California", "following": false, "profile_image_url": "http://pbs.twimg.com/profile_images/1479734318/IMG04_normal.JPG", "profile_background_tile": false, "contributors_enabled": false, "is_translator": false, "followers_count": 1, "profile_link_color": "1DA1F2", "statuses_count": 31, "utc_offset": -25200, "status": {"created_at": "Fri Oct 27 01:36:26 +0000 2017", "in_reply_to_status_id_str": "923181896858824705", "place": null, "text": "@frostycamel @Team_Trump45 @realDonaldTrump Details.", "id": 923725041036136448, "id_str": "923725041036136448", "in_reply_to_status_id": 923181896858824705, "retweet_count": 0, "in_reply_to_user_id": 905095603297943554, "geo": null, "coordinates": null, "favorite_count": 0, "is_quote_status": false, "truncated": false, "source": "<a href=\"http://twitter.com/download/android\" rel=\"nofollow\">Twitter for Android</a>", "entities": {"symbols": [], "hashtags": [], "user_mentions": [{"screen_name": "frostycamel", "id": 905095603297943554, "indices": [0, 12], "name": "Andy", "id_str": "905095603297943554"}, {"screen_name": "Team_Trump45", "id": 3580248555, "indices": [13, 26], "name": "Trumpism\u2122", "id_str": "3580248555"}, {"screen_name": "realDonaldTrump", "id": 25073877, "indices": [27, 43], "name": "Donald J. Trump", "id_str": "25073877"}], "urls": []}, "in_reply_to_screen_name": "frostycamel", "retweeted": false, "in_reply_to_user_id_str": "905095603297943554", "lang": "en", "favorited": false, "contributors": null}, "profile_sidebar_border_color": "C0DEED"}
2017-10-31T12:00:03.949653	{"name": "Don", "listed_count": 0, "id_str": "23783299", "url": "http://t.co/MBuagCc1vd", "follow_request_sent": false, "lang": "en", "profile_sidebar_border_color": "C0DEED", "profile_use_background_image": true, "translator_type": "none", "profile_image_url_https": "https://pbs.twimg.com/profile_images/1479734318/IMG04_normal.JPG", "default_profile_image": false, "notifications": false, "profile_text_color": "333333", "default_profile": true, "favourites_count": 20, "is_translation_enabled": false, "profile_background_color": "C0DEED", "verified": false, "id": 23783299, "utc_offset": -25200, "protected": false, "time_zone": "Pacific Time (US & Canada)", "profile_image_url": "http://pbs.twimg.com/profile_images/1479734318/IMG04_normal.JPG", "statuses_count": 31, "profile_background_image_url_https": "https://abs.twimg.com/images/themes/theme1/bg.png", "profile_background_image_url": "http://abs.twimg.com/images/themes/theme1/bg.png", "geo_enabled": false, "profile_sidebar_fill_color": "DDEEF6", "profile_background_tile": false, "is_translator": false, "created_at": "Wed Mar 11 16:07:12 +0000 2009", "entities": {"description": {"urls": []}, "url": {"urls": [{"indices": [0, 22], "display_url": "twitter.com/wales4me", "expanded_url": "https://twitter.com/wales4me", "url": "http://t.co/MBuagCc1vd"}]}}, "profile_link_color": "1DA1F2", "status": {"source": "<a href=\"http://twitter.com/download/android\" rel=\"nofollow\">Twitter for Android</a>", "id_str": "923725041036136448", "lang": "en", "in_reply_to_status_id_str": "923181896858824705", "geo": null, "text": "@frostycamel @Team_Trump45 @realDonaldTrump Details.", "in_reply_to_user_id_str": "905095603297943554", "id": 923725041036136448, "in_reply_to_user_id": 905095603297943554, "retweeted": false, "favorited": false, "retweet_count": 0, "is_quote_status": false, "created_at": "Fri Oct 27 01:36:26 +0000 2017", "entities": {"user_mentions": [{"screen_name": "frostycamel", "indices": [0, 12], "id": 905095603297943554, "name": "Andy", "id_str": "905095603297943554"}, {"screen_name": "Team_Trump45", "indices": [13, 26], "id": 3580248555, "name": "Trumpism\u2122", "id_str": "3580248555"}, {"screen_name": "realDonaldTrump", "indices": [27, 43], "id": 25073877, "name": "Donald J. Trump", "id_str": "25073877"}], "hashtags": [], "urls": [], "symbols": []}, "in_reply_to_status_id": 923181896858824705, "truncated": false, "coordinates": null, "favorite_count": 0, "contributors": null, "in_reply_to_screen_name": "frostycamel", "place": null}, "friends_count": 37, "location": "Concord, California", "description": "Enjoying retirement", "screen_name": "wales4me", "following": false, "followers_count": 1, "has_extended_profile": false, "contributors_enabled": false}
2017-10-31T13:00:04.156870	{"id_str": "23783299", "utc_offset": -25200, "is_translator": false, "profile_use_background_image": true, "contributors_enabled": false, "translator_type": "none", "profile_background_tile": false, "profile_image_url_https": "https://pbs.twimg.com/profile_images/1479734318/IMG04_normal.JPG", "statuses_count": 31, "geo_enabled": false, "default_profile": true, "profile_background_image_url": "http://abs.twimg.com/images/themes/theme1/bg.png", "lang": "en", "entities": {"description": {"urls": []}, "url": {"urls": [{"indices": [0, 22], "display_url": "twitter.com/wales4me", "expanded_url": "https://twitter.com/wales4me", "url": "http://t.co/MBuagCc1vd"}]}}, "notifications": false, "profile_sidebar_border_color": "C0DEED", "name": "Don", "verified": false, "description": "Enjoying retirement", "profile_background_color": "C0DEED", "protected": false, "screen_name": "wales4me", "profile_image_url": "http://pbs.twimg.com/profile_images/1479734318/IMG04_normal.JPG", "profile_link_color": "1DA1F2", "is_translation_enabled": false, "id": 23783299, "friends_count": 37, "listed_count": 0, "time_zone": "Pacific Time (US & Canada)", "profile_sidebar_fill_color": "DDEEF6", "created_at": "Wed Mar 11 16:07:12 +0000 2009", "followers_count": 1, "follow_request_sent": false, "following": false, "url": "http://t.co/MBuagCc1vd", "has_extended_profile": false, "location": "Concord, California", "profile_text_color": "333333", "profile_background_image_url_https": "https://abs.twimg.com/images/themes/theme1/bg.png", "default_profile_image": false, "favourites_count": 20, "status": {"id_str": "923725041036136448", "source": "<a href=\"http://twitter.com/download/android\" rel=\"nofollow\">Twitter for Android</a>", "in_reply_to_screen_name": "frostycamel", "truncated": false, "in_reply_to_status_id": 923181896858824705, "in_reply_to_user_id_str": "905095603297943554", "retweeted": false, "favorited": false, "text": "@frostycamel @Team_Trump45 @realDonaldTrump Details.", "favorite_count": 0, "geo": null, "entities": {"symbols": [], "hashtags": [], "urls": [], "user_mentions": [{"id": 905095603297943554, "id_str": "905095603297943554", "indices": [0, 12], "screen_name": "frostycamel", "name": "Andy"}, {"id": 3580248555, "id_str": "3580248555", "indices": [13, 26], "screen_name": "Team_Trump45", "name": "Trumpism\u2122"}, {"id": 25073877, "id_str": "25073877", "indices": [27, 43], "screen_name": "realDonaldTrump", "name": "Donald J. Trump"}]}, "coordinates": null, "place": null, "contributors": null, "in_reply_to_user_id": 905095603297943554, "retweet_count": 0, "id": 923725041036136448, "in_reply_to_status_id_str": "923181896858824705", "lang": "en", "is_quote_status": false, "created_at": "Fri Oct 27 01:36:26 +0000 2017"}}
2017-10-31T14:00:04.323554	{"follow_request_sent": false, "listed_count": 0, "status": {"in_reply_to_status_id": 923181896858824705, "text": "@frostycamel @Team_Trump45 @realDonaldTrump Details.", "id_str": "923725041036136448", "retweet_count": 0, "lang": "en", "in_reply_to_status_id_str": "923181896858824705", "favorite_count": 0, "in_reply_to_user_id": 905095603297943554, "place": null, "created_at": "Fri Oct 27 01:36:26 +0000 2017", "truncated": false, "geo": null, "in_reply_to_screen_name": "frostycamel", "in_reply_to_user_id_str": "905095603297943554", "source": "<a href=\"http://twitter.com/download/android\" rel=\"nofollow\">Twitter for Android</a>", "retweeted": false, "id": 923725041036136448, "entities": {"hashtags": [], "urls": [], "symbols": [], "user_mentions": [{"id": 905095603297943554, "screen_name": "frostycamel", "id_str": "905095603297943554", "indices": [0, 12], "name": "Andy"}, {"id": 3580248555, "screen_name": "Team_Trump45", "id_str": "3580248555", "indices": [13, 26], "name": "Trumpism\u2122"}, {"id": 25073877, "screen_name": "realDonaldTrump", "id_str": "25073877", "indices": [27, 43], "name": "Donald J. Trump"}]}, "coordinates": null, "favorited": false, "is_quote_status": false, "contributors": null}, "favourites_count": 20, "url": "http://t.co/MBuagCc1vd", "default_profile_image": false, "profile_link_color": "1DA1F2", "id_str": "23783299", "profile_background_image_url_https": "https://abs.twimg.com/images/themes/theme1/bg.png", "profile_text_color": "333333", "profile_background_color": "C0DEED", "is_translator": false, "time_zone": "Pacific Time (US & Canada)", "lang": "en", "geo_enabled": false, "profile_image_url_https": "https://pbs.twimg.com/profile_images/1479734318/IMG04_normal.JPG", "profile_sidebar_fill_color": "DDEEF6", "following": false, "created_at": "Wed Mar 11 16:07:12 +0000 2009", "location": "Concord, California", "profile_background_tile": false, "profile_background_image_url": "http://abs.twimg.com/images/themes/theme1/bg.png", "friends_count": 37, "is_translation_enabled": false, "name": "Don", "followers_count": 1, "statuses_count": 31, "profile_image_url": "http://pbs.twimg.com/profile_images/1479734318/IMG04_normal.JPG", "translator_type": "none", "description": "Enjoying retirement", "id": 23783299, "verified": false, "protected": false, "entities": {"url": {"urls": [{"url": "http://t.co/MBuagCc1vd", "expanded_url": "https://twitter.com/wales4me", "indices": [0, 22], "display_url": "twitter.com/wales4me"}]}, "description": {"urls": []}}, "screen_name": "wales4me", "contributors_enabled": false, "has_extended_profile": false, "profile_use_background_image": true, "utc_offset": -25200, "notifications": false, "default_profile": true, "profile_sidebar_border_color": "C0DEED"}
2017-10-31T15:00:04.953243	{"profile_sidebar_border_color": "C0DEED", "id_str": "23783299", "profile_sidebar_fill_color": "DDEEF6", "is_translator": false, "profile_text_color": "333333", "url": "http://t.co/MBuagCc1vd", "profile_image_url_https": "https://pbs.twimg.com/profile_images/1479734318/IMG04_normal.JPG", "protected": false, "utc_offset": -25200, "profile_use_background_image": true, "time_zone": "Pacific Time (US & Canada)", "location": "Concord, California", "name": "Don", "listed_count": 0, "is_translation_enabled": false, "created_at": "Wed Mar 11 16:07:12 +0000 2009", "has_extended_profile": false, "notifications": false, "status": {"id_str": "923725041036136448", "retweeted": false, "place": null, "in_reply_to_status_id_str": "923181896858824705", "in_reply_to_user_id": 905095603297943554, "favorite_count": 0, "created_at": "Fri Oct 27 01:36:26 +0000 2017", "retweet_count": 0, "geo": null, "in_reply_to_user_id_str": "905095603297943554", "coordinates": null, "lang": "en", "id": 923725041036136448, "contributors": null, "truncated": false, "text": "@frostycamel @Team_Trump45 @realDonaldTrump Details.", "entities": {"user_mentions": [{"indices": [0, 12], "name": "Andy", "id_str": "905095603297943554", "screen_name": "frostycamel", "id": 905095603297943554}, {"indices": [13, 26], "name": "Trumpism\u2122", "id_str": "3580248555", "screen_name": "Team_Trump45", "id": 3580248555}, {"indices": [27, 43], "name": "Donald J. Trump", "id_str": "25073877", "screen_name": "realDonaldTrump", "id": 25073877}], "symbols": [], "hashtags": [], "urls": []}, "in_reply_to_status_id": 923181896858824705, "is_quote_status": false, "favorited": false, "source": "<a href=\"http://twitter.com/download/android\" rel=\"nofollow\">Twitter for Android</a>", "in_reply_to_screen_name": "frostycamel"}, "profile_background_tile": false, "contributors_enabled": false, "translator_type": "none", "profile_link_color": "1DA1F2", "lang": "en", "id": 23783299, "favourites_count": 20, "statuses_count": 31, "verified": false, "default_profile": true, "entities": {"description": {"urls": []}, "url": {"urls": [{"indices": [0, 22], "display_url": "twitter.com/wales4me", "url": "http://t.co/MBuagCc1vd", "expanded_url": "https://twitter.com/wales4me"}]}}, "profile_image_url": "http://pbs.twimg.com/profile_images/1479734318/IMG04_normal.JPG", "profile_background_image_url_https": "https://abs.twimg.com/images/themes/theme1/bg.png", "default_profile_image": false, "followers_count": 1, "friends_count": 37, "profile_background_image_url": "http://abs.twimg.com/images/themes/theme1/bg.png", "profile_background_color": "C0DEED", "description": "Enjoying retirement", "follow_request_sent": false, "geo_enabled": false, "following": false, "screen_name": "wales4me"}
2017-10-31T16:00:04.407985	{"time_zone": "Pacific Time (US & Canada)", "profile_background_tile": false, "friends_count": 37, "description": "Enjoying retirement", "statuses_count": 31, "profile_link_color": "1DA1F2", "default_profile_image": false, "name": "Don", "profile_image_url": "http://pbs.twimg.com/profile_images/1479734318/IMG04_normal.JPG", "profile_background_color": "C0DEED", "follow_request_sent": false, "utc_offset": -25200, "screen_name": "wales4me", "followers_count": 1, "created_at": "Wed Mar 11 16:07:12 +0000 2009", "default_profile": true, "id_str": "23783299", "profile_text_color": "333333", "profile_background_image_url": "http://abs.twimg.com/images/themes/theme1/bg.png", "verified": false, "following": false, "entities": {"url": {"urls": [{"indices": [0, 22], "url": "http://t.co/MBuagCc1vd", "expanded_url": "https://twitter.com/wales4me", "display_url": "twitter.com/wales4me"}]}, "description": {"urls": []}}, "listed_count": 0, "protected": false, "url": "http://t.co/MBuagCc1vd", "translator_type": "none", "profile_background_image_url_https": "https://abs.twimg.com/images/themes/theme1/bg.png", "notifications": false, "geo_enabled": false, "is_translator": false, "favourites_count": 20, "profile_image_url_https": "https://pbs.twimg.com/profile_images/1479734318/IMG04_normal.JPG", "location": "Concord, California", "id": 23783299, "lang": "en", "profile_sidebar_border_color": "C0DEED", "is_translation_enabled": false, "has_extended_profile": false, "profile_use_background_image": true, "contributors_enabled": false, "profile_sidebar_fill_color": "DDEEF6", "status": {"lang": "en", "text": "@frostycamel @Team_Trump45 @realDonaldTrump Details.", "in_reply_to_status_id": 923181896858824705, "favorite_count": 0, "favorited": false, "coordinates": null, "created_at": "Fri Oct 27 01:36:26 +0000 2017", "geo": null, "contributors": null, "id_str": "923725041036136448", "entities": {"user_mentions": [{"id": 905095603297943554, "screen_name": "frostycamel", "name": "Andy", "indices": [0, 12], "id_str": "905095603297943554"}, {"id": 3580248555, "screen_name": "Team_Trump45", "name": "Trumpism\u2122", "indices": [13, 26], "id_str": "3580248555"}, {"id": 25073877, "screen_name": "realDonaldTrump", "name": "Donald J. Trump", "indices": [27, 43], "id_str": "25073877"}], "hashtags": [], "symbols": [], "urls": []}, "in_reply_to_screen_name": "frostycamel", "truncated": false, "retweet_count": 0, "in_reply_to_user_id_str": "905095603297943554", "source": "<a href=\"http://twitter.com/download/android\" rel=\"nofollow\">Twitter for Android</a>", "id": 923725041036136448, "in_reply_to_user_id": 905095603297943554, "is_quote_status": false, "place": null, "retweeted": false, "in_reply_to_status_id_str": "923181896858824705"}}
2017-10-31T17:00:04.808273	{"listed_count": 0, "is_translator": false, "profile_image_url_https": "https://pbs.twimg.com/profile_images/1479734318/IMG04_normal.JPG", "profile_sidebar_fill_color": "DDEEF6", "verified": false, "friends_count": 37, "lang": "en", "url": "http://t.co/MBuagCc1vd", "utc_offset": -25200, "created_at": "Wed Mar 11 16:07:12 +0000 2009", "has_extended_profile": false, "name": "Don", "following": false, "favourites_count": 20, "profile_background_tile": false, "description": "Enjoying retirement", "default_profile_image": false, "followers_count": 1, "profile_link_color": "1DA1F2", "time_zone": "Pacific Time (US & Canada)", "profile_use_background_image": true, "screen_name": "wales4me", "status": {"favorite_count": 0, "lang": "en", "in_reply_to_user_id": 905095603297943554, "geo": null, "in_reply_to_screen_name": "frostycamel", "in_reply_to_status_id": 923181896858824705, "retweet_count": 0, "source": "<a href=\"http://twitter.com/download/android\" rel=\"nofollow\">Twitter for Android</a>", "created_at": "Fri Oct 27 01:36:26 +0000 2017", "in_reply_to_status_id_str": "923181896858824705", "entities": {"symbols": [], "user_mentions": [{"indices": [0, 12], "name": "Andy", "id": 905095603297943554, "screen_name": "frostycamel", "id_str": "905095603297943554"}, {"indices": [13, 26], "name": "Trumpism\u2122", "id": 3580248555, "screen_name": "Team_Trump45", "id_str": "3580248555"}, {"indices": [27, 43], "name": "Donald J. Trump", "id": 25073877, "screen_name": "realDonaldTrump", "id_str": "25073877"}], "hashtags": [], "urls": []}, "favorited": false, "text": "@frostycamel @Team_Trump45 @realDonaldTrump Details.", "is_quote_status": false, "in_reply_to_user_id_str": "905095603297943554", "id_str": "923725041036136448", "place": null, "contributors": null, "truncated": false, "id": 923725041036136448, "retweeted": false, "coordinates": null}, "entities": {"url": {"urls": [{"expanded_url": "https://twitter.com/wales4me", "url": "http://t.co/MBuagCc1vd", "display_url": "twitter.com/wales4me", "indices": [0, 22]}]}, "description": {"urls": []}}, "follow_request_sent": false, "is_translation_enabled": false, "translator_type": "none", "profile_background_color": "C0DEED", "profile_text_color": "333333", "contributors_enabled": false, "profile_background_image_url": "http://abs.twimg.com/images/themes/theme1/bg.png", "id_str": "23783299", "geo_enabled": false, "profile_sidebar_border_color": "C0DEED", "profile_image_url": "http://pbs.twimg.com/profile_images/1479734318/IMG04_normal.JPG", "notifications": false, "statuses_count": 31, "id": 23783299, "location": "Concord, California", "protected": false, "profile_background_image_url_https": "https://abs.twimg.com/images/themes/theme1/bg.png", "default_profile": true}
2017-10-31T18:00:04.512162	{"followers_count": 1, "profile_background_color": "C0DEED", "default_profile": true, "contributors_enabled": false, "profile_background_image_url_https": "https://abs.twimg.com/images/themes/theme1/bg.png", "url": "http://t.co/MBuagCc1vd", "notifications": false, "has_extended_profile": false, "protected": false, "profile_use_background_image": true, "status": {"text": "@frostycamel @Team_Trump45 @realDonaldTrump Details.", "is_quote_status": false, "contributors": null, "in_reply_to_status_id": 923181896858824705, "in_reply_to_screen_name": "frostycamel", "created_at": "Fri Oct 27 01:36:26 +0000 2017", "retweeted": false, "geo": null, "source": "<a href=\"http://twitter.com/download/android\" rel=\"nofollow\">Twitter for Android</a>", "favorited": false, "id_str": "923725041036136448", "coordinates": null, "place": null, "in_reply_to_user_id": 905095603297943554, "favorite_count": 0, "truncated": false, "id": 923725041036136448, "lang": "en", "entities": {"urls": [], "user_mentions": [{"id_str": "905095603297943554", "indices": [0, 12], "name": "Andy", "screen_name": "frostycamel", "id": 905095603297943554}, {"id_str": "3580248555", "indices": [13, 26], "name": "Trumpism\u2122", "screen_name": "Team_Trump45", "id": 3580248555}, {"id_str": "25073877", "indices": [27, 43], "name": "Donald J. Trump", "screen_name": "realDonaldTrump", "id": 25073877}], "hashtags": [], "symbols": []}, "in_reply_to_user_id_str": "905095603297943554", "retweet_count": 0, "in_reply_to_status_id_str": "923181896858824705"}, "location": "Concord, California", "created_at": "Wed Mar 11 16:07:12 +0000 2009", "verified": false, "follow_request_sent": false, "time_zone": "Pacific Time (US & Canada)", "profile_sidebar_border_color": "C0DEED", "profile_text_color": "333333", "profile_image_url_https": "https://pbs.twimg.com/profile_images/1479734318/IMG04_normal.JPG", "listed_count": 0, "profile_image_url": "http://pbs.twimg.com/profile_images/1479734318/IMG04_normal.JPG", "profile_background_tile": false, "statuses_count": 31, "id_str": "23783299", "name": "Don", "friends_count": 37, "translator_type": "none", "profile_background_image_url": "http://abs.twimg.com/images/themes/theme1/bg.png", "utc_offset": -25200, "geo_enabled": false, "profile_sidebar_fill_color": "DDEEF6", "is_translation_enabled": false, "following": false, "profile_link_color": "1DA1F2", "id": 23783299, "is_translator": false, "lang": "en", "default_profile_image": false, "entities": {"description": {"urls": []}, "url": {"urls": [{"expanded_url": "https://twitter.com/wales4me", "display_url": "twitter.com/wales4me", "indices": [0, 22], "url": "http://t.co/MBuagCc1vd"}]}}, "screen_name": "wales4me", "favourites_count": 20, "description": "Enjoying retirement"}
2017-10-31T19:00:04.095422	{"notifications": false, "profile_image_url": "http://pbs.twimg.com/profile_images/1479734318/IMG04_normal.JPG", "is_translation_enabled": false, "id_str": "23783299", "listed_count": 0, "lang": "en", "contributors_enabled": false, "default_profile_image": false, "utc_offset": -25200, "verified": false, "profile_use_background_image": true, "favourites_count": 20, "profile_background_image_url_https": "https://abs.twimg.com/images/themes/theme1/bg.png", "profile_image_url_https": "https://pbs.twimg.com/profile_images/1479734318/IMG04_normal.JPG", "profile_text_color": "333333", "time_zone": "Pacific Time (US & Canada)", "geo_enabled": false, "profile_background_tile": false, "followers_count": 1, "statuses_count": 31, "follow_request_sent": false, "has_extended_profile": false, "profile_background_color": "C0DEED", "default_profile": true, "screen_name": "wales4me", "description": "Enjoying retirement", "following": false, "id": 23783299, "status": {"text": "@frostycamel @Team_Trump45 @realDonaldTrump Details.", "favorite_count": 0, "id_str": "923725041036136448", "lang": "en", "is_quote_status": false, "place": null, "retweeted": false, "in_reply_to_user_id": 905095603297943554, "contributors": null, "coordinates": null, "source": "<a href=\"http://twitter.com/download/android\" rel=\"nofollow\">Twitter for Android</a>", "in_reply_to_user_id_str": "905095603297943554", "in_reply_to_screen_name": "frostycamel", "truncated": false, "created_at": "Fri Oct 27 01:36:26 +0000 2017", "entities": {"urls": [], "hashtags": [], "user_mentions": [{"id": 905095603297943554, "screen_name": "frostycamel", "name": "Andy", "id_str": "905095603297943554", "indices": [0, 12]}, {"id": 3580248555, "screen_name": "Team_Trump45", "name": "Trumpism\u2122", "id_str": "3580248555", "indices": [13, 26]}, {"id": 25073877, "screen_name": "realDonaldTrump", "name": "Donald J. Trump", "id_str": "25073877", "indices": [27, 43]}], "symbols": []}, "geo": null, "in_reply_to_status_id_str": "923181896858824705", "retweet_count": 0, "id": 923725041036136448, "in_reply_to_status_id": 923181896858824705, "favorited": false}, "location": "Concord, California", "created_at": "Wed Mar 11 16:07:12 +0000 2009", "entities": {"description": {"urls": []}, "url": {"urls": [{"display_url": "twitter.com/wales4me", "expanded_url": "https://twitter.com/wales4me", "url": "http://t.co/MBuagCc1vd", "indices": [0, 22]}]}}, "url": "http://t.co/MBuagCc1vd", "protected": false, "profile_background_image_url": "http://abs.twimg.com/images/themes/theme1/bg.png", "profile_link_color": "1DA1F2", "translator_type": "none", "is_translator": false, "profile_sidebar_fill_color": "DDEEF6", "friends_count": 37, "name": "Don", "profile_sidebar_border_color": "C0DEED"}
2017-10-31T20:00:04.410601	{"screen_name": "wales4me", "translator_type": "none", "description": "Enjoying retirement", "verified": false, "id": 23783299, "entities": {"description": {"urls": []}, "url": {"urls": [{"expanded_url": "https://twitter.com/wales4me", "display_url": "twitter.com/wales4me", "indices": [0, 22], "url": "http://t.co/MBuagCc1vd"}]}}, "default_profile": true, "profile_background_color": "C0DEED", "listed_count": 0, "id_str": "23783299", "followers_count": 1, "protected": false, "profile_background_tile": false, "default_profile_image": false, "profile_background_image_url": "http://abs.twimg.com/images/themes/theme1/bg.png", "geo_enabled": false, "is_translator": false, "statuses_count": 31, "lang": "en", "has_extended_profile": false, "time_zone": "Pacific Time (US & Canada)", "url": "http://t.co/MBuagCc1vd", "profile_image_url_https": "https://pbs.twimg.com/profile_images/1479734318/IMG04_normal.JPG", "is_translation_enabled": false, "follow_request_sent": false, "profile_sidebar_fill_color": "DDEEF6", "contributors_enabled": false, "location": "Concord, California", "utc_offset": -25200, "profile_sidebar_border_color": "C0DEED", "name": "Don", "favourites_count": 20, "friends_count": 37, "profile_link_color": "1DA1F2", "notifications": false, "profile_text_color": "333333", "following": false, "profile_background_image_url_https": "https://abs.twimg.com/images/themes/theme1/bg.png", "created_at": "Wed Mar 11 16:07:12 +0000 2009", "status": {"in_reply_to_user_id": 905095603297943554, "id": 923725041036136448, "lang": "en", "id_str": "923725041036136448", "in_reply_to_status_id": 923181896858824705, "coordinates": null, "retweet_count": 0, "text": "@frostycamel @Team_Trump45 @realDonaldTrump Details.", "entities": {"urls": [], "user_mentions": [{"screen_name": "frostycamel", "indices": [0, 12], "id_str": "905095603297943554", "name": "Andy", "id": 905095603297943554}, {"screen_name": "Team_Trump45", "indices": [13, 26], "id_str": "3580248555", "name": "Trumpism\u2122", "id": 3580248555}, {"screen_name": "realDonaldTrump", "indices": [27, 43], "id_str": "25073877", "name": "Donald J. Trump", "id": 25073877}], "symbols": [], "hashtags": []}, "favorited": false, "in_reply_to_user_id_str": "905095603297943554", "retweeted": false, "truncated": false, "geo": null, "favorite_count": 0, "place": null, "in_reply_to_status_id_str": "923181896858824705", "contributors": null, "created_at": "Fri Oct 27 01:36:26 +0000 2017", "in_reply_to_screen_name": "frostycamel", "source": "<a href=\"http://twitter.com/download/android\" rel=\"nofollow\">Twitter for Android</a>", "is_quote_status": false}, "profile_image_url": "http://pbs.twimg.com/profile_images/1479734318/IMG04_normal.JPG", "profile_use_background_image": true}
2017-10-31T21:00:04.023170	{"id_str": "23783299", "screen_name": "wales4me", "default_profile": true, "followers_count": 1, "friends_count": 37, "is_translation_enabled": false, "description": "Enjoying retirement", "profile_link_color": "1DA1F2", "notifications": false, "location": "Concord, California", "statuses_count": 31, "is_translator": false, "listed_count": 0, "favourites_count": 20, "contributors_enabled": false, "created_at": "Wed Mar 11 16:07:12 +0000 2009", "profile_background_color": "C0DEED", "time_zone": "Pacific Time (US & Canada)", "profile_text_color": "333333", "translator_type": "none", "profile_background_tile": false, "profile_sidebar_fill_color": "DDEEF6", "lang": "en", "follow_request_sent": false, "following": false, "profile_background_image_url_https": "https://abs.twimg.com/images/themes/theme1/bg.png", "profile_sidebar_border_color": "C0DEED", "profile_image_url_https": "https://pbs.twimg.com/profile_images/1479734318/IMG04_normal.JPG", "protected": false, "entities": {"url": {"urls": [{"url": "http://t.co/MBuagCc1vd", "display_url": "twitter.com/wales4me", "expanded_url": "https://twitter.com/wales4me", "indices": [0, 22]}]}, "description": {"urls": []}}, "profile_use_background_image": true, "has_extended_profile": false, "utc_offset": -25200, "default_profile_image": false, "profile_background_image_url": "http://abs.twimg.com/images/themes/theme1/bg.png", "name": "Don", "id": 23783299, "url": "http://t.co/MBuagCc1vd", "geo_enabled": false, "status": {"id_str": "923725041036136448", "contributors": null, "place": null, "in_reply_to_user_id_str": "905095603297943554", "favorited": false, "is_quote_status": false, "truncated": false, "created_at": "Fri Oct 27 01:36:26 +0000 2017", "retweeted": false, "geo": null, "coordinates": null, "in_reply_to_status_id": 923181896858824705, "in_reply_to_screen_name": "frostycamel", "lang": "en", "in_reply_to_user_id": 905095603297943554, "source": "<a href=\"http://twitter.com/download/android\" rel=\"nofollow\">Twitter for Android</a>", "favorite_count": 0, "entities": {"symbols": [], "urls": [], "hashtags": [], "user_mentions": [{"screen_name": "frostycamel", "id_str": "905095603297943554", "indices": [0, 12], "name": "Andy", "id": 905095603297943554}, {"screen_name": "Team_Trump45", "id_str": "3580248555", "indices": [13, 26], "name": "Trumpism\u2122", "id": 3580248555}, {"screen_name": "realDonaldTrump", "id_str": "25073877", "indices": [27, 43], "name": "Donald J. Trump", "id": 25073877}]}, "in_reply_to_status_id_str": "923181896858824705", "retweet_count": 0, "id": 923725041036136448, "text": "@frostycamel @Team_Trump45 @realDonaldTrump Details."}, "verified": false, "profile_image_url": "http://pbs.twimg.com/profile_images/1479734318/IMG04_normal.JPG"}
2017-10-31T22:00:03.948471	{"friends_count": 37, "entities": {"description": {"urls": []}, "url": {"urls": [{"expanded_url": "https://twitter.com/wales4me", "display_url": "twitter.com/wales4me", "indices": [0, 22], "url": "http://t.co/MBuagCc1vd"}]}}, "default_profile": true, "protected": false, "geo_enabled": false, "utc_offset": -25200, "url": "http://t.co/MBuagCc1vd", "translator_type": "none", "listed_count": 0, "favourites_count": 20, "default_profile_image": false, "profile_link_color": "1DA1F2", "notifications": false, "profile_use_background_image": true, "profile_background_image_url_https": "https://abs.twimg.com/images/themes/theme1/bg.png", "following": false, "name": "Don", "location": "Concord, California", "profile_background_tile": false, "statuses_count": 31, "screen_name": "wales4me", "is_translation_enabled": false, "status": {"entities": {"urls": [], "symbols": [], "hashtags": [], "user_mentions": [{"screen_name": "frostycamel", "id_str": "905095603297943554", "name": "Andy", "indices": [0, 12], "id": 905095603297943554}, {"screen_name": "Team_Trump45", "id_str": "3580248555", "name": "Trumpism\u2122", "indices": [13, 26], "id": 3580248555}, {"screen_name": "realDonaldTrump", "id_str": "25073877", "name": "Donald J. Trump", "indices": [27, 43], "id": 25073877}]}, "retweet_count": 0, "in_reply_to_status_id": 923181896858824705, "in_reply_to_screen_name": "frostycamel", "in_reply_to_user_id_str": "905095603297943554", "contributors": null, "retweeted": false, "is_quote_status": false, "place": null, "in_reply_to_user_id": 905095603297943554, "truncated": false, "coordinates": null, "id_str": "923725041036136448", "text": "@frostycamel @Team_Trump45 @realDonaldTrump Details.", "in_reply_to_status_id_str": "923181896858824705", "created_at": "Fri Oct 27 01:36:26 +0000 2017", "id": 923725041036136448, "geo": null, "favorite_count": 0, "lang": "en", "favorited": false, "source": "<a href=\"http://twitter.com/download/android\" rel=\"nofollow\">Twitter for Android</a>"}, "profile_sidebar_fill_color": "DDEEF6", "contributors_enabled": false, "id": 23783299, "profile_sidebar_border_color": "C0DEED", "id_str": "23783299", "time_zone": "Pacific Time (US & Canada)", "has_extended_profile": false, "created_at": "Wed Mar 11 16:07:12 +0000 2009", "is_translator": false, "description": "Enjoying retirement", "verified": false, "lang": "en", "followers_count": 1, "profile_text_color": "333333", "follow_request_sent": false, "profile_background_color": "C0DEED", "profile_image_url_https": "https://pbs.twimg.com/profile_images/1479734318/IMG04_normal.JPG", "profile_image_url": "http://pbs.twimg.com/profile_images/1479734318/IMG04_normal.JPG", "profile_background_image_url": "http://abs.twimg.com/images/themes/theme1/bg.png"}
2017-10-31T23:00:03.660476	{"translator_type": "none", "id_str": "23783299", "time_zone": "Pacific Time (US & Canada)", "id": 23783299, "status": {"id_str": "923725041036136448", "truncated": false, "coordinates": null, "id": 923725041036136448, "in_reply_to_screen_name": "frostycamel", "text": "@frostycamel @Team_Trump45 @realDonaldTrump Details.", "created_at": "Fri Oct 27 01:36:26 +0000 2017", "retweeted": false, "in_reply_to_status_id_str": "923181896858824705", "lang": "en", "favorited": false, "source": "<a href=\"http://twitter.com/download/android\" rel=\"nofollow\">Twitter for Android</a>", "favorite_count": 0, "in_reply_to_user_id": 905095603297943554, "in_reply_to_status_id": 923181896858824705, "contributors": null, "in_reply_to_user_id_str": "905095603297943554", "is_quote_status": false, "entities": {"symbols": [], "hashtags": [], "urls": [], "user_mentions": [{"id_str": "905095603297943554", "name": "Andy", "screen_name": "frostycamel", "id": 905095603297943554, "indices": [0, 12]}, {"id_str": "3580248555", "name": "Trumpism\u2122", "screen_name": "Team_Trump45", "id": 3580248555, "indices": [13, 26]}, {"id_str": "25073877", "name": "Donald J. Trump", "screen_name": "realDonaldTrump", "id": 25073877, "indices": [27, 43]}]}, "place": null, "geo": null, "retweet_count": 0}, "utc_offset": -25200, "default_profile": true, "profile_background_tile": false, "created_at": "Wed Mar 11 16:07:12 +0000 2009", "profile_background_image_url_https": "https://abs.twimg.com/images/themes/theme1/bg.png", "location": "Concord, California", "followers_count": 1, "has_extended_profile": false, "default_profile_image": false, "lang": "en", "screen_name": "wales4me", "is_translation_enabled": false, "notifications": false, "listed_count": 0, "friends_count": 37, "geo_enabled": false, "name": "Don", "contributors_enabled": false, "description": "Enjoying retirement", "profile_background_color": "C0DEED", "is_translator": false, "entities": {"url": {"urls": [{"display_url": "twitter.com/wales4me", "url": "http://t.co/MBuagCc1vd", "indices": [0, 22], "expanded_url": "https://twitter.com/wales4me"}]}, "description": {"urls": []}}, "profile_sidebar_fill_color": "DDEEF6", "profile_image_url_https": "https://pbs.twimg.com/profile_images/1479734318/IMG04_normal.JPG", "follow_request_sent": false, "protected": false, "verified": false, "profile_sidebar_border_color": "C0DEED", "following": false, "profile_image_url": "http://pbs.twimg.com/profile_images/1479734318/IMG04_normal.JPG", "url": "http://t.co/MBuagCc1vd", "statuses_count": 31, "profile_text_color": "333333", "profile_background_image_url": "http://abs.twimg.com/images/themes/theme1/bg.png", "favourites_count": 20, "profile_link_color": "1DA1F2", "profile_use_background_image": true}
2017-11-01T00:00:04.338621	{"is_translation_enabled": false, "status": {"contributors": null, "retweeted": false, "entities": {"user_mentions": [{"screen_name": "frostycamel", "name": "Andy", "indices": [0, 12], "id": 905095603297943554, "id_str": "905095603297943554"}, {"screen_name": "Team_Trump45", "name": "Trumpism\u2122", "indices": [13, 26], "id": 3580248555, "id_str": "3580248555"}, {"screen_name": "realDonaldTrump", "name": "Donald J. Trump", "indices": [27, 43], "id": 25073877, "id_str": "25073877"}], "hashtags": [], "symbols": [], "urls": []}, "favorite_count": 0, "lang": "en", "in_reply_to_user_id_str": "905095603297943554", "retweet_count": 0, "text": "@frostycamel @Team_Trump45 @realDonaldTrump Details.", "id": 923725041036136448, "coordinates": null, "in_reply_to_status_id": 923181896858824705, "source": "<a href=\"http://twitter.com/download/android\" rel=\"nofollow\">Twitter for Android</a>", "created_at": "Fri Oct 27 01:36:26 +0000 2017", "geo": null, "in_reply_to_screen_name": "frostycamel", "truncated": false, "in_reply_to_status_id_str": "923181896858824705", "favorited": false, "id_str": "923725041036136448", "is_quote_status": false, "in_reply_to_user_id": 905095603297943554, "place": null}, "entities": {"description": {"urls": []}, "url": {"urls": [{"display_url": "twitter.com/wales4me", "expanded_url": "https://twitter.com/wales4me", "url": "http://t.co/MBuagCc1vd", "indices": [0, 22]}]}}, "is_translator": false, "listed_count": 0, "follow_request_sent": false, "lang": "en", "default_profile": true, "protected": false, "verified": false, "profile_sidebar_fill_color": "DDEEF6", "following": false, "profile_image_url": "http://pbs.twimg.com/profile_images/1479734318/IMG04_normal.JPG", "created_at": "Wed Mar 11 16:07:12 +0000 2009", "id": 23783299, "profile_image_url_https": "https://pbs.twimg.com/profile_images/1479734318/IMG04_normal.JPG", "profile_text_color": "333333", "time_zone": "Pacific Time (US & Canada)", "notifications": false, "profile_sidebar_border_color": "C0DEED", "default_profile_image": false, "profile_background_image_url": "http://abs.twimg.com/images/themes/theme1/bg.png", "translator_type": "none", "favourites_count": 20, "followers_count": 1, "screen_name": "wales4me", "name": "Don", "profile_background_color": "C0DEED", "description": "Enjoying retirement", "has_extended_profile": false, "geo_enabled": false, "location": "Concord, California", "contributors_enabled": false, "friends_count": 37, "url": "http://t.co/MBuagCc1vd", "profile_use_background_image": true, "profile_background_tile": false, "statuses_count": 31, "id_str": "23783299", "profile_link_color": "1DA1F2", "utc_offset": -25200, "profile_background_image_url_https": "https://abs.twimg.com/images/themes/theme1/bg.png"}
2017-11-01T01:00:04.522040	{"followers_count": 1, "screen_name": "wales4me", "contributors_enabled": false, "created_at": "Wed Mar 11 16:07:12 +0000 2009", "statuses_count": 31, "id_str": "23783299", "profile_text_color": "333333", "default_profile_image": false, "profile_image_url_https": "https://pbs.twimg.com/profile_images/1479734318/IMG04_normal.JPG", "follow_request_sent": false, "profile_image_url": "http://pbs.twimg.com/profile_images/1479734318/IMG04_normal.JPG", "profile_background_image_url_https": "https://abs.twimg.com/images/themes/theme1/bg.png", "default_profile": true, "lang": "en", "entities": {"url": {"urls": [{"display_url": "twitter.com/wales4me", "indices": [0, 22], "url": "http://t.co/MBuagCc1vd", "expanded_url": "https://twitter.com/wales4me"}]}, "description": {"urls": []}}, "friends_count": 37, "profile_background_color": "C0DEED", "location": "Concord, California", "url": "http://t.co/MBuagCc1vd", "description": "Enjoying retirement", "profile_use_background_image": true, "translator_type": "none", "profile_link_color": "1DA1F2", "is_translator": false, "profile_background_image_url": "http://abs.twimg.com/images/themes/theme1/bg.png", "following": false, "status": {"created_at": "Fri Oct 27 01:36:26 +0000 2017", "contributors": null, "retweet_count": 0, "truncated": false, "id_str": "923725041036136448", "is_quote_status": false, "place": null, "coordinates": null, "in_reply_to_status_id_str": "923181896858824705", "lang": "en", "entities": {"urls": [], "symbols": [], "hashtags": [], "user_mentions": [{"screen_name": "frostycamel", "name": "Andy", "indices": [0, 12], "id": 905095603297943554, "id_str": "905095603297943554"}, {"screen_name": "Team_Trump45", "name": "Trumpism\u2122", "indices": [13, 26], "id": 3580248555, "id_str": "3580248555"}, {"screen_name": "realDonaldTrump", "name": "Donald J. Trump", "indices": [27, 43], "id": 25073877, "id_str": "25073877"}]}, "retweeted": false, "geo": null, "favorite_count": 0, "favorited": false, "in_reply_to_user_id": 905095603297943554, "id": 923725041036136448, "source": "<a href=\"http://twitter.com/download/android\" rel=\"nofollow\">Twitter for Android</a>", "in_reply_to_screen_name": "frostycamel", "in_reply_to_status_id": 923181896858824705, "in_reply_to_user_id_str": "905095603297943554", "text": "@frostycamel @Team_Trump45 @realDonaldTrump Details."}, "id": 23783299, "verified": false, "profile_sidebar_border_color": "C0DEED", "listed_count": 0, "has_extended_profile": false, "protected": false, "geo_enabled": false, "favourites_count": 20, "profile_sidebar_fill_color": "DDEEF6", "utc_offset": -25200, "time_zone": "Pacific Time (US & Canada)", "notifications": false, "profile_background_tile": false, "name": "Don", "is_translation_enabled": false}
2017-11-01T02:00:04.156385	{"screen_name": "wales4me", "translator_type": "none", "default_profile": true, "default_profile_image": false, "lang": "en", "utc_offset": -25200, "entities": {"description": {"urls": []}, "url": {"urls": [{"expanded_url": "https://twitter.com/wales4me", "display_url": "twitter.com/wales4me", "indices": [0, 22], "url": "http://t.co/MBuagCc1vd"}]}}, "follow_request_sent": false, "geo_enabled": false, "profile_sidebar_border_color": "C0DEED", "notifications": false, "is_translator": false, "description": "Enjoying retirement", "location": "Concord, California", "profile_background_image_url_https": "https://abs.twimg.com/images/themes/theme1/bg.png", "listed_count": 0, "created_at": "Wed Mar 11 16:07:12 +0000 2009", "time_zone": "Pacific Time (US & Canada)", "is_translation_enabled": false, "id_str": "23783299", "name": "Don", "profile_image_url_https": "https://pbs.twimg.com/profile_images/1479734318/IMG04_normal.JPG", "contributors_enabled": false, "url": "http://t.co/MBuagCc1vd", "profile_background_tile": false, "friends_count": 37, "profile_background_image_url": "http://abs.twimg.com/images/themes/theme1/bg.png", "verified": false, "profile_image_url": "http://pbs.twimg.com/profile_images/1479734318/IMG04_normal.JPG", "favourites_count": 20, "profile_link_color": "1DA1F2", "profile_background_color": "C0DEED", "id": 23783299, "protected": false, "profile_use_background_image": true, "followers_count": 1, "profile_sidebar_fill_color": "DDEEF6", "has_extended_profile": false, "statuses_count": 31, "following": false, "status": {"place": null, "favorited": false, "lang": "en", "retweeted": false, "coordinates": null, "in_reply_to_user_id": 905095603297943554, "in_reply_to_screen_name": "frostycamel", "source": "<a href=\"http://twitter.com/download/android\" rel=\"nofollow\">Twitter for Android</a>", "contributors": null, "geo": null, "created_at": "Fri Oct 27 01:36:26 +0000 2017", "retweet_count": 0, "id_str": "923725041036136448", "favorite_count": 0, "entities": {"hashtags": [], "symbols": [], "user_mentions": [{"screen_name": "frostycamel", "name": "Andy", "id": 905095603297943554, "indices": [0, 12], "id_str": "905095603297943554"}, {"screen_name": "Team_Trump45", "name": "Trumpism\u2122", "id": 3580248555, "indices": [13, 26], "id_str": "3580248555"}, {"screen_name": "realDonaldTrump", "name": "Donald J. Trump", "id": 25073877, "indices": [27, 43], "id_str": "25073877"}], "urls": []}, "truncated": false, "in_reply_to_status_id": 923181896858824705, "in_reply_to_status_id_str": "923181896858824705", "id": 923725041036136448, "text": "@frostycamel @Team_Trump45 @realDonaldTrump Details.", "in_reply_to_user_id_str": "905095603297943554", "is_quote_status": false}, "profile_text_color": "333333"}
2017-11-01T03:00:04.145717	{"contributors_enabled": false, "profile_sidebar_fill_color": "DDEEF6", "following": false, "profile_link_color": "1DA1F2", "profile_background_color": "C0DEED", "profile_use_background_image": true, "profile_image_url_https": "https://pbs.twimg.com/profile_images/1479734318/IMG04_normal.JPG", "id": 23783299, "friends_count": 37, "profile_background_image_url": "http://abs.twimg.com/images/themes/theme1/bg.png", "profile_background_tile": false, "id_str": "23783299", "is_translator": false, "follow_request_sent": false, "default_profile": true, "is_translation_enabled": false, "translator_type": "none", "favourites_count": 20, "status": {"id": 923725041036136448, "coordinates": null, "source": "<a href=\"http://twitter.com/download/android\" rel=\"nofollow\">Twitter for Android</a>", "id_str": "923725041036136448", "in_reply_to_screen_name": "frostycamel", "retweet_count": 0, "contributors": null, "lang": "en", "in_reply_to_user_id": 905095603297943554, "created_at": "Fri Oct 27 01:36:26 +0000 2017", "in_reply_to_status_id": 923181896858824705, "in_reply_to_status_id_str": "923181896858824705", "is_quote_status": false, "retweeted": false, "truncated": false, "favorite_count": 0, "place": null, "geo": null, "entities": {"symbols": [], "user_mentions": [{"id": 905095603297943554, "id_str": "905095603297943554", "screen_name": "frostycamel", "indices": [0, 12], "name": "Andy"}, {"id": 3580248555, "id_str": "3580248555", "screen_name": "Team_Trump45", "indices": [13, 26], "name": "Trumpism\u2122"}, {"id": 25073877, "id_str": "25073877", "screen_name": "realDonaldTrump", "indices": [27, 43], "name": "Donald J. Trump"}], "hashtags": [], "urls": []}, "favorited": false, "in_reply_to_user_id_str": "905095603297943554", "text": "@frostycamel @Team_Trump45 @realDonaldTrump Details."}, "time_zone": "Pacific Time (US & Canada)", "profile_sidebar_border_color": "C0DEED", "lang": "en", "screen_name": "wales4me", "profile_text_color": "333333", "default_profile_image": false, "geo_enabled": false, "profile_background_image_url_https": "https://abs.twimg.com/images/themes/theme1/bg.png", "notifications": false, "followers_count": 1, "description": "Enjoying retirement", "statuses_count": 31, "location": "Concord, California", "profile_image_url": "http://pbs.twimg.com/profile_images/1479734318/IMG04_normal.JPG", "url": "http://t.co/MBuagCc1vd", "listed_count": 0, "created_at": "Wed Mar 11 16:07:12 +0000 2009", "entities": {"description": {"urls": []}, "url": {"urls": [{"display_url": "twitter.com/wales4me", "expanded_url": "https://twitter.com/wales4me", "indices": [0, 22], "url": "http://t.co/MBuagCc1vd"}]}}, "name": "Don", "protected": false, "verified": false, "utc_offset": -25200, "has_extended_profile": false}
2017-11-01T04:00:04.654318	{"profile_use_background_image": true, "geo_enabled": false, "profile_background_image_url": "http://abs.twimg.com/images/themes/theme1/bg.png", "description": "Enjoying retirement", "profile_background_color": "C0DEED", "translator_type": "none", "friends_count": 37, "id": 23783299, "profile_text_color": "333333", "profile_image_url_https": "https://pbs.twimg.com/profile_images/1479734318/IMG04_normal.JPG", "time_zone": "Pacific Time (US & Canada)", "profile_background_image_url_https": "https://abs.twimg.com/images/themes/theme1/bg.png", "contributors_enabled": false, "entities": {"url": {"urls": [{"display_url": "twitter.com/wales4me", "indices": [0, 22], "url": "http://t.co/MBuagCc1vd", "expanded_url": "https://twitter.com/wales4me"}]}, "description": {"urls": []}}, "default_profile_image": false, "favourites_count": 20, "profile_link_color": "1DA1F2", "following": false, "id_str": "23783299", "listed_count": 0, "is_translator": false, "name": "Don", "default_profile": true, "status": {"favorite_count": 0, "truncated": false, "id": 923725041036136448, "in_reply_to_screen_name": "frostycamel", "contributors": null, "coordinates": null, "entities": {"urls": [], "user_mentions": [{"id_str": "905095603297943554", "id": 905095603297943554, "indices": [0, 12], "screen_name": "frostycamel", "name": "Andy"}, {"id_str": "3580248555", "id": 3580248555, "indices": [13, 26], "screen_name": "Team_Trump45", "name": "Trumpism\u2122"}, {"id_str": "25073877", "id": 25073877, "indices": [27, 43], "screen_name": "realDonaldTrump", "name": "Donald J. Trump"}], "symbols": [], "hashtags": []}, "in_reply_to_user_id_str": "905095603297943554", "in_reply_to_status_id": 923181896858824705, "id_str": "923725041036136448", "in_reply_to_status_id_str": "923181896858824705", "is_quote_status": false, "text": "@frostycamel @Team_Trump45 @realDonaldTrump Details.", "favorited": false, "source": "<a href=\"http://twitter.com/download/android\" rel=\"nofollow\">Twitter for Android</a>", "retweeted": false, "in_reply_to_user_id": 905095603297943554, "place": null, "geo": null, "lang": "en", "created_at": "Fri Oct 27 01:36:26 +0000 2017", "retweet_count": 0}, "profile_image_url": "http://pbs.twimg.com/profile_images/1479734318/IMG04_normal.JPG", "follow_request_sent": false, "profile_sidebar_border_color": "C0DEED", "utc_offset": -25200, "location": "Concord, California", "lang": "en", "is_translation_enabled": false, "profile_sidebar_fill_color": "DDEEF6", "notifications": false, "followers_count": 1, "screen_name": "wales4me", "statuses_count": 31, "profile_background_tile": false, "url": "http://t.co/MBuagCc1vd", "created_at": "Wed Mar 11 16:07:12 +0000 2009", "protected": false, "has_extended_profile": false, "verified": false}
2017-11-01T05:00:04.011019	{"status": {"text": "@frostycamel @Team_Trump45 @realDonaldTrump Details.", "place": null, "entities": {"urls": [], "symbols": [], "hashtags": [], "user_mentions": [{"id_str": "905095603297943554", "indices": [0, 12], "id": 905095603297943554, "screen_name": "frostycamel", "name": "Andy"}, {"id_str": "3580248555", "indices": [13, 26], "id": 3580248555, "screen_name": "Team_Trump45", "name": "Trumpism\u2122"}, {"id_str": "25073877", "indices": [27, 43], "id": 25073877, "screen_name": "realDonaldTrump", "name": "Donald J. Trump"}]}, "coordinates": null, "retweet_count": 0, "contributors": null, "favorite_count": 0, "id_str": "923725041036136448", "source": "<a href=\"http://twitter.com/download/android\" rel=\"nofollow\">Twitter for Android</a>", "lang": "en", "retweeted": false, "geo": null, "created_at": "Fri Oct 27 01:36:26 +0000 2017", "in_reply_to_screen_name": "frostycamel", "id": 923725041036136448, "in_reply_to_status_id": 923181896858824705, "in_reply_to_user_id_str": "905095603297943554", "in_reply_to_status_id_str": "923181896858824705", "is_quote_status": false, "in_reply_to_user_id": 905095603297943554, "truncated": false, "favorited": false}, "profile_background_image_url_https": "https://abs.twimg.com/images/themes/theme1/bg.png", "profile_use_background_image": true, "followers_count": 1, "statuses_count": 31, "friends_count": 37, "profile_link_color": "1DA1F2", "listed_count": 0, "is_translator": false, "verified": false, "profile_sidebar_fill_color": "DDEEF6", "has_extended_profile": false, "url": "http://t.co/MBuagCc1vd", "translator_type": "none", "profile_sidebar_border_color": "C0DEED", "default_profile": true, "entities": {"url": {"urls": [{"url": "http://t.co/MBuagCc1vd", "display_url": "twitter.com/wales4me", "expanded_url": "https://twitter.com/wales4me", "indices": [0, 22]}]}, "description": {"urls": []}}, "id_str": "23783299", "follow_request_sent": false, "profile_background_tile": false, "default_profile_image": false, "lang": "en", "name": "Don", "location": "Concord, California", "profile_text_color": "333333", "following": false, "created_at": "Wed Mar 11 16:07:12 +0000 2009", "screen_name": "wales4me", "time_zone": "Pacific Time (US & Canada)", "id": 23783299, "profile_image_url_https": "https://pbs.twimg.com/profile_images/1479734318/IMG04_normal.JPG", "description": "Enjoying retirement", "favourites_count": 20, "profile_image_url": "http://pbs.twimg.com/profile_images/1479734318/IMG04_normal.JPG", "contributors_enabled": false, "protected": false, "notifications": false, "utc_offset": -25200, "is_translation_enabled": false, "geo_enabled": false, "profile_background_color": "C0DEED", "profile_background_image_url": "http://abs.twimg.com/images/themes/theme1/bg.png"}
2017-11-01T06:00:04.019781	{"entities": {"description": {"urls": []}, "url": {"urls": [{"indices": [0, 22], "url": "http://t.co/MBuagCc1vd", "display_url": "twitter.com/wales4me", "expanded_url": "https://twitter.com/wales4me"}]}}, "verified": false, "friends_count": 37, "profile_background_image_url": "http://abs.twimg.com/images/themes/theme1/bg.png", "profile_sidebar_border_color": "C0DEED", "protected": false, "utc_offset": -25200, "listed_count": 0, "status": {"entities": {"hashtags": [], "user_mentions": [{"indices": [0, 12], "name": "Andy", "id": 905095603297943554, "screen_name": "frostycamel", "id_str": "905095603297943554"}, {"indices": [13, 26], "name": "Trumpism\u2122", "id": 3580248555, "screen_name": "Team_Trump45", "id_str": "3580248555"}, {"indices": [27, 43], "name": "Donald J. Trump", "id": 25073877, "screen_name": "realDonaldTrump", "id_str": "25073877"}], "symbols": [], "urls": []}, "text": "@frostycamel @Team_Trump45 @realDonaldTrump Details.", "contributors": null, "truncated": false, "in_reply_to_user_id_str": "905095603297943554", "id": 923725041036136448, "retweeted": false, "is_quote_status": false, "in_reply_to_user_id": 905095603297943554, "favorited": false, "in_reply_to_status_id": 923181896858824705, "in_reply_to_screen_name": "frostycamel", "geo": null, "created_at": "Fri Oct 27 01:36:26 +0000 2017", "source": "<a href=\"http://twitter.com/download/android\" rel=\"nofollow\">Twitter for Android</a>", "favorite_count": 0, "place": null, "id_str": "923725041036136448", "retweet_count": 0, "coordinates": null, "lang": "en", "in_reply_to_status_id_str": "923181896858824705"}, "id": 23783299, "description": "Enjoying retirement", "profile_sidebar_fill_color": "DDEEF6", "url": "http://t.co/MBuagCc1vd", "statuses_count": 31, "notifications": false, "followers_count": 1, "profile_background_image_url_https": "https://abs.twimg.com/images/themes/theme1/bg.png", "profile_background_tile": false, "profile_background_color": "C0DEED", "is_translator": false, "profile_text_color": "333333", "screen_name": "wales4me", "profile_image_url": "http://pbs.twimg.com/profile_images/1479734318/IMG04_normal.JPG", "name": "Don", "translator_type": "none", "following": false, "default_profile": true, "follow_request_sent": false, "created_at": "Wed Mar 11 16:07:12 +0000 2009", "location": "Concord, California", "profile_use_background_image": true, "profile_link_color": "1DA1F2", "contributors_enabled": false, "id_str": "23783299", "time_zone": "Pacific Time (US & Canada)", "is_translation_enabled": false, "favourites_count": 20, "geo_enabled": false, "profile_image_url_https": "https://pbs.twimg.com/profile_images/1479734318/IMG04_normal.JPG", "lang": "en", "has_extended_profile": false, "default_profile_image": false}
2017-11-01T07:00:04.771019	{"name": "Don", "friends_count": 37, "is_translator": false, "screen_name": "wales4me", "time_zone": "Pacific Time (US & Canada)", "profile_background_color": "C0DEED", "utc_offset": -25200, "geo_enabled": false, "lang": "en", "created_at": "Wed Mar 11 16:07:12 +0000 2009", "default_profile": true, "profile_use_background_image": true, "profile_sidebar_border_color": "C0DEED", "id_str": "23783299", "entities": {"description": {"urls": []}, "url": {"urls": [{"indices": [0, 22], "expanded_url": "https://twitter.com/wales4me", "url": "http://t.co/MBuagCc1vd", "display_url": "twitter.com/wales4me"}]}}, "verified": false, "statuses_count": 31, "url": "http://t.co/MBuagCc1vd", "follow_request_sent": false, "id": 23783299, "location": "Concord, California", "contributors_enabled": false, "status": {"in_reply_to_user_id_str": "905095603297943554", "lang": "en", "created_at": "Fri Oct 27 01:36:26 +0000 2017", "favorited": false, "is_quote_status": false, "id_str": "923725041036136448", "entities": {"urls": [], "hashtags": [], "user_mentions": [{"name": "Andy", "id": 905095603297943554, "screen_name": "frostycamel", "indices": [0, 12], "id_str": "905095603297943554"}, {"name": "Trumpism\u2122", "id": 3580248555, "screen_name": "Team_Trump45", "indices": [13, 26], "id_str": "3580248555"}, {"name": "Donald J. Trump", "id": 25073877, "screen_name": "realDonaldTrump", "indices": [27, 43], "id_str": "25073877"}], "symbols": []}, "id": 923725041036136448, "place": null, "source": "<a href=\"http://twitter.com/download/android\" rel=\"nofollow\">Twitter for Android</a>", "retweet_count": 0, "text": "@frostycamel @Team_Trump45 @realDonaldTrump Details.", "in_reply_to_status_id_str": "923181896858824705", "geo": null, "retweeted": false, "coordinates": null, "truncated": false, "in_reply_to_screen_name": "frostycamel", "contributors": null, "in_reply_to_status_id": 923181896858824705, "in_reply_to_user_id": 905095603297943554, "favorite_count": 0}, "profile_background_image_url_https": "https://abs.twimg.com/images/themes/theme1/bg.png", "notifications": false, "listed_count": 0, "profile_sidebar_fill_color": "DDEEF6", "profile_background_image_url": "http://abs.twimg.com/images/themes/theme1/bg.png", "has_extended_profile": false, "following": false, "translator_type": "none", "description": "Enjoying retirement", "profile_image_url": "http://pbs.twimg.com/profile_images/1479734318/IMG04_normal.JPG", "profile_background_tile": false, "profile_link_color": "1DA1F2", "profile_text_color": "333333", "favourites_count": 20, "profile_image_url_https": "https://pbs.twimg.com/profile_images/1479734318/IMG04_normal.JPG", "default_profile_image": false, "protected": false, "is_translation_enabled": false, "followers_count": 1}
2017-11-01T08:00:04.488539	{"translator_type": "none", "profile_text_color": "333333", "screen_name": "wales4me", "status": {"truncated": false, "place": null, "geo": null, "contributors": null, "source": "<a href=\"http://twitter.com/download/android\" rel=\"nofollow\">Twitter for Android</a>", "is_quote_status": false, "text": "@frostycamel @Team_Trump45 @realDonaldTrump Details.", "favorited": false, "retweeted": false, "coordinates": null, "id_str": "923725041036136448", "in_reply_to_user_id": 905095603297943554, "in_reply_to_screen_name": "frostycamel", "retweet_count": 0, "id": 923725041036136448, "favorite_count": 0, "in_reply_to_user_id_str": "905095603297943554", "in_reply_to_status_id_str": "923181896858824705", "entities": {"urls": [], "hashtags": [], "user_mentions": [{"indices": [0, 12], "id": 905095603297943554, "id_str": "905095603297943554", "screen_name": "frostycamel", "name": "Andy"}, {"indices": [13, 26], "id": 3580248555, "id_str": "3580248555", "screen_name": "Team_Trump45", "name": "Trumpism\u2122"}, {"indices": [27, 43], "id": 25073877, "id_str": "25073877", "screen_name": "realDonaldTrump", "name": "Donald J. Trump"}], "symbols": []}, "lang": "en", "created_at": "Fri Oct 27 01:36:26 +0000 2017", "in_reply_to_status_id": 923181896858824705}, "protected": false, "favourites_count": 20, "profile_link_color": "1DA1F2", "statuses_count": 31, "profile_image_url": "http://pbs.twimg.com/profile_images/1479734318/IMG04_normal.JPG", "default_profile": true, "profile_image_url_https": "https://pbs.twimg.com/profile_images/1479734318/IMG04_normal.JPG", "time_zone": "Pacific Time (US & Canada)", "geo_enabled": false, "has_extended_profile": false, "listed_count": 0, "url": "http://t.co/MBuagCc1vd", "contributors_enabled": false, "location": "Concord, California", "profile_background_color": "C0DEED", "following": false, "created_at": "Wed Mar 11 16:07:12 +0000 2009", "is_translation_enabled": false, "friends_count": 37, "profile_sidebar_border_color": "C0DEED", "notifications": false, "profile_use_background_image": true, "is_translator": false, "verified": false, "default_profile_image": false, "profile_background_tile": false, "id": 23783299, "profile_background_image_url_https": "https://abs.twimg.com/images/themes/theme1/bg.png", "utc_offset": -25200, "followers_count": 1, "entities": {"url": {"urls": [{"indices": [0, 22], "display_url": "twitter.com/wales4me", "url": "http://t.co/MBuagCc1vd", "expanded_url": "https://twitter.com/wales4me"}]}, "description": {"urls": []}}, "description": "Enjoying retirement", "profile_background_image_url": "http://abs.twimg.com/images/themes/theme1/bg.png", "lang": "en", "id_str": "23783299", "follow_request_sent": false, "profile_sidebar_fill_color": "DDEEF6", "name": "Don"}
2017-11-01T09:00:04.558963	{"profile_text_color": "333333", "favourites_count": 20, "listed_count": 0, "name": "Don", "profile_background_image_url_https": "https://abs.twimg.com/images/themes/theme1/bg.png", "created_at": "Wed Mar 11 16:07:12 +0000 2009", "follow_request_sent": false, "profile_background_image_url": "http://abs.twimg.com/images/themes/theme1/bg.png", "screen_name": "wales4me", "default_profile": true, "time_zone": "Pacific Time (US & Canada)", "description": "Enjoying retirement", "utc_offset": -25200, "profile_use_background_image": true, "is_translation_enabled": false, "followers_count": 1, "profile_link_color": "1DA1F2", "profile_background_tile": false, "contributors_enabled": false, "translator_type": "none", "default_profile_image": false, "profile_sidebar_border_color": "C0DEED", "following": false, "has_extended_profile": false, "url": "http://t.co/MBuagCc1vd", "geo_enabled": false, "friends_count": 37, "verified": false, "is_translator": false, "protected": false, "id_str": "23783299", "statuses_count": 31, "profile_sidebar_fill_color": "DDEEF6", "location": "Concord, California", "id": 23783299, "notifications": false, "lang": "en", "status": {"place": null, "coordinates": null, "in_reply_to_status_id_str": "923181896858824705", "created_at": "Fri Oct 27 01:36:26 +0000 2017", "in_reply_to_status_id": 923181896858824705, "favorited": false, "favorite_count": 0, "in_reply_to_user_id": 905095603297943554, "in_reply_to_screen_name": "frostycamel", "text": "@frostycamel @Team_Trump45 @realDonaldTrump Details.", "source": "<a href=\"http://twitter.com/download/android\" rel=\"nofollow\">Twitter for Android</a>", "geo": null, "id_str": "923725041036136448", "in_reply_to_user_id_str": "905095603297943554", "id": 923725041036136448, "retweeted": false, "lang": "en", "contributors": null, "truncated": false, "retweet_count": 0, "entities": {"hashtags": [], "user_mentions": [{"indices": [0, 12], "screen_name": "frostycamel", "name": "Andy", "id_str": "905095603297943554", "id": 905095603297943554}, {"indices": [13, 26], "screen_name": "Team_Trump45", "name": "Trumpism\u2122", "id_str": "3580248555", "id": 3580248555}, {"indices": [27, 43], "screen_name": "realDonaldTrump", "name": "Donald J. Trump", "id_str": "25073877", "id": 25073877}], "urls": [], "symbols": []}, "is_quote_status": false}, "profile_image_url_https": "https://pbs.twimg.com/profile_images/1479734318/IMG04_normal.JPG", "profile_image_url": "http://pbs.twimg.com/profile_images/1479734318/IMG04_normal.JPG", "entities": {"description": {"urls": []}, "url": {"urls": [{"indices": [0, 22], "display_url": "twitter.com/wales4me", "expanded_url": "https://twitter.com/wales4me", "url": "http://t.co/MBuagCc1vd"}]}}, "profile_background_color": "C0DEED"}
2017-11-01T10:00:04.427693	{"location": "Concord, California", "description": "Enjoying retirement", "follow_request_sent": false, "lang": "en", "default_profile_image": false, "verified": false, "is_translator": false, "is_translation_enabled": false, "profile_background_image_url": "http://abs.twimg.com/images/themes/theme1/bg.png", "listed_count": 0, "contributors_enabled": false, "has_extended_profile": false, "profile_use_background_image": true, "id_str": "23783299", "screen_name": "wales4me", "status": {"favorite_count": 0, "favorited": false, "geo": null, "id_str": "923725041036136448", "is_quote_status": false, "lang": "en", "entities": {"hashtags": [], "urls": [], "user_mentions": [{"id_str": "905095603297943554", "id": 905095603297943554, "screen_name": "frostycamel", "indices": [0, 12], "name": "Andy"}, {"id_str": "3580248555", "id": 3580248555, "screen_name": "Team_Trump45", "indices": [13, 26], "name": "Trumpism\u2122"}, {"id_str": "25073877", "id": 25073877, "screen_name": "realDonaldTrump", "indices": [27, 43], "name": "Donald J. Trump"}], "symbols": []}, "place": null, "created_at": "Fri Oct 27 01:36:26 +0000 2017", "in_reply_to_status_id": 923181896858824705, "in_reply_to_status_id_str": "923181896858824705", "id": 923725041036136448, "in_reply_to_screen_name": "frostycamel", "in_reply_to_user_id": 905095603297943554, "coordinates": null, "text": "@frostycamel @Team_Trump45 @realDonaldTrump Details.", "source": "<a href=\"http://twitter.com/download/android\" rel=\"nofollow\">Twitter for Android</a>", "truncated": false, "retweet_count": 0, "in_reply_to_user_id_str": "905095603297943554", "retweeted": false, "contributors": null}, "name": "Don", "entities": {"description": {"urls": []}, "url": {"urls": [{"url": "http://t.co/MBuagCc1vd", "expanded_url": "https://twitter.com/wales4me", "indices": [0, 22], "display_url": "twitter.com/wales4me"}]}}, "geo_enabled": false, "profile_background_color": "C0DEED", "created_at": "Wed Mar 11 16:07:12 +0000 2009", "profile_sidebar_fill_color": "DDEEF6", "profile_background_image_url_https": "https://abs.twimg.com/images/themes/theme1/bg.png", "profile_background_tile": false, "profile_link_color": "1DA1F2", "id": 23783299, "translator_type": "none", "notifications": false, "profile_image_url": "http://pbs.twimg.com/profile_images/1479734318/IMG04_normal.JPG", "favourites_count": 20, "profile_sidebar_border_color": "C0DEED", "default_profile": true, "profile_image_url_https": "https://pbs.twimg.com/profile_images/1479734318/IMG04_normal.JPG", "protected": false, "url": "http://t.co/MBuagCc1vd", "following": false, "profile_text_color": "333333", "followers_count": 1, "utc_offset": -25200, "statuses_count": 31, "friends_count": 37, "time_zone": "Pacific Time (US & Canada)"}
2017-11-01T11:00:04.970038	{"profile_image_url": "http://pbs.twimg.com/profile_images/1479734318/IMG04_normal.JPG", "location": "Concord, California", "id": 23783299, "notifications": false, "default_profile_image": false, "profile_background_color": "C0DEED", "profile_image_url_https": "https://pbs.twimg.com/profile_images/1479734318/IMG04_normal.JPG", "translator_type": "none", "friends_count": 37, "profile_background_tile": false, "profile_use_background_image": true, "created_at": "Wed Mar 11 16:07:12 +0000 2009", "profile_sidebar_fill_color": "DDEEF6", "profile_sidebar_border_color": "C0DEED", "profile_link_color": "1DA1F2", "profile_background_image_url_https": "https://abs.twimg.com/images/themes/theme1/bg.png", "statuses_count": 31, "url": "http://t.co/MBuagCc1vd", "geo_enabled": false, "has_extended_profile": false, "profile_text_color": "333333", "contributors_enabled": false, "protected": false, "is_translation_enabled": false, "time_zone": "Pacific Time (US & Canada)", "status": {"in_reply_to_user_id": 905095603297943554, "id": 923725041036136448, "in_reply_to_user_id_str": "905095603297943554", "in_reply_to_status_id": 923181896858824705, "is_quote_status": false, "text": "@frostycamel @Team_Trump45 @realDonaldTrump Details.", "contributors": null, "favorite_count": 0, "favorited": false, "source": "<a href=\"http://twitter.com/download/android\" rel=\"nofollow\">Twitter for Android</a>", "retweeted": false, "geo": null, "created_at": "Fri Oct 27 01:36:26 +0000 2017", "truncated": false, "in_reply_to_screen_name": "frostycamel", "retweet_count": 0, "place": null, "in_reply_to_status_id_str": "923181896858824705", "entities": {"urls": [], "hashtags": [], "symbols": [], "user_mentions": [{"name": "Andy", "indices": [0, 12], "id_str": "905095603297943554", "id": 905095603297943554, "screen_name": "frostycamel"}, {"name": "Trumpism\u2122", "indices": [13, 26], "id_str": "3580248555", "id": 3580248555, "screen_name": "Team_Trump45"}, {"name": "Donald J. Trump", "indices": [27, 43], "id_str": "25073877", "id": 25073877, "screen_name": "realDonaldTrump"}]}, "id_str": "923725041036136448", "lang": "en", "coordinates": null}, "default_profile": true, "following": false, "utc_offset": -25200, "listed_count": 0, "followers_count": 1, "follow_request_sent": false, "description": "Enjoying retirement", "profile_background_image_url": "http://abs.twimg.com/images/themes/theme1/bg.png", "entities": {"description": {"urls": []}, "url": {"urls": [{"indices": [0, 22], "expanded_url": "https://twitter.com/wales4me", "display_url": "twitter.com/wales4me", "url": "http://t.co/MBuagCc1vd"}]}}, "name": "Don", "is_translator": false, "verified": false, "favourites_count": 20, "lang": "en", "id_str": "23783299", "screen_name": "wales4me"}
2017-11-01T12:00:04.477531	{"status": {"source": "<a href=\"http://twitter.com/download/android\" rel=\"nofollow\">Twitter for Android</a>", "retweet_count": 0, "is_quote_status": false, "lang": "en", "id_str": "923725041036136448", "in_reply_to_user_id": 905095603297943554, "truncated": false, "favorited": false, "geo": null, "created_at": "Fri Oct 27 01:36:26 +0000 2017", "in_reply_to_status_id": 923181896858824705, "in_reply_to_user_id_str": "905095603297943554", "retweeted": false, "entities": {"urls": [], "symbols": [], "user_mentions": [{"id_str": "905095603297943554", "indices": [0, 12], "screen_name": "frostycamel", "id": 905095603297943554, "name": "Andy"}, {"id_str": "3580248555", "indices": [13, 26], "screen_name": "Team_Trump45", "id": 3580248555, "name": "Trumpism\u2122"}, {"id_str": "25073877", "indices": [27, 43], "screen_name": "realDonaldTrump", "id": 25073877, "name": "Donald J. Trump"}], "hashtags": []}, "text": "@frostycamel @Team_Trump45 @realDonaldTrump Details.", "place": null, "id": 923725041036136448, "in_reply_to_screen_name": "frostycamel", "favorite_count": 0, "contributors": null, "in_reply_to_status_id_str": "923181896858824705", "coordinates": null}, "notifications": false, "profile_image_url": "http://pbs.twimg.com/profile_images/1479734318/IMG04_normal.JPG", "profile_text_color": "333333", "follow_request_sent": false, "profile_background_color": "C0DEED", "profile_image_url_https": "https://pbs.twimg.com/profile_images/1479734318/IMG04_normal.JPG", "profile_background_tile": false, "profile_background_image_url": "http://abs.twimg.com/images/themes/theme1/bg.png", "contributors_enabled": false, "statuses_count": 31, "lang": "en", "geo_enabled": false, "entities": {"url": {"urls": [{"display_url": "twitter.com/wales4me", "expanded_url": "https://twitter.com/wales4me", "url": "http://t.co/MBuagCc1vd", "indices": [0, 22]}]}, "description": {"urls": []}}, "favourites_count": 20, "is_translation_enabled": false, "verified": false, "profile_sidebar_fill_color": "DDEEF6", "friends_count": 37, "created_at": "Wed Mar 11 16:07:12 +0000 2009", "url": "http://t.co/MBuagCc1vd", "is_translator": false, "description": "Enjoying retirement", "default_profile_image": false, "location": "Concord, California", "listed_count": 0, "profile_use_background_image": true, "profile_sidebar_border_color": "C0DEED", "default_profile": true, "utc_offset": -25200, "id": 23783299, "translator_type": "none", "has_extended_profile": false, "time_zone": "Pacific Time (US & Canada)", "screen_name": "wales4me", "followers_count": 1, "profile_background_image_url_https": "https://abs.twimg.com/images/themes/theme1/bg.png", "profile_link_color": "1DA1F2", "id_str": "23783299", "following": false, "protected": false, "name": "Don"}
2017-11-01T13:00:03.920607	{"profile_background_image_url": "http://abs.twimg.com/images/themes/theme1/bg.png", "contributors_enabled": false, "url": "http://t.co/MBuagCc1vd", "entities": {"url": {"urls": [{"display_url": "twitter.com/wales4me", "url": "http://t.co/MBuagCc1vd", "expanded_url": "https://twitter.com/wales4me", "indices": [0, 22]}]}, "description": {"urls": []}}, "profile_sidebar_border_color": "C0DEED", "is_translator": false, "status": {"entities": {"urls": [], "hashtags": [], "user_mentions": [{"name": "Andy", "screen_name": "frostycamel", "id": 905095603297943554, "indices": [0, 12], "id_str": "905095603297943554"}, {"name": "Trumpism\u2122", "screen_name": "Team_Trump45", "id": 3580248555, "indices": [13, 26], "id_str": "3580248555"}, {"name": "Donald J. Trump", "screen_name": "realDonaldTrump", "id": 25073877, "indices": [27, 43], "id_str": "25073877"}], "symbols": []}, "text": "@frostycamel @Team_Trump45 @realDonaldTrump Details.", "in_reply_to_status_id": 923181896858824705, "contributors": null, "in_reply_to_user_id": 905095603297943554, "coordinates": null, "id": 923725041036136448, "retweet_count": 0, "is_quote_status": false, "in_reply_to_status_id_str": "923181896858824705", "lang": "en", "in_reply_to_user_id_str": "905095603297943554", "created_at": "Fri Oct 27 01:36:26 +0000 2017", "id_str": "923725041036136448", "source": "<a href=\"http://twitter.com/download/android\" rel=\"nofollow\">Twitter for Android</a>", "geo": null, "in_reply_to_screen_name": "frostycamel", "truncated": false, "favorited": false, "place": null, "retweeted": false, "favorite_count": 0}, "profile_background_image_url_https": "https://abs.twimg.com/images/themes/theme1/bg.png", "notifications": false, "time_zone": "Pacific Time (US & Canada)", "is_translation_enabled": false, "verified": false, "description": "Enjoying retirement", "default_profile": true, "profile_text_color": "333333", "screen_name": "wales4me", "profile_image_url_https": "https://pbs.twimg.com/profile_images/1479734318/IMG04_normal.JPG", "profile_background_tile": false, "statuses_count": 31, "favourites_count": 20, "id": 23783299, "profile_sidebar_fill_color": "DDEEF6", "profile_background_color": "C0DEED", "listed_count": 0, "location": "Concord, California", "lang": "en", "friends_count": 37, "id_str": "23783299", "translator_type": "none", "name": "Don", "followers_count": 1, "default_profile_image": false, "profile_image_url": "http://pbs.twimg.com/profile_images/1479734318/IMG04_normal.JPG", "protected": false, "created_at": "Wed Mar 11 16:07:12 +0000 2009", "follow_request_sent": false, "has_extended_profile": false, "profile_link_color": "1DA1F2", "geo_enabled": false, "profile_use_background_image": true, "following": false, "utc_offset": -25200}
2017-11-01T14:00:04.781334	{"id": 23783299, "created_at": "Wed Mar 11 16:07:12 +0000 2009", "has_extended_profile": false, "location": "Concord, California", "listed_count": 0, "profile_sidebar_fill_color": "DDEEF6", "profile_background_image_url_https": "https://abs.twimg.com/images/themes/theme1/bg.png", "entities": {"url": {"urls": [{"url": "http://t.co/MBuagCc1vd", "display_url": "twitter.com/wales4me", "expanded_url": "https://twitter.com/wales4me", "indices": [0, 22]}]}, "description": {"urls": []}}, "contributors_enabled": false, "name": "Don", "geo_enabled": false, "profile_background_image_url": "http://abs.twimg.com/images/themes/theme1/bg.png", "translator_type": "none", "verified": false, "time_zone": "Pacific Time (US & Canada)", "profile_sidebar_border_color": "C0DEED", "followers_count": 1, "id_str": "23783299", "is_translation_enabled": false, "favourites_count": 20, "profile_text_color": "333333", "is_translator": false, "screen_name": "wales4me", "profile_background_color": "C0DEED", "default_profile": true, "utc_offset": -25200, "follow_request_sent": false, "following": false, "default_profile_image": false, "status": {"id": 923725041036136448, "created_at": "Fri Oct 27 01:36:26 +0000 2017", "contributors": null, "source": "<a href=\"http://twitter.com/download/android\" rel=\"nofollow\">Twitter for Android</a>", "in_reply_to_status_id_str": "923181896858824705", "coordinates": null, "text": "@frostycamel @Team_Trump45 @realDonaldTrump Details.", "entities": {"hashtags": [], "symbols": [], "urls": [], "user_mentions": [{"screen_name": "frostycamel", "name": "Andy", "id_str": "905095603297943554", "indices": [0, 12], "id": 905095603297943554}, {"screen_name": "Team_Trump45", "name": "Trumpism\u2122", "id_str": "3580248555", "indices": [13, 26], "id": 3580248555}, {"screen_name": "realDonaldTrump", "name": "Donald J. Trump", "id_str": "25073877", "indices": [27, 43], "id": 25073877}]}, "in_reply_to_status_id": 923181896858824705, "favorited": false, "favorite_count": 0, "id_str": "923725041036136448", "retweet_count": 0, "in_reply_to_user_id_str": "905095603297943554", "lang": "en", "place": null, "truncated": false, "in_reply_to_user_id": 905095603297943554, "geo": null, "is_quote_status": false, "retweeted": false, "in_reply_to_screen_name": "frostycamel"}, "statuses_count": 31, "profile_image_url": "http://pbs.twimg.com/profile_images/1479734318/IMG04_normal.JPG", "protected": false, "profile_image_url_https": "https://pbs.twimg.com/profile_images/1479734318/IMG04_normal.JPG", "friends_count": 37, "description": "Enjoying retirement", "url": "http://t.co/MBuagCc1vd", "profile_link_color": "1DA1F2", "notifications": false, "profile_use_background_image": true, "profile_background_tile": false, "lang": "en"}
2017-11-01T15:00:04.542102	{"follow_request_sent": false, "geo_enabled": false, "is_translation_enabled": false, "profile_background_tile": false, "translator_type": "none", "id_str": "23783299", "profile_text_color": "333333", "time_zone": "Pacific Time (US & Canada)", "profile_background_image_url_https": "https://abs.twimg.com/images/themes/theme1/bg.png", "entities": {"description": {"urls": []}, "url": {"urls": [{"expanded_url": "https://twitter.com/wales4me", "display_url": "twitter.com/wales4me", "url": "http://t.co/MBuagCc1vd", "indices": [0, 22]}]}}, "profile_link_color": "1DA1F2", "description": "Enjoying retirement", "has_extended_profile": false, "profile_use_background_image": true, "profile_background_image_url": "http://abs.twimg.com/images/themes/theme1/bg.png", "lang": "en", "id": 23783299, "statuses_count": 31, "profile_image_url": "http://pbs.twimg.com/profile_images/1479734318/IMG04_normal.JPG", "profile_sidebar_fill_color": "DDEEF6", "following": false, "default_profile_image": false, "profile_background_color": "C0DEED", "screen_name": "wales4me", "profile_image_url_https": "https://pbs.twimg.com/profile_images/1479734318/IMG04_normal.JPG", "followers_count": 1, "contributors_enabled": false, "verified": false, "utc_offset": -25200, "location": "Concord, California", "is_translator": false, "friends_count": 37, "notifications": false, "name": "Don", "favourites_count": 20, "created_at": "Wed Mar 11 16:07:12 +0000 2009", "listed_count": 0, "default_profile": true, "status": {"favorite_count": 0, "favorited": false, "in_reply_to_status_id_str": "923181896858824705", "entities": {"user_mentions": [{"indices": [0, 12], "name": "Andy", "screen_name": "frostycamel", "id_str": "905095603297943554", "id": 905095603297943554}, {"indices": [13, 26], "name": "Trumpism\u2122", "screen_name": "Team_Trump45", "id_str": "3580248555", "id": 3580248555}, {"indices": [27, 43], "name": "Donald J. Trump", "screen_name": "realDonaldTrump", "id_str": "25073877", "id": 25073877}], "symbols": [], "hashtags": [], "urls": []}, "place": null, "lang": "en", "id": 923725041036136448, "in_reply_to_screen_name": "frostycamel", "in_reply_to_user_id_str": "905095603297943554", "retweeted": false, "coordinates": null, "geo": null, "in_reply_to_status_id": 923181896858824705, "retweet_count": 0, "source": "<a href=\"http://twitter.com/download/android\" rel=\"nofollow\">Twitter for Android</a>", "truncated": false, "is_quote_status": false, "created_at": "Fri Oct 27 01:36:26 +0000 2017", "id_str": "923725041036136448", "text": "@frostycamel @Team_Trump45 @realDonaldTrump Details.", "contributors": null, "in_reply_to_user_id": 905095603297943554}, "profile_sidebar_border_color": "C0DEED", "protected": false, "url": "http://t.co/MBuagCc1vd"}
2017-11-01T16:00:03.844085	{"favourites_count": 20, "protected": false, "follow_request_sent": false, "id_str": "23783299", "has_extended_profile": false, "contributors_enabled": false, "friends_count": 37, "is_translator": false, "followers_count": 1, "profile_link_color": "1DA1F2", "time_zone": "Pacific Time (US & Canada)", "statuses_count": 31, "entities": {"description": {"urls": []}, "url": {"urls": [{"url": "http://t.co/MBuagCc1vd", "indices": [0, 22], "display_url": "twitter.com/wales4me", "expanded_url": "https://twitter.com/wales4me"}]}}, "profile_image_url_https": "https://pbs.twimg.com/profile_images/1479734318/IMG04_normal.JPG", "notifications": false, "name": "Don", "status": {"retweet_count": 0, "retweeted": false, "in_reply_to_status_id_str": "923181896858824705", "geo": null, "id_str": "923725041036136448", "in_reply_to_status_id": 923181896858824705, "contributors": null, "is_quote_status": false, "text": "@frostycamel @Team_Trump45 @realDonaldTrump Details.", "entities": {"user_mentions": [{"name": "Andy", "indices": [0, 12], "id": 905095603297943554, "screen_name": "frostycamel", "id_str": "905095603297943554"}, {"name": "Trumpism\u2122", "indices": [13, 26], "id": 3580248555, "screen_name": "Team_Trump45", "id_str": "3580248555"}, {"name": "Donald J. Trump", "indices": [27, 43], "id": 25073877, "screen_name": "realDonaldTrump", "id_str": "25073877"}], "hashtags": [], "symbols": [], "urls": []}, "favorited": false, "created_at": "Fri Oct 27 01:36:26 +0000 2017", "in_reply_to_user_id_str": "905095603297943554", "source": "<a href=\"http://twitter.com/download/android\" rel=\"nofollow\">Twitter for Android</a>", "in_reply_to_user_id": 905095603297943554, "lang": "en", "truncated": false, "id": 923725041036136448, "favorite_count": 0, "place": null, "coordinates": null, "in_reply_to_screen_name": "frostycamel"}, "listed_count": 0, "profile_image_url": "http://pbs.twimg.com/profile_images/1479734318/IMG04_normal.JPG", "profile_sidebar_fill_color": "DDEEF6", "created_at": "Wed Mar 11 16:07:12 +0000 2009", "profile_sidebar_border_color": "C0DEED", "profile_background_image_url_https": "https://abs.twimg.com/images/themes/theme1/bg.png", "default_profile_image": false, "default_profile": true, "location": "Concord, California", "profile_background_color": "C0DEED", "is_translation_enabled": false, "utc_offset": -25200, "id": 23783299, "screen_name": "wales4me", "translator_type": "none", "lang": "en", "description": "Enjoying retirement", "url": "http://t.co/MBuagCc1vd", "geo_enabled": false, "profile_use_background_image": true, "profile_text_color": "333333", "profile_background_tile": false, "verified": false, "following": false, "profile_background_image_url": "http://abs.twimg.com/images/themes/theme1/bg.png"}
2017-11-01T17:00:04.546707	{"screen_name": "wales4me", "profile_background_image_url_https": "https://abs.twimg.com/images/themes/theme1/bg.png", "is_translation_enabled": false, "profile_background_color": "C0DEED", "profile_sidebar_border_color": "C0DEED", "location": "Concord, California", "name": "Don", "contributors_enabled": false, "time_zone": "Pacific Time (US & Canada)", "profile_use_background_image": true, "statuses_count": 31, "entities": {"description": {"urls": []}, "url": {"urls": [{"expanded_url": "https://twitter.com/wales4me", "display_url": "twitter.com/wales4me", "indices": [0, 22], "url": "http://t.co/MBuagCc1vd"}]}}, "profile_background_tile": false, "id_str": "23783299", "followers_count": 1, "is_translator": false, "listed_count": 0, "profile_background_image_url": "http://abs.twimg.com/images/themes/theme1/bg.png", "notifications": false, "created_at": "Wed Mar 11 16:07:12 +0000 2009", "verified": false, "default_profile_image": false, "id": 23783299, "profile_image_url_https": "https://pbs.twimg.com/profile_images/1479734318/IMG04_normal.JPG", "translator_type": "none", "following": false, "utc_offset": -25200, "profile_link_color": "1DA1F2", "lang": "en", "description": "Enjoying retirement", "status": {"favorite_count": 0, "is_quote_status": false, "retweet_count": 0, "entities": {"hashtags": [], "user_mentions": [{"screen_name": "frostycamel", "name": "Andy", "id": 905095603297943554, "indices": [0, 12], "id_str": "905095603297943554"}, {"screen_name": "Team_Trump45", "name": "Trumpism\u2122", "id": 3580248555, "indices": [13, 26], "id_str": "3580248555"}, {"screen_name": "realDonaldTrump", "name": "Donald J. Trump", "id": 25073877, "indices": [27, 43], "id_str": "25073877"}], "symbols": [], "urls": []}, "favorited": false, "contributors": null, "id_str": "923725041036136448", "retweeted": false, "geo": null, "in_reply_to_user_id": 905095603297943554, "in_reply_to_status_id_str": "923181896858824705", "created_at": "Fri Oct 27 01:36:26 +0000 2017", "coordinates": null, "text": "@frostycamel @Team_Trump45 @realDonaldTrump Details.", "id": 923725041036136448, "in_reply_to_user_id_str": "905095603297943554", "lang": "en", "truncated": false, "in_reply_to_status_id": 923181896858824705, "place": null, "source": "<a href=\"http://twitter.com/download/android\" rel=\"nofollow\">Twitter for Android</a>", "in_reply_to_screen_name": "frostycamel"}, "has_extended_profile": false, "url": "http://t.co/MBuagCc1vd", "default_profile": true, "protected": false, "profile_image_url": "http://pbs.twimg.com/profile_images/1479734318/IMG04_normal.JPG", "profile_sidebar_fill_color": "DDEEF6", "friends_count": 37, "profile_text_color": "333333", "favourites_count": 20, "follow_request_sent": false, "geo_enabled": false}
2017-11-01T18:00:04.610993	{"profile_image_url_https": "https://pbs.twimg.com/profile_images/1479734318/IMG04_normal.JPG", "profile_image_url": "http://pbs.twimg.com/profile_images/1479734318/IMG04_normal.JPG", "created_at": "Wed Mar 11 16:07:12 +0000 2009", "follow_request_sent": false, "location": "Concord, California", "time_zone": "Pacific Time (US & Canada)", "is_translator": false, "profile_background_color": "C0DEED", "is_translation_enabled": false, "following": false, "name": "Don", "profile_link_color": "1DA1F2", "status": {"favorited": false, "is_quote_status": false, "in_reply_to_user_id": 905095603297943554, "truncated": false, "place": null, "text": "@frostycamel @Team_Trump45 @realDonaldTrump Details.", "in_reply_to_user_id_str": "905095603297943554", "id": 923725041036136448, "contributors": null, "lang": "en", "in_reply_to_status_id": 923181896858824705, "source": "<a href=\"http://twitter.com/download/android\" rel=\"nofollow\">Twitter for Android</a>", "retweeted": false, "entities": {"urls": [], "symbols": [], "hashtags": [], "user_mentions": [{"indices": [0, 12], "id": 905095603297943554, "id_str": "905095603297943554", "screen_name": "frostycamel", "name": "Andy"}, {"indices": [13, 26], "id": 3580248555, "id_str": "3580248555", "screen_name": "Team_Trump45", "name": "Trumpism\u2122"}, {"indices": [27, 43], "id": 25073877, "id_str": "25073877", "screen_name": "realDonaldTrump", "name": "Donald J. Trump"}]}, "created_at": "Fri Oct 27 01:36:26 +0000 2017", "retweet_count": 0, "id_str": "923725041036136448", "in_reply_to_screen_name": "frostycamel", "coordinates": null, "favorite_count": 0, "in_reply_to_status_id_str": "923181896858824705", "geo": null}, "profile_background_image_url_https": "https://abs.twimg.com/images/themes/theme1/bg.png", "id": 23783299, "profile_sidebar_fill_color": "DDEEF6", "default_profile_image": false, "utc_offset": -25200, "favourites_count": 20, "lang": "en", "protected": false, "profile_text_color": "333333", "translator_type": "none", "profile_use_background_image": true, "entities": {"description": {"urls": []}, "url": {"urls": [{"indices": [0, 22], "display_url": "twitter.com/wales4me", "expanded_url": "https://twitter.com/wales4me", "url": "http://t.co/MBuagCc1vd"}]}}, "listed_count": 0, "contributors_enabled": false, "profile_sidebar_border_color": "C0DEED", "friends_count": 37, "statuses_count": 31, "id_str": "23783299", "screen_name": "wales4me", "verified": false, "profile_background_tile": false, "default_profile": true, "geo_enabled": false, "notifications": false, "description": "Enjoying retirement", "followers_count": 1, "has_extended_profile": false, "profile_background_image_url": "http://abs.twimg.com/images/themes/theme1/bg.png", "url": "http://t.co/MBuagCc1vd"}
2017-11-01T19:00:04.478337	{"profile_sidebar_fill_color": "DDEEF6", "profile_text_color": "333333", "created_at": "Wed Mar 11 16:07:12 +0000 2009", "follow_request_sent": false, "friends_count": 37, "description": "Enjoying retirement", "screen_name": "wales4me", "profile_sidebar_border_color": "C0DEED", "followers_count": 1, "profile_link_color": "1DA1F2", "favourites_count": 20, "has_extended_profile": false, "geo_enabled": false, "utc_offset": -25200, "protected": false, "contributors_enabled": false, "profile_image_url_https": "https://pbs.twimg.com/profile_images/1479734318/IMG04_normal.JPG", "is_translator": false, "verified": false, "profile_image_url": "http://pbs.twimg.com/profile_images/1479734318/IMG04_normal.JPG", "profile_background_tile": false, "location": "Concord, California", "entities": {"url": {"urls": [{"url": "http://t.co/MBuagCc1vd", "expanded_url": "https://twitter.com/wales4me", "indices": [0, 22], "display_url": "twitter.com/wales4me"}]}, "description": {"urls": []}}, "profile_background_image_url": "http://abs.twimg.com/images/themes/theme1/bg.png", "listed_count": 0, "statuses_count": 31, "default_profile_image": false, "notifications": false, "translator_type": "none", "profile_background_image_url_https": "https://abs.twimg.com/images/themes/theme1/bg.png", "profile_use_background_image": true, "time_zone": "Pacific Time (US & Canada)", "status": {"retweeted": false, "in_reply_to_status_id_str": "923181896858824705", "created_at": "Fri Oct 27 01:36:26 +0000 2017", "source": "<a href=\"http://twitter.com/download/android\" rel=\"nofollow\">Twitter for Android</a>", "is_quote_status": false, "retweet_count": 0, "place": null, "geo": null, "in_reply_to_user_id": 905095603297943554, "id_str": "923725041036136448", "in_reply_to_status_id": 923181896858824705, "in_reply_to_user_id_str": "905095603297943554", "in_reply_to_screen_name": "frostycamel", "entities": {"hashtags": [], "symbols": [], "urls": [], "user_mentions": [{"screen_name": "frostycamel", "name": "Andy", "id_str": "905095603297943554", "id": 905095603297943554, "indices": [0, 12]}, {"screen_name": "Team_Trump45", "name": "Trumpism\u2122", "id_str": "3580248555", "id": 3580248555, "indices": [13, 26]}, {"screen_name": "realDonaldTrump", "name": "Donald J. Trump", "id_str": "25073877", "id": 25073877, "indices": [27, 43]}]}, "text": "@frostycamel @Team_Trump45 @realDonaldTrump Details.", "favorite_count": 0, "id": 923725041036136448, "coordinates": null, "truncated": false, "favorited": false, "lang": "en", "contributors": null}, "is_translation_enabled": false, "default_profile": true, "url": "http://t.co/MBuagCc1vd", "lang": "en", "following": false, "name": "Don", "id": 23783299, "profile_background_color": "C0DEED", "id_str": "23783299"}
2017-11-01T20:00:04.264699	{"protected": false, "contributors_enabled": false, "listed_count": 0, "following": false, "profile_sidebar_border_color": "C0DEED", "geo_enabled": false, "has_extended_profile": false, "url": "http://t.co/MBuagCc1vd", "is_translator": false, "created_at": "Wed Mar 11 16:07:12 +0000 2009", "favourites_count": 20, "translator_type": "none", "profile_background_tile": false, "profile_background_image_url_https": "https://abs.twimg.com/images/themes/theme1/bg.png", "default_profile": true, "profile_image_url_https": "https://pbs.twimg.com/profile_images/1479734318/IMG04_normal.JPG", "time_zone": "Pacific Time (US & Canada)", "statuses_count": 31, "screen_name": "wales4me", "default_profile_image": false, "name": "Don", "profile_link_color": "1DA1F2", "id_str": "23783299", "location": "Concord, California", "notifications": false, "profile_text_color": "333333", "profile_background_color": "C0DEED", "status": {"in_reply_to_user_id_str": "905095603297943554", "place": null, "in_reply_to_screen_name": "frostycamel", "geo": null, "in_reply_to_status_id_str": "923181896858824705", "text": "@frostycamel @Team_Trump45 @realDonaldTrump Details.", "created_at": "Fri Oct 27 01:36:26 +0000 2017", "favorited": false, "retweet_count": 0, "is_quote_status": false, "truncated": false, "source": "<a href=\"http://twitter.com/download/android\" rel=\"nofollow\">Twitter for Android</a>", "id_str": "923725041036136448", "in_reply_to_user_id": 905095603297943554, "entities": {"user_mentions": [{"name": "Andy", "indices": [0, 12], "id": 905095603297943554, "screen_name": "frostycamel", "id_str": "905095603297943554"}, {"name": "Trumpism\u2122", "indices": [13, 26], "id": 3580248555, "screen_name": "Team_Trump45", "id_str": "3580248555"}, {"name": "Donald J. Trump", "indices": [27, 43], "id": 25073877, "screen_name": "realDonaldTrump", "id_str": "25073877"}], "hashtags": [], "urls": [], "symbols": []}, "retweeted": false, "in_reply_to_status_id": 923181896858824705, "id": 923725041036136448, "favorite_count": 0, "coordinates": null, "lang": "en", "contributors": null}, "profile_use_background_image": true, "is_translation_enabled": false, "verified": false, "profile_background_image_url": "http://abs.twimg.com/images/themes/theme1/bg.png", "followers_count": 1, "entities": {"url": {"urls": [{"expanded_url": "https://twitter.com/wales4me", "display_url": "twitter.com/wales4me", "url": "http://t.co/MBuagCc1vd", "indices": [0, 22]}]}, "description": {"urls": []}}, "profile_sidebar_fill_color": "DDEEF6", "description": "Enjoying retirement", "follow_request_sent": false, "profile_image_url": "http://pbs.twimg.com/profile_images/1479734318/IMG04_normal.JPG", "utc_offset": -25200, "lang": "en", "id": 23783299, "friends_count": 37}
2017-11-01T21:00:03.986411	{"is_translator": false, "verified": false, "is_translation_enabled": false, "time_zone": "Pacific Time (US & Canada)", "notifications": false, "protected": false, "default_profile_image": false, "profile_text_color": "333333", "profile_sidebar_border_color": "C0DEED", "has_extended_profile": false, "profile_image_url": "http://pbs.twimg.com/profile_images/1479734318/IMG04_normal.JPG", "geo_enabled": false, "name": "Don", "profile_background_image_url_https": "https://abs.twimg.com/images/themes/theme1/bg.png", "screen_name": "wales4me", "profile_use_background_image": true, "contributors_enabled": false, "lang": "en", "id": 23783299, "profile_background_tile": false, "translator_type": "none", "profile_link_color": "1DA1F2", "profile_sidebar_fill_color": "DDEEF6", "description": "Enjoying retirement", "statuses_count": 31, "favourites_count": 20, "status": {"favorited": false, "in_reply_to_user_id": 905095603297943554, "truncated": false, "in_reply_to_status_id": 923181896858824705, "retweeted": false, "in_reply_to_status_id_str": "923181896858824705", "is_quote_status": false, "in_reply_to_user_id_str": "905095603297943554", "lang": "en", "id": 923725041036136448, "in_reply_to_screen_name": "frostycamel", "geo": null, "retweet_count": 0, "entities": {"user_mentions": [{"id": 905095603297943554, "screen_name": "frostycamel", "name": "Andy", "id_str": "905095603297943554", "indices": [0, 12]}, {"id": 3580248555, "screen_name": "Team_Trump45", "name": "Trumpism\u2122", "id_str": "3580248555", "indices": [13, 26]}, {"id": 25073877, "screen_name": "realDonaldTrump", "name": "Donald J. Trump", "id_str": "25073877", "indices": [27, 43]}], "urls": [], "symbols": [], "hashtags": []}, "coordinates": null, "contributors": null, "created_at": "Fri Oct 27 01:36:26 +0000 2017", "text": "@frostycamel @Team_Trump45 @realDonaldTrump Details.", "source": "<a href=\"http://twitter.com/download/android\" rel=\"nofollow\">Twitter for Android</a>", "place": null, "favorite_count": 0, "id_str": "923725041036136448"}, "followers_count": 1, "created_at": "Wed Mar 11 16:07:12 +0000 2009", "profile_image_url_https": "https://pbs.twimg.com/profile_images/1479734318/IMG04_normal.JPG", "url": "http://t.co/MBuagCc1vd", "default_profile": true, "following": false, "listed_count": 0, "entities": {"url": {"urls": [{"display_url": "twitter.com/wales4me", "url": "http://t.co/MBuagCc1vd", "expanded_url": "https://twitter.com/wales4me", "indices": [0, 22]}]}, "description": {"urls": []}}, "profile_background_image_url": "http://abs.twimg.com/images/themes/theme1/bg.png", "friends_count": 37, "location": "Concord, California", "utc_offset": -25200, "follow_request_sent": false, "profile_background_color": "C0DEED", "id_str": "23783299"}
2017-11-01T22:00:04.132708	{"is_translation_enabled": false, "profile_link_color": "1DA1F2", "following": false, "created_at": "Wed Mar 11 16:07:12 +0000 2009", "status": {"lang": "en", "retweet_count": 0, "created_at": "Fri Oct 27 01:36:26 +0000 2017", "in_reply_to_user_id_str": "905095603297943554", "id": 923725041036136448, "is_quote_status": false, "contributors": null, "in_reply_to_screen_name": "frostycamel", "in_reply_to_status_id_str": "923181896858824705", "text": "@frostycamel @Team_Trump45 @realDonaldTrump Details.", "entities": {"urls": [], "user_mentions": [{"screen_name": "frostycamel", "id": 905095603297943554, "indices": [0, 12], "name": "Andy", "id_str": "905095603297943554"}, {"screen_name": "Team_Trump45", "id": 3580248555, "indices": [13, 26], "name": "Trumpism\u2122", "id_str": "3580248555"}, {"screen_name": "realDonaldTrump", "id": 25073877, "indices": [27, 43], "name": "Donald J. Trump", "id_str": "25073877"}], "symbols": [], "hashtags": []}, "favorite_count": 0, "coordinates": null, "id_str": "923725041036136448", "place": null, "geo": null, "source": "<a href=\"http://twitter.com/download/android\" rel=\"nofollow\">Twitter for Android</a>", "in_reply_to_user_id": 905095603297943554, "favorited": false, "in_reply_to_status_id": 923181896858824705, "truncated": false, "retweeted": false}, "follow_request_sent": false, "id": 23783299, "verified": false, "profile_background_image_url": "http://abs.twimg.com/images/themes/theme1/bg.png", "url": "http://t.co/MBuagCc1vd", "profile_sidebar_fill_color": "DDEEF6", "protected": false, "entities": {"url": {"urls": [{"url": "http://t.co/MBuagCc1vd", "indices": [0, 22], "expanded_url": "https://twitter.com/wales4me", "display_url": "twitter.com/wales4me"}]}, "description": {"urls": []}}, "geo_enabled": false, "default_profile_image": false, "screen_name": "wales4me", "is_translator": false, "lang": "en", "profile_image_url_https": "https://pbs.twimg.com/profile_images/1479734318/IMG04_normal.JPG", "contributors_enabled": false, "id_str": "23783299", "notifications": false, "name": "Don", "profile_background_image_url_https": "https://abs.twimg.com/images/themes/theme1/bg.png", "profile_background_tile": false, "friends_count": 37, "utc_offset": -25200, "listed_count": 0, "description": "Enjoying retirement", "followers_count": 1, "has_extended_profile": false, "location": "Concord, California", "profile_use_background_image": true, "profile_sidebar_border_color": "C0DEED", "favourites_count": 20, "profile_text_color": "333333", "profile_image_url": "http://pbs.twimg.com/profile_images/1479734318/IMG04_normal.JPG", "statuses_count": 31, "translator_type": "none", "default_profile": true, "time_zone": "Pacific Time (US & Canada)", "profile_background_color": "C0DEED"}
2017-11-01T23:00:04.227470	{"statuses_count": 31, "translator_type": "none", "utc_offset": -25200, "default_profile_image": false, "description": "Enjoying retirement", "geo_enabled": false, "time_zone": "Pacific Time (US & Canada)", "followers_count": 1, "profile_link_color": "1DA1F2", "protected": false, "url": "http://t.co/MBuagCc1vd", "verified": false, "screen_name": "wales4me", "has_extended_profile": false, "profile_background_color": "C0DEED", "friends_count": 37, "profile_sidebar_fill_color": "DDEEF6", "favourites_count": 20, "status": {"source": "<a href=\"http://twitter.com/download/android\" rel=\"nofollow\">Twitter for Android</a>", "truncated": false, "coordinates": null, "retweet_count": 0, "in_reply_to_user_id_str": "905095603297943554", "id": 923725041036136448, "is_quote_status": false, "in_reply_to_screen_name": "frostycamel", "place": null, "entities": {"user_mentions": [{"screen_name": "frostycamel", "name": "Andy", "id_str": "905095603297943554", "id": 905095603297943554, "indices": [0, 12]}, {"screen_name": "Team_Trump45", "name": "Trumpism\u2122", "id_str": "3580248555", "id": 3580248555, "indices": [13, 26]}, {"screen_name": "realDonaldTrump", "name": "Donald J. Trump", "id_str": "25073877", "id": 25073877, "indices": [27, 43]}], "hashtags": [], "symbols": [], "urls": []}, "in_reply_to_status_id": 923181896858824705, "text": "@frostycamel @Team_Trump45 @realDonaldTrump Details.", "created_at": "Fri Oct 27 01:36:26 +0000 2017", "in_reply_to_user_id": 905095603297943554, "favorite_count": 0, "favorited": false, "contributors": null, "geo": null, "in_reply_to_status_id_str": "923181896858824705", "retweeted": false, "id_str": "923725041036136448", "lang": "en"}, "entities": {"description": {"urls": []}, "url": {"urls": [{"display_url": "twitter.com/wales4me", "expanded_url": "https://twitter.com/wales4me", "indices": [0, 22], "url": "http://t.co/MBuagCc1vd"}]}}, "notifications": false, "default_profile": true, "follow_request_sent": false, "is_translator": false, "profile_use_background_image": true, "location": "Concord, California", "profile_image_url_https": "https://pbs.twimg.com/profile_images/1479734318/IMG04_normal.JPG", "profile_background_image_url_https": "https://abs.twimg.com/images/themes/theme1/bg.png", "created_at": "Wed Mar 11 16:07:12 +0000 2009", "id": 23783299, "profile_background_tile": false, "contributors_enabled": false, "listed_count": 0, "is_translation_enabled": false, "profile_image_url": "http://pbs.twimg.com/profile_images/1479734318/IMG04_normal.JPG", "profile_sidebar_border_color": "C0DEED", "profile_text_color": "333333", "profile_background_image_url": "http://abs.twimg.com/images/themes/theme1/bg.png", "name": "Don", "following": false, "id_str": "23783299", "lang": "en"}
2017-11-02T00:00:04.525438	{"profile_sidebar_fill_color": "DDEEF6", "entities": {"url": {"urls": [{"url": "http://t.co/MBuagCc1vd", "display_url": "twitter.com/wales4me", "expanded_url": "https://twitter.com/wales4me", "indices": [0, 22]}]}, "description": {"urls": []}}, "friends_count": 37, "profile_link_color": "1DA1F2", "translator_type": "none", "default_profile_image": false, "url": "http://t.co/MBuagCc1vd", "verified": false, "statuses_count": 31, "profile_background_tile": false, "description": "Enjoying retirement", "is_translator": false, "profile_sidebar_border_color": "C0DEED", "default_profile": true, "followers_count": 1, "id": 23783299, "lang": "en", "location": "Concord, California", "profile_background_image_url_https": "https://abs.twimg.com/images/themes/theme1/bg.png", "following": false, "screen_name": "wales4me", "is_translation_enabled": false, "status": {"entities": {"urls": [], "user_mentions": [{"name": "Andy", "id_str": "905095603297943554", "screen_name": "frostycamel", "indices": [0, 12], "id": 905095603297943554}, {"name": "Trumpism\u2122", "id_str": "3580248555", "screen_name": "Team_Trump45", "indices": [13, 26], "id": 3580248555}, {"name": "Donald J. Trump", "id_str": "25073877", "screen_name": "realDonaldTrump", "indices": [27, 43], "id": 25073877}], "symbols": [], "hashtags": []}, "id": 923725041036136448, "contributors": null, "favorited": false, "in_reply_to_user_id": 905095603297943554, "in_reply_to_user_id_str": "905095603297943554", "favorite_count": 0, "coordinates": null, "lang": "en", "truncated": false, "place": null, "created_at": "Fri Oct 27 01:36:26 +0000 2017", "geo": null, "id_str": "923725041036136448", "source": "<a href=\"http://twitter.com/download/android\" rel=\"nofollow\">Twitter for Android</a>", "in_reply_to_screen_name": "frostycamel", "retweet_count": 0, "text": "@frostycamel @Team_Trump45 @realDonaldTrump Details.", "in_reply_to_status_id": 923181896858824705, "in_reply_to_status_id_str": "923181896858824705", "retweeted": false, "is_quote_status": false}, "geo_enabled": false, "favourites_count": 20, "profile_use_background_image": true, "follow_request_sent": false, "name": "Don", "created_at": "Wed Mar 11 16:07:12 +0000 2009", "profile_background_color": "C0DEED", "utc_offset": -25200, "notifications": false, "profile_image_url": "http://pbs.twimg.com/profile_images/1479734318/IMG04_normal.JPG", "protected": false, "contributors_enabled": false, "listed_count": 0, "id_str": "23783299", "profile_background_image_url": "http://abs.twimg.com/images/themes/theme1/bg.png", "has_extended_profile": false, "time_zone": "Pacific Time (US & Canada)", "profile_image_url_https": "https://pbs.twimg.com/profile_images/1479734318/IMG04_normal.JPG", "profile_text_color": "333333"}
2017-11-02T01:00:04.936890	{"following": false, "url": "http://t.co/MBuagCc1vd", "id_str": "23783299", "notifications": false, "protected": false, "id": 23783299, "status": {"id_str": "923725041036136448", "id": 923725041036136448, "contributors": null, "geo": null, "retweet_count": 0, "in_reply_to_user_id_str": "905095603297943554", "place": null, "retweeted": false, "favorited": false, "in_reply_to_screen_name": "frostycamel", "text": "@frostycamel @Team_Trump45 @realDonaldTrump Details.", "source": "<a href=\"http://twitter.com/download/android\" rel=\"nofollow\">Twitter for Android</a>", "in_reply_to_status_id": 923181896858824705, "truncated": false, "in_reply_to_user_id": 905095603297943554, "lang": "en", "created_at": "Fri Oct 27 01:36:26 +0000 2017", "is_quote_status": false, "entities": {"hashtags": [], "user_mentions": [{"indices": [0, 12], "id_str": "905095603297943554", "id": 905095603297943554, "screen_name": "frostycamel", "name": "Andy"}, {"indices": [13, 26], "id_str": "3580248555", "id": 3580248555, "screen_name": "Team_Trump45", "name": "Trumpism\u2122"}, {"indices": [27, 43], "id_str": "25073877", "id": 25073877, "screen_name": "realDonaldTrump", "name": "Donald J. Trump"}], "symbols": [], "urls": []}, "favorite_count": 0, "in_reply_to_status_id_str": "923181896858824705", "coordinates": null}, "favourites_count": 20, "listed_count": 0, "location": "Concord, California", "followers_count": 1, "translator_type": "none", "is_translator": false, "is_translation_enabled": false, "profile_background_image_url": "http://abs.twimg.com/images/themes/theme1/bg.png", "description": "Enjoying retirement", "statuses_count": 31, "has_extended_profile": false, "name": "Don", "profile_sidebar_fill_color": "DDEEF6", "profile_sidebar_border_color": "C0DEED", "follow_request_sent": false, "profile_link_color": "1DA1F2", "friends_count": 37, "profile_background_color": "C0DEED", "profile_use_background_image": true, "profile_text_color": "333333", "screen_name": "wales4me", "default_profile_image": false, "lang": "en", "verified": false, "contributors_enabled": false, "created_at": "Wed Mar 11 16:07:12 +0000 2009", "utc_offset": -25200, "geo_enabled": false, "entities": {"url": {"urls": [{"indices": [0, 22], "url": "http://t.co/MBuagCc1vd", "expanded_url": "https://twitter.com/wales4me", "display_url": "twitter.com/wales4me"}]}, "description": {"urls": []}}, "default_profile": true, "profile_background_image_url_https": "https://abs.twimg.com/images/themes/theme1/bg.png", "profile_image_url": "http://pbs.twimg.com/profile_images/1479734318/IMG04_normal.JPG", "profile_image_url_https": "https://pbs.twimg.com/profile_images/1479734318/IMG04_normal.JPG", "time_zone": "Pacific Time (US & Canada)", "profile_background_tile": false}
2017-11-02T02:00:04.443263	{"profile_image_url": "http://pbs.twimg.com/profile_images/1479734318/IMG04_normal.JPG", "default_profile_image": false, "id": 23783299, "profile_use_background_image": true, "location": "Concord, California", "profile_background_image_url_https": "https://abs.twimg.com/images/themes/theme1/bg.png", "profile_image_url_https": "https://pbs.twimg.com/profile_images/1479734318/IMG04_normal.JPG", "notifications": false, "friends_count": 37, "lang": "en", "status": {"in_reply_to_screen_name": "frostycamel", "id": 923725041036136448, "in_reply_to_user_id_str": "905095603297943554", "contributors": null, "text": "@frostycamel @Team_Trump45 @realDonaldTrump Details.", "favorited": false, "place": null, "geo": null, "in_reply_to_status_id": 923181896858824705, "is_quote_status": false, "coordinates": null, "favorite_count": 0, "in_reply_to_status_id_str": "923181896858824705", "retweeted": false, "source": "<a href=\"http://twitter.com/download/android\" rel=\"nofollow\">Twitter for Android</a>", "entities": {"urls": [], "symbols": [], "user_mentions": [{"name": "Andy", "screen_name": "frostycamel", "id": 905095603297943554, "indices": [0, 12], "id_str": "905095603297943554"}, {"name": "Trumpism\u2122", "screen_name": "Team_Trump45", "id": 3580248555, "indices": [13, 26], "id_str": "3580248555"}, {"name": "Donald J. Trump", "screen_name": "realDonaldTrump", "id": 25073877, "indices": [27, 43], "id_str": "25073877"}], "hashtags": []}, "id_str": "923725041036136448", "lang": "en", "in_reply_to_user_id": 905095603297943554, "truncated": false, "retweet_count": 0, "created_at": "Fri Oct 27 01:36:26 +0000 2017"}, "created_at": "Wed Mar 11 16:07:12 +0000 2009", "profile_background_tile": false, "name": "Don", "url": "http://t.co/MBuagCc1vd", "contributors_enabled": false, "profile_background_color": "C0DEED", "listed_count": 0, "profile_background_image_url": "http://abs.twimg.com/images/themes/theme1/bg.png", "utc_offset": -25200, "screen_name": "wales4me", "profile_link_color": "1DA1F2", "entities": {"url": {"urls": [{"expanded_url": "https://twitter.com/wales4me", "url": "http://t.co/MBuagCc1vd", "display_url": "twitter.com/wales4me", "indices": [0, 22]}]}, "description": {"urls": []}}, "id_str": "23783299", "verified": false, "protected": false, "profile_sidebar_border_color": "C0DEED", "has_extended_profile": false, "profile_sidebar_fill_color": "DDEEF6", "is_translation_enabled": false, "default_profile": true, "followers_count": 1, "time_zone": "Pacific Time (US & Canada)", "favourites_count": 20, "profile_text_color": "333333", "geo_enabled": false, "following": false, "translator_type": "none", "follow_request_sent": false, "description": "Enjoying retirement", "statuses_count": 31, "is_translator": false}
2017-11-02T03:00:04.689906	{"location": "Concord, California", "profile_use_background_image": true, "following": false, "id_str": "23783299", "profile_text_color": "333333", "contributors_enabled": false, "profile_image_url_https": "https://pbs.twimg.com/profile_images/1479734318/IMG04_normal.JPG", "followers_count": 1, "default_profile_image": false, "entities": {"url": {"urls": [{"display_url": "twitter.com/wales4me", "url": "http://t.co/MBuagCc1vd", "indices": [0, 22], "expanded_url": "https://twitter.com/wales4me"}]}, "description": {"urls": []}}, "profile_background_tile": false, "utc_offset": -25200, "translator_type": "none", "screen_name": "wales4me", "time_zone": "Pacific Time (US & Canada)", "verified": false, "friends_count": 37, "created_at": "Wed Mar 11 16:07:12 +0000 2009", "favourites_count": 20, "name": "Don", "follow_request_sent": false, "statuses_count": 31, "protected": false, "notifications": false, "profile_background_image_url": "http://abs.twimg.com/images/themes/theme1/bg.png", "id": 23783299, "profile_background_image_url_https": "https://abs.twimg.com/images/themes/theme1/bg.png", "lang": "en", "profile_image_url": "http://pbs.twimg.com/profile_images/1479734318/IMG04_normal.JPG", "url": "http://t.co/MBuagCc1vd", "geo_enabled": false, "has_extended_profile": false, "profile_sidebar_fill_color": "DDEEF6", "description": "Enjoying retirement", "listed_count": 0, "profile_background_color": "C0DEED", "is_translator": false, "is_translation_enabled": false, "profile_link_color": "1DA1F2", "profile_sidebar_border_color": "C0DEED", "default_profile": true, "status": {"id_str": "923725041036136448", "contributors": null, "in_reply_to_status_id": 923181896858824705, "in_reply_to_screen_name": "frostycamel", "coordinates": null, "favorite_count": 0, "entities": {"urls": [], "hashtags": [], "user_mentions": [{"indices": [0, 12], "id": 905095603297943554, "name": "Andy", "screen_name": "frostycamel", "id_str": "905095603297943554"}, {"indices": [13, 26], "id": 3580248555, "name": "Trumpism\u2122", "screen_name": "Team_Trump45", "id_str": "3580248555"}, {"indices": [27, 43], "id": 25073877, "name": "Donald J. Trump", "screen_name": "realDonaldTrump", "id_str": "25073877"}], "symbols": []}, "in_reply_to_user_id": 905095603297943554, "retweet_count": 0, "created_at": "Fri Oct 27 01:36:26 +0000 2017", "text": "@frostycamel @Team_Trump45 @realDonaldTrump Details.", "in_reply_to_user_id_str": "905095603297943554", "id": 923725041036136448, "favorited": false, "geo": null, "source": "<a href=\"http://twitter.com/download/android\" rel=\"nofollow\">Twitter for Android</a>", "is_quote_status": false, "lang": "en", "in_reply_to_status_id_str": "923181896858824705", "retweeted": false, "truncated": false, "place": null}}
2017-11-02T04:00:04.346863	{"profile_link_color": "1DA1F2", "statuses_count": 31, "protected": false, "name": "Don", "profile_sidebar_fill_color": "DDEEF6", "id": 23783299, "url": "http://t.co/MBuagCc1vd", "friends_count": 37, "followers_count": 1, "profile_background_image_url_https": "https://abs.twimg.com/images/themes/theme1/bg.png", "time_zone": "Pacific Time (US & Canada)", "screen_name": "wales4me", "profile_use_background_image": true, "profile_background_color": "C0DEED", "listed_count": 0, "lang": "en", "utc_offset": -25200, "entities": {"url": {"urls": [{"url": "http://t.co/MBuagCc1vd", "expanded_url": "https://twitter.com/wales4me", "indices": [0, 22], "display_url": "twitter.com/wales4me"}]}, "description": {"urls": []}}, "profile_image_url": "http://pbs.twimg.com/profile_images/1479734318/IMG04_normal.JPG", "profile_background_tile": false, "is_translation_enabled": false, "description": "Enjoying retirement", "contributors_enabled": false, "created_at": "Wed Mar 11 16:07:12 +0000 2009", "profile_sidebar_border_color": "C0DEED", "id_str": "23783299", "profile_image_url_https": "https://pbs.twimg.com/profile_images/1479734318/IMG04_normal.JPG", "default_profile_image": false, "has_extended_profile": false, "status": {"contributors": null, "place": null, "source": "<a href=\"http://twitter.com/download/android\" rel=\"nofollow\">Twitter for Android</a>", "id": 923725041036136448, "favorite_count": 0, "geo": null, "coordinates": null, "retweeted": false, "lang": "en", "entities": {"symbols": [], "user_mentions": [{"indices": [0, 12], "screen_name": "frostycamel", "name": "Andy", "id": 905095603297943554, "id_str": "905095603297943554"}, {"indices": [13, 26], "screen_name": "Team_Trump45", "name": "Trumpism\u2122", "id": 3580248555, "id_str": "3580248555"}, {"indices": [27, 43], "screen_name": "realDonaldTrump", "name": "Donald J. Trump", "id": 25073877, "id_str": "25073877"}], "hashtags": [], "urls": []}, "is_quote_status": false, "favorited": false, "in_reply_to_status_id": 923181896858824705, "created_at": "Fri Oct 27 01:36:26 +0000 2017", "in_reply_to_user_id_str": "905095603297943554", "id_str": "923725041036136448", "in_reply_to_status_id_str": "923181896858824705", "in_reply_to_user_id": 905095603297943554, "text": "@frostycamel @Team_Trump45 @realDonaldTrump Details.", "truncated": false, "retweet_count": 0, "in_reply_to_screen_name": "frostycamel"}, "geo_enabled": false, "follow_request_sent": false, "translator_type": "none", "notifications": false, "is_translator": false, "location": "Concord, California", "profile_background_image_url": "http://abs.twimg.com/images/themes/theme1/bg.png", "following": false, "profile_text_color": "333333", "favourites_count": 20, "default_profile": true, "verified": false}
2017-11-02T05:00:04.179585	{"entities": {"url": {"urls": [{"display_url": "twitter.com/wales4me", "url": "http://t.co/MBuagCc1vd", "indices": [0, 22], "expanded_url": "https://twitter.com/wales4me"}]}, "description": {"urls": []}}, "geo_enabled": false, "profile_image_url_https": "https://pbs.twimg.com/profile_images/1479734318/IMG04_normal.JPG", "location": "Concord, California", "profile_text_color": "333333", "description": "Enjoying retirement", "profile_background_image_url_https": "https://abs.twimg.com/images/themes/theme1/bg.png", "translator_type": "none", "profile_link_color": "1DA1F2", "profile_sidebar_fill_color": "DDEEF6", "created_at": "Wed Mar 11 16:07:12 +0000 2009", "id_str": "23783299", "default_profile": true, "url": "http://t.co/MBuagCc1vd", "protected": false, "has_extended_profile": false, "profile_image_url": "http://pbs.twimg.com/profile_images/1479734318/IMG04_normal.JPG", "friends_count": 37, "time_zone": "Pacific Time (US & Canada)", "profile_background_tile": false, "listed_count": 0, "id": 23783299, "verified": false, "following": false, "is_translator": false, "default_profile_image": false, "utc_offset": -25200, "followers_count": 1, "profile_use_background_image": true, "profile_background_color": "C0DEED", "profile_background_image_url": "http://abs.twimg.com/images/themes/theme1/bg.png", "favourites_count": 20, "statuses_count": 31, "name": "Don", "contributors_enabled": false, "profile_sidebar_border_color": "C0DEED", "screen_name": "wales4me", "is_translation_enabled": false, "follow_request_sent": false, "lang": "en", "notifications": false, "status": {"entities": {"user_mentions": [{"screen_name": "frostycamel", "id": 905095603297943554, "indices": [0, 12], "name": "Andy", "id_str": "905095603297943554"}, {"screen_name": "Team_Trump45", "id": 3580248555, "indices": [13, 26], "name": "Trumpism\u2122", "id_str": "3580248555"}, {"screen_name": "realDonaldTrump", "id": 25073877, "indices": [27, 43], "name": "Donald J. Trump", "id_str": "25073877"}], "hashtags": [], "urls": [], "symbols": []}, "in_reply_to_user_id_str": "905095603297943554", "in_reply_to_status_id_str": "923181896858824705", "place": null, "id": 923725041036136448, "id_str": "923725041036136448", "coordinates": null, "contributors": null, "favorite_count": 0, "truncated": false, "retweeted": false, "created_at": "Fri Oct 27 01:36:26 +0000 2017", "text": "@frostycamel @Team_Trump45 @realDonaldTrump Details.", "in_reply_to_screen_name": "frostycamel", "favorited": false, "lang": "en", "is_quote_status": false, "retweet_count": 0, "in_reply_to_user_id": 905095603297943554, "source": "<a href=\"http://twitter.com/download/android\" rel=\"nofollow\">Twitter for Android</a>", "geo": null, "in_reply_to_status_id": 923181896858824705}}
2017-11-02T06:00:03.925766	{"translator_type": "none", "profile_use_background_image": true, "statuses_count": 31, "follow_request_sent": false, "profile_background_image_url_https": "https://abs.twimg.com/images/themes/theme1/bg.png", "listed_count": 0, "profile_background_color": "C0DEED", "url": "http://t.co/MBuagCc1vd", "default_profile_image": false, "is_translator": false, "has_extended_profile": false, "created_at": "Wed Mar 11 16:07:12 +0000 2009", "is_translation_enabled": false, "default_profile": true, "geo_enabled": false, "favourites_count": 20, "profile_sidebar_fill_color": "DDEEF6", "profile_sidebar_border_color": "C0DEED", "name": "Don", "contributors_enabled": false, "profile_background_image_url": "http://abs.twimg.com/images/themes/theme1/bg.png", "time_zone": "Pacific Time (US & Canada)", "lang": "en", "profile_image_url_https": "https://pbs.twimg.com/profile_images/1479734318/IMG04_normal.JPG", "description": "Enjoying retirement", "screen_name": "wales4me", "notifications": false, "id": 23783299, "followers_count": 1, "verified": false, "id_str": "23783299", "friends_count": 37, "protected": false, "profile_background_tile": false, "utc_offset": -25200, "profile_text_color": "333333", "profile_image_url": "http://pbs.twimg.com/profile_images/1479734318/IMG04_normal.JPG", "following": false, "profile_link_color": "1DA1F2", "location": "Concord, California", "status": {"in_reply_to_status_id": 923181896858824705, "coordinates": null, "geo": null, "truncated": false, "created_at": "Fri Oct 27 01:36:26 +0000 2017", "text": "@frostycamel @Team_Trump45 @realDonaldTrump Details.", "in_reply_to_screen_name": "frostycamel", "retweeted": false, "in_reply_to_user_id_str": "905095603297943554", "lang": "en", "source": "<a href=\"http://twitter.com/download/android\" rel=\"nofollow\">Twitter for Android</a>", "place": null, "id": 923725041036136448, "id_str": "923725041036136448", "in_reply_to_status_id_str": "923181896858824705", "in_reply_to_user_id": 905095603297943554, "contributors": null, "favorite_count": 0, "retweet_count": 0, "favorited": false, "is_quote_status": false, "entities": {"symbols": [], "user_mentions": [{"id": 905095603297943554, "name": "Andy", "id_str": "905095603297943554", "screen_name": "frostycamel", "indices": [0, 12]}, {"id": 3580248555, "name": "Trumpism\u2122", "id_str": "3580248555", "screen_name": "Team_Trump45", "indices": [13, 26]}, {"id": 25073877, "name": "Donald J. Trump", "id_str": "25073877", "screen_name": "realDonaldTrump", "indices": [27, 43]}], "urls": [], "hashtags": []}}, "entities": {"url": {"urls": [{"expanded_url": "https://twitter.com/wales4me", "display_url": "twitter.com/wales4me", "url": "http://t.co/MBuagCc1vd", "indices": [0, 22]}]}, "description": {"urls": []}}}
2017-11-02T07:00:03.797877	{"location": "Concord, California", "profile_sidebar_border_color": "C0DEED", "time_zone": "Pacific Time (US & Canada)", "id_str": "23783299", "has_extended_profile": false, "protected": false, "status": {"in_reply_to_screen_name": "frostycamel", "source": "<a href=\"http://twitter.com/download/android\" rel=\"nofollow\">Twitter for Android</a>", "coordinates": null, "id": 923725041036136448, "favorite_count": 0, "text": "@frostycamel @Team_Trump45 @realDonaldTrump Details.", "is_quote_status": false, "geo": null, "id_str": "923725041036136448", "truncated": false, "created_at": "Fri Oct 27 01:36:26 +0000 2017", "in_reply_to_user_id_str": "905095603297943554", "retweet_count": 0, "contributors": null, "entities": {"user_mentions": [{"id_str": "905095603297943554", "id": 905095603297943554, "name": "Andy", "screen_name": "frostycamel", "indices": [0, 12]}, {"id_str": "3580248555", "id": 3580248555, "name": "Trumpism\u2122", "screen_name": "Team_Trump45", "indices": [13, 26]}, {"id_str": "25073877", "id": 25073877, "name": "Donald J. Trump", "screen_name": "realDonaldTrump", "indices": [27, 43]}], "hashtags": [], "symbols": [], "urls": []}, "lang": "en", "in_reply_to_user_id": 905095603297943554, "favorited": false, "in_reply_to_status_id": 923181896858824705, "in_reply_to_status_id_str": "923181896858824705", "place": null, "retweeted": false}, "id": 23783299, "is_translation_enabled": false, "profile_image_url": "http://pbs.twimg.com/profile_images/1479734318/IMG04_normal.JPG", "profile_link_color": "1DA1F2", "profile_background_image_url": "http://abs.twimg.com/images/themes/theme1/bg.png", "default_profile": true, "following": false, "geo_enabled": false, "is_translator": false, "name": "Don", "follow_request_sent": false, "favourites_count": 20, "notifications": false, "url": "http://t.co/MBuagCc1vd", "created_at": "Wed Mar 11 16:07:12 +0000 2009", "profile_sidebar_fill_color": "DDEEF6", "listed_count": 0, "profile_background_color": "C0DEED", "utc_offset": -25200, "screen_name": "wales4me", "entities": {"url": {"urls": [{"url": "http://t.co/MBuagCc1vd", "indices": [0, 22], "display_url": "twitter.com/wales4me", "expanded_url": "https://twitter.com/wales4me"}]}, "description": {"urls": []}}, "description": "Enjoying retirement", "lang": "en", "default_profile_image": false, "contributors_enabled": false, "profile_image_url_https": "https://pbs.twimg.com/profile_images/1479734318/IMG04_normal.JPG", "profile_use_background_image": true, "verified": false, "profile_text_color": "333333", "translator_type": "none", "followers_count": 1, "profile_background_image_url_https": "https://abs.twimg.com/images/themes/theme1/bg.png", "profile_background_tile": false, "friends_count": 37, "statuses_count": 31}
2017-11-02T08:00:04.327470	{"name": "Don", "default_profile": true, "utc_offset": -25200, "id": 23783299, "profile_background_tile": false, "profile_sidebar_fill_color": "DDEEF6", "statuses_count": 31, "friends_count": 37, "listed_count": 0, "is_translation_enabled": false, "profile_image_url_https": "https://pbs.twimg.com/profile_images/1479734318/IMG04_normal.JPG", "contributors_enabled": false, "notifications": false, "profile_background_image_url_https": "https://abs.twimg.com/images/themes/theme1/bg.png", "follow_request_sent": false, "created_at": "Wed Mar 11 16:07:12 +0000 2009", "is_translator": false, "entities": {"description": {"urls": []}, "url": {"urls": [{"indices": [0, 22], "display_url": "twitter.com/wales4me", "expanded_url": "https://twitter.com/wales4me", "url": "http://t.co/MBuagCc1vd"}]}}, "has_extended_profile": false, "screen_name": "wales4me", "location": "Concord, California", "profile_background_color": "C0DEED", "url": "http://t.co/MBuagCc1vd", "time_zone": "Pacific Time (US & Canada)", "id_str": "23783299", "status": {"in_reply_to_user_id_str": "905095603297943554", "id": 923725041036136448, "place": null, "coordinates": null, "favorited": false, "is_quote_status": false, "contributors": null, "text": "@frostycamel @Team_Trump45 @realDonaldTrump Details.", "truncated": false, "created_at": "Fri Oct 27 01:36:26 +0000 2017", "in_reply_to_status_id_str": "923181896858824705", "source": "<a href=\"http://twitter.com/download/android\" rel=\"nofollow\">Twitter for Android</a>", "entities": {"user_mentions": [{"name": "Andy", "screen_name": "frostycamel", "indices": [0, 12], "id": 905095603297943554, "id_str": "905095603297943554"}, {"name": "Trumpism\u2122", "screen_name": "Team_Trump45", "indices": [13, 26], "id": 3580248555, "id_str": "3580248555"}, {"name": "Donald J. Trump", "screen_name": "realDonaldTrump", "indices": [27, 43], "id": 25073877, "id_str": "25073877"}], "hashtags": [], "urls": [], "symbols": []}, "geo": null, "in_reply_to_user_id": 905095603297943554, "in_reply_to_status_id": 923181896858824705, "id_str": "923725041036136448", "retweet_count": 0, "retweeted": false, "lang": "en", "favorite_count": 0, "in_reply_to_screen_name": "frostycamel"}, "favourites_count": 20, "profile_sidebar_border_color": "C0DEED", "verified": false, "profile_link_color": "1DA1F2", "geo_enabled": false, "lang": "en", "followers_count": 1, "following": false, "profile_image_url": "http://pbs.twimg.com/profile_images/1479734318/IMG04_normal.JPG", "protected": false, "default_profile_image": false, "translator_type": "none", "description": "Enjoying retirement", "profile_background_image_url": "http://abs.twimg.com/images/themes/theme1/bg.png", "profile_use_background_image": true, "profile_text_color": "333333"}
2017-11-02T09:00:05.045046	{"entities": {"url": {"urls": [{"indices": [0, 22], "url": "http://t.co/MBuagCc1vd", "display_url": "twitter.com/wales4me", "expanded_url": "https://twitter.com/wales4me"}]}, "description": {"urls": []}}, "friends_count": 37, "profile_background_image_url_https": "https://abs.twimg.com/images/themes/theme1/bg.png", "screen_name": "wales4me", "geo_enabled": false, "statuses_count": 31, "id": 23783299, "name": "Don", "profile_image_url": "http://pbs.twimg.com/profile_images/1479734318/IMG04_normal.JPG", "followers_count": 1, "listed_count": 0, "location": "Concord, California", "lang": "en", "profile_background_image_url": "http://abs.twimg.com/images/themes/theme1/bg.png", "profile_sidebar_border_color": "C0DEED", "protected": false, "profile_link_color": "1DA1F2", "status": {"entities": {"urls": [], "hashtags": [], "symbols": [], "user_mentions": [{"id": 905095603297943554, "name": "Andy", "screen_name": "frostycamel", "id_str": "905095603297943554", "indices": [0, 12]}, {"id": 3580248555, "name": "Trumpism\u2122", "screen_name": "Team_Trump45", "id_str": "3580248555", "indices": [13, 26]}, {"id": 25073877, "name": "Donald J. Trump", "screen_name": "realDonaldTrump", "id_str": "25073877", "indices": [27, 43]}]}, "id": 923725041036136448, "in_reply_to_status_id": 923181896858824705, "place": null, "is_quote_status": false, "text": "@frostycamel @Team_Trump45 @realDonaldTrump Details.", "truncated": false, "lang": "en", "geo": null, "in_reply_to_user_id": 905095603297943554, "favorite_count": 0, "in_reply_to_user_id_str": "905095603297943554", "in_reply_to_status_id_str": "923181896858824705", "coordinates": null, "source": "<a href=\"http://twitter.com/download/android\" rel=\"nofollow\">Twitter for Android</a>", "favorited": false, "contributors": null, "id_str": "923725041036136448", "in_reply_to_screen_name": "frostycamel", "retweeted": false, "created_at": "Fri Oct 27 01:36:26 +0000 2017", "retweet_count": 0}, "favourites_count": 20, "verified": false, "translator_type": "none", "is_translator": false, "notifications": false, "description": "Enjoying retirement", "profile_background_color": "C0DEED", "follow_request_sent": false, "id_str": "23783299", "profile_sidebar_fill_color": "DDEEF6", "is_translation_enabled": false, "profile_background_tile": false, "created_at": "Wed Mar 11 16:07:12 +0000 2009", "default_profile": true, "contributors_enabled": false, "default_profile_image": false, "time_zone": "Pacific Time (US & Canada)", "profile_text_color": "333333", "profile_use_background_image": true, "has_extended_profile": false, "following": false, "url": "http://t.co/MBuagCc1vd", "profile_image_url_https": "https://pbs.twimg.com/profile_images/1479734318/IMG04_normal.JPG", "utc_offset": -25200}
2017-11-02T10:00:04.777683	{"translator_type": "none", "default_profile_image": false, "following": false, "status": {"in_reply_to_screen_name": "frostycamel", "contributors": null, "is_quote_status": false, "favorite_count": 0, "place": null, "id_str": "923725041036136448", "source": "<a href=\"http://twitter.com/download/android\" rel=\"nofollow\">Twitter for Android</a>", "in_reply_to_status_id_str": "923181896858824705", "created_at": "Fri Oct 27 01:36:26 +0000 2017", "text": "@frostycamel @Team_Trump45 @realDonaldTrump Details.", "geo": null, "coordinates": null, "retweeted": false, "in_reply_to_status_id": 923181896858824705, "lang": "en", "truncated": false, "in_reply_to_user_id_str": "905095603297943554", "in_reply_to_user_id": 905095603297943554, "retweet_count": 0, "id": 923725041036136448, "favorited": false, "entities": {"hashtags": [], "user_mentions": [{"indices": [0, 12], "id_str": "905095603297943554", "name": "Andy", "screen_name": "frostycamel", "id": 905095603297943554}, {"indices": [13, 26], "id_str": "3580248555", "name": "Trumpism\u2122", "screen_name": "Team_Trump45", "id": 3580248555}, {"indices": [27, 43], "id_str": "25073877", "name": "Donald J. Trump", "screen_name": "realDonaldTrump", "id": 25073877}], "symbols": [], "urls": []}}, "profile_link_color": "1DA1F2", "is_translation_enabled": false, "verified": false, "time_zone": "Pacific Time (US & Canada)", "profile_sidebar_border_color": "C0DEED", "id_str": "23783299", "profile_image_url_https": "https://pbs.twimg.com/profile_images/1479734318/IMG04_normal.JPG", "is_translator": false, "profile_image_url": "http://pbs.twimg.com/profile_images/1479734318/IMG04_normal.JPG", "followers_count": 1, "follow_request_sent": false, "utc_offset": -25200, "url": "http://t.co/MBuagCc1vd", "screen_name": "wales4me", "profile_use_background_image": true, "profile_background_tile": false, "protected": false, "created_at": "Wed Mar 11 16:07:12 +0000 2009", "listed_count": 0, "favourites_count": 20, "profile_background_image_url_https": "https://abs.twimg.com/images/themes/theme1/bg.png", "friends_count": 37, "location": "Concord, California", "contributors_enabled": false, "lang": "en", "default_profile": true, "has_extended_profile": false, "profile_text_color": "333333", "geo_enabled": false, "profile_background_image_url": "http://abs.twimg.com/images/themes/theme1/bg.png", "statuses_count": 31, "profile_sidebar_fill_color": "DDEEF6", "entities": {"description": {"urls": []}, "url": {"urls": [{"display_url": "twitter.com/wales4me", "expanded_url": "https://twitter.com/wales4me", "url": "http://t.co/MBuagCc1vd", "indices": [0, 22]}]}}, "profile_background_color": "C0DEED", "description": "Enjoying retirement", "notifications": false, "name": "Don", "id": 23783299}
2017-11-02T11:00:04.906947	{"status": {"retweeted": false, "in_reply_to_status_id": 923181896858824705, "in_reply_to_user_id": 905095603297943554, "contributors": null, "created_at": "Fri Oct 27 01:36:26 +0000 2017", "in_reply_to_user_id_str": "905095603297943554", "in_reply_to_status_id_str": "923181896858824705", "text": "@frostycamel @Team_Trump45 @realDonaldTrump Details.", "truncated": false, "source": "<a href=\"http://twitter.com/download/android\" rel=\"nofollow\">Twitter for Android</a>", "place": null, "favorite_count": 0, "entities": {"user_mentions": [{"screen_name": "frostycamel", "id": 905095603297943554, "name": "Andy", "indices": [0, 12], "id_str": "905095603297943554"}, {"screen_name": "Team_Trump45", "id": 3580248555, "name": "Trumpism\u2122", "indices": [13, 26], "id_str": "3580248555"}, {"screen_name": "realDonaldTrump", "id": 25073877, "name": "Donald J. Trump", "indices": [27, 43], "id_str": "25073877"}], "symbols": [], "urls": [], "hashtags": []}, "lang": "en", "retweet_count": 0, "favorited": false, "coordinates": null, "is_quote_status": false, "in_reply_to_screen_name": "frostycamel", "id": 923725041036136448, "geo": null, "id_str": "923725041036136448"}, "translator_type": "none", "created_at": "Wed Mar 11 16:07:12 +0000 2009", "verified": false, "utc_offset": -25200, "favourites_count": 20, "time_zone": "Pacific Time (US & Canada)", "listed_count": 0, "is_translation_enabled": false, "profile_background_tile": false, "default_profile": true, "is_translator": false, "notifications": false, "profile_image_url": "http://pbs.twimg.com/profile_images/1479734318/IMG04_normal.JPG", "screen_name": "wales4me", "friends_count": 37, "profile_background_image_url_https": "https://abs.twimg.com/images/themes/theme1/bg.png", "profile_background_color": "C0DEED", "profile_text_color": "333333", "profile_link_color": "1DA1F2", "statuses_count": 31, "geo_enabled": false, "profile_use_background_image": true, "followers_count": 1, "entities": {"description": {"urls": []}, "url": {"urls": [{"indices": [0, 22], "url": "http://t.co/MBuagCc1vd", "display_url": "twitter.com/wales4me", "expanded_url": "https://twitter.com/wales4me"}]}}, "lang": "en", "protected": false, "follow_request_sent": false, "name": "Don", "url": "http://t.co/MBuagCc1vd", "profile_background_image_url": "http://abs.twimg.com/images/themes/theme1/bg.png", "default_profile_image": false, "contributors_enabled": false, "profile_sidebar_border_color": "C0DEED", "has_extended_profile": false, "description": "Enjoying retirement", "id": 23783299, "profile_image_url_https": "https://pbs.twimg.com/profile_images/1479734318/IMG04_normal.JPG", "profile_sidebar_fill_color": "DDEEF6", "location": "Concord, California", "following": false, "id_str": "23783299"}
2017-11-02T12:00:04.887615	{"url": "http://t.co/MBuagCc1vd", "location": "Concord, California", "id": 23783299, "followers_count": 1, "description": "Enjoying retirement", "time_zone": "Pacific Time (US & Canada)", "id_str": "23783299", "profile_background_image_url": "http://abs.twimg.com/images/themes/theme1/bg.png", "status": {"in_reply_to_user_id": 905095603297943554, "in_reply_to_status_id_str": "923181896858824705", "id_str": "923725041036136448", "lang": "en", "id": 923725041036136448, "coordinates": null, "text": "@frostycamel @Team_Trump45 @realDonaldTrump Details.", "in_reply_to_user_id_str": "905095603297943554", "truncated": false, "favorite_count": 0, "retweet_count": 0, "in_reply_to_status_id": 923181896858824705, "geo": null, "source": "<a href=\"http://twitter.com/download/android\" rel=\"nofollow\">Twitter for Android</a>", "retweeted": false, "in_reply_to_screen_name": "frostycamel", "created_at": "Fri Oct 27 01:36:26 +0000 2017", "entities": {"urls": [], "symbols": [], "user_mentions": [{"screen_name": "frostycamel", "name": "Andy", "id": 905095603297943554, "indices": [0, 12], "id_str": "905095603297943554"}, {"screen_name": "Team_Trump45", "name": "Trumpism\u2122", "id": 3580248555, "indices": [13, 26], "id_str": "3580248555"}, {"screen_name": "realDonaldTrump", "name": "Donald J. Trump", "id": 25073877, "indices": [27, 43], "id_str": "25073877"}], "hashtags": []}, "place": null, "favorited": false, "is_quote_status": false, "contributors": null}, "geo_enabled": false, "profile_use_background_image": true, "utc_offset": -25200, "lang": "en", "listed_count": 0, "screen_name": "wales4me", "is_translation_enabled": false, "profile_sidebar_border_color": "C0DEED", "following": false, "name": "Don", "profile_link_color": "1DA1F2", "notifications": false, "profile_background_color": "C0DEED", "profile_sidebar_fill_color": "DDEEF6", "profile_text_color": "333333", "default_profile_image": false, "default_profile": true, "favourites_count": 20, "follow_request_sent": false, "contributors_enabled": false, "profile_image_url_https": "https://pbs.twimg.com/profile_images/1479734318/IMG04_normal.JPG", "is_translator": false, "created_at": "Wed Mar 11 16:07:12 +0000 2009", "translator_type": "none", "entities": {"url": {"urls": [{"url": "http://t.co/MBuagCc1vd", "display_url": "twitter.com/wales4me", "expanded_url": "https://twitter.com/wales4me", "indices": [0, 22]}]}, "description": {"urls": []}}, "protected": false, "profile_background_image_url_https": "https://abs.twimg.com/images/themes/theme1/bg.png", "verified": false, "friends_count": 37, "has_extended_profile": false, "statuses_count": 31, "profile_background_tile": false, "profile_image_url": "http://pbs.twimg.com/profile_images/1479734318/IMG04_normal.JPG"}
2017-11-02T13:00:05.077297	{"contributors_enabled": false, "time_zone": "Pacific Time (US & Canada)", "followers_count": 1, "geo_enabled": false, "protected": false, "profile_image_url_https": "https://pbs.twimg.com/profile_images/1479734318/IMG04_normal.JPG", "statuses_count": 31, "is_translation_enabled": false, "lang": "en", "favourites_count": 20, "entities": {"description": {"urls": []}, "url": {"urls": [{"indices": [0, 22], "display_url": "twitter.com/wales4me", "expanded_url": "https://twitter.com/wales4me", "url": "http://t.co/MBuagCc1vd"}]}}, "profile_text_color": "333333", "profile_sidebar_fill_color": "DDEEF6", "url": "http://t.co/MBuagCc1vd", "translator_type": "none", "verified": false, "id_str": "23783299", "id": 23783299, "listed_count": 0, "follow_request_sent": false, "screen_name": "wales4me", "friends_count": 37, "profile_background_tile": false, "is_translator": false, "profile_image_url": "http://pbs.twimg.com/profile_images/1479734318/IMG04_normal.JPG", "profile_background_image_url": "http://abs.twimg.com/images/themes/theme1/bg.png", "name": "Don", "profile_background_image_url_https": "https://abs.twimg.com/images/themes/theme1/bg.png", "following": false, "utc_offset": -25200, "default_profile": true, "status": {"source": "<a href=\"http://twitter.com/download/android\" rel=\"nofollow\">Twitter for Android</a>", "lang": "en", "in_reply_to_screen_name": "frostycamel", "entities": {"urls": [], "hashtags": [], "symbols": [], "user_mentions": [{"indices": [0, 12], "id_str": "905095603297943554", "id": 905095603297943554, "name": "Andy", "screen_name": "frostycamel"}, {"indices": [13, 26], "id_str": "3580248555", "id": 3580248555, "name": "Trumpism\u2122", "screen_name": "Team_Trump45"}, {"indices": [27, 43], "id_str": "25073877", "id": 25073877, "name": "Donald J. Trump", "screen_name": "realDonaldTrump"}]}, "geo": null, "in_reply_to_status_id_str": "923181896858824705", "is_quote_status": false, "id_str": "923725041036136448", "id": 923725041036136448, "contributors": null, "favorited": false, "truncated": false, "retweeted": false, "in_reply_to_user_id": 905095603297943554, "created_at": "Fri Oct 27 01:36:26 +0000 2017", "in_reply_to_status_id": 923181896858824705, "coordinates": null, "text": "@frostycamel @Team_Trump45 @realDonaldTrump Details.", "in_reply_to_user_id_str": "905095603297943554", "favorite_count": 0, "place": null, "retweet_count": 0}, "profile_background_color": "C0DEED", "profile_sidebar_border_color": "C0DEED", "has_extended_profile": false, "default_profile_image": false, "profile_link_color": "1DA1F2", "profile_use_background_image": true, "description": "Enjoying retirement", "created_at": "Wed Mar 11 16:07:12 +0000 2009", "location": "Concord, California", "notifications": false}
2017-11-02T14:00:04.527031	{"default_profile": true, "notifications": false, "listed_count": 0, "profile_background_tile": false, "profile_image_url": "http://pbs.twimg.com/profile_images/1479734318/IMG04_normal.JPG", "protected": false, "profile_sidebar_border_color": "C0DEED", "following": false, "profile_image_url_https": "https://pbs.twimg.com/profile_images/1479734318/IMG04_normal.JPG", "name": "Don", "is_translator": false, "profile_background_image_url_https": "https://abs.twimg.com/images/themes/theme1/bg.png", "entities": {"description": {"urls": []}, "url": {"urls": [{"indices": [0, 22], "display_url": "twitter.com/wales4me", "url": "http://t.co/MBuagCc1vd", "expanded_url": "https://twitter.com/wales4me"}]}}, "translator_type": "none", "profile_background_image_url": "http://abs.twimg.com/images/themes/theme1/bg.png", "utc_offset": -25200, "has_extended_profile": false, "id": 23783299, "contributors_enabled": false, "url": "http://t.co/MBuagCc1vd", "profile_background_color": "C0DEED", "created_at": "Wed Mar 11 16:07:12 +0000 2009", "profile_link_color": "1DA1F2", "description": "Enjoying retirement", "screen_name": "wales4me", "is_translation_enabled": false, "favourites_count": 20, "time_zone": "Pacific Time (US & Canada)", "follow_request_sent": false, "lang": "en", "id_str": "23783299", "status": {"contributors": null, "coordinates": null, "in_reply_to_status_id": 923181896858824705, "retweeted": false, "in_reply_to_screen_name": "frostycamel", "favorite_count": 0, "entities": {"symbols": [], "urls": [], "user_mentions": [{"id": 905095603297943554, "screen_name": "frostycamel", "indices": [0, 12], "name": "Andy", "id_str": "905095603297943554"}, {"id": 3580248555, "screen_name": "Team_Trump45", "indices": [13, 26], "name": "Trumpism\u2122", "id_str": "3580248555"}, {"id": 25073877, "screen_name": "realDonaldTrump", "indices": [27, 43], "name": "Donald J. Trump", "id_str": "25073877"}], "hashtags": []}, "id": 923725041036136448, "in_reply_to_user_id_str": "905095603297943554", "created_at": "Fri Oct 27 01:36:26 +0000 2017", "in_reply_to_user_id": 905095603297943554, "truncated": false, "in_reply_to_status_id_str": "923181896858824705", "retweet_count": 0, "lang": "en", "id_str": "923725041036136448", "text": "@frostycamel @Team_Trump45 @realDonaldTrump Details.", "is_quote_status": false, "place": null, "geo": null, "favorited": false, "source": "<a href=\"http://twitter.com/download/android\" rel=\"nofollow\">Twitter for Android</a>"}, "verified": false, "profile_use_background_image": true, "default_profile_image": false, "statuses_count": 31, "followers_count": 1, "location": "Concord, California", "profile_sidebar_fill_color": "DDEEF6", "geo_enabled": false, "friends_count": 37, "profile_text_color": "333333"}
2017-11-02T15:00:04.455072	{"utc_offset": -25200, "profile_sidebar_border_color": "C0DEED", "profile_background_image_url_https": "https://abs.twimg.com/images/themes/theme1/bg.png", "protected": false, "id_str": "23783299", "profile_use_background_image": true, "url": "http://t.co/MBuagCc1vd", "time_zone": "Pacific Time (US & Canada)", "is_translation_enabled": false, "profile_background_tile": false, "translator_type": "none", "description": "Enjoying retirement", "location": "Concord, California", "screen_name": "wales4me", "notifications": false, "lang": "en", "default_profile_image": false, "default_profile": true, "entities": {"description": {"urls": []}, "url": {"urls": [{"indices": [0, 22], "expanded_url": "https://twitter.com/wales4me", "display_url": "twitter.com/wales4me", "url": "http://t.co/MBuagCc1vd"}]}}, "favourites_count": 20, "friends_count": 37, "geo_enabled": false, "created_at": "Wed Mar 11 16:07:12 +0000 2009", "profile_image_url_https": "https://pbs.twimg.com/profile_images/1479734318/IMG04_normal.JPG", "profile_text_color": "333333", "has_extended_profile": false, "follow_request_sent": false, "profile_link_color": "1DA1F2", "verified": false, "profile_background_color": "C0DEED", "profile_image_url": "http://pbs.twimg.com/profile_images/1479734318/IMG04_normal.JPG", "status": {"retweeted": false, "in_reply_to_status_id_str": "923181896858824705", "id_str": "923725041036136448", "truncated": false, "favorited": false, "is_quote_status": false, "lang": "en", "source": "<a href=\"http://twitter.com/download/android\" rel=\"nofollow\">Twitter for Android</a>", "place": null, "entities": {"urls": [], "symbols": [], "user_mentions": [{"id_str": "905095603297943554", "screen_name": "frostycamel", "indices": [0, 12], "name": "Andy", "id": 905095603297943554}, {"id_str": "3580248555", "screen_name": "Team_Trump45", "indices": [13, 26], "name": "Trumpism\u2122", "id": 3580248555}, {"id_str": "25073877", "screen_name": "realDonaldTrump", "indices": [27, 43], "name": "Donald J. Trump", "id": 25073877}], "hashtags": []}, "in_reply_to_screen_name": "frostycamel", "coordinates": null, "in_reply_to_user_id_str": "905095603297943554", "retweet_count": 0, "contributors": null, "in_reply_to_status_id": 923181896858824705, "text": "@frostycamel @Team_Trump45 @realDonaldTrump Details.", "geo": null, "created_at": "Fri Oct 27 01:36:26 +0000 2017", "id": 923725041036136448, "in_reply_to_user_id": 905095603297943554, "favorite_count": 0}, "name": "Don", "contributors_enabled": false, "is_translator": false, "following": false, "followers_count": 1, "id": 23783299, "listed_count": 0, "profile_background_image_url": "http://abs.twimg.com/images/themes/theme1/bg.png", "statuses_count": 31, "profile_sidebar_fill_color": "DDEEF6"}
2017-11-02T16:00:04.451415	{"profile_background_tile": false, "location": "Concord, California", "id": 23783299, "is_translator": false, "contributors_enabled": false, "friends_count": 37, "statuses_count": 31, "profile_background_color": "C0DEED", "default_profile_image": false, "profile_background_image_url_https": "https://abs.twimg.com/images/themes/theme1/bg.png", "profile_background_image_url": "http://abs.twimg.com/images/themes/theme1/bg.png", "name": "Don", "id_str": "23783299", "profile_sidebar_border_color": "C0DEED", "utc_offset": -25200, "profile_image_url": "http://pbs.twimg.com/profile_images/1479734318/IMG04_normal.JPG", "translator_type": "none", "created_at": "Wed Mar 11 16:07:12 +0000 2009", "profile_sidebar_fill_color": "DDEEF6", "listed_count": 0, "lang": "en", "geo_enabled": false, "default_profile": true, "is_translation_enabled": false, "entities": {"description": {"urls": []}, "url": {"urls": [{"indices": [0, 22], "url": "http://t.co/MBuagCc1vd", "expanded_url": "https://twitter.com/wales4me", "display_url": "twitter.com/wales4me"}]}}, "follow_request_sent": false, "followers_count": 1, "notifications": false, "has_extended_profile": false, "profile_link_color": "1DA1F2", "protected": false, "time_zone": "Pacific Time (US & Canada)", "description": "Enjoying retirement", "profile_use_background_image": true, "url": "http://t.co/MBuagCc1vd", "profile_text_color": "333333", "profile_image_url_https": "https://pbs.twimg.com/profile_images/1479734318/IMG04_normal.JPG", "status": {"retweet_count": 0, "in_reply_to_status_id_str": "923181896858824705", "id": 923725041036136448, "favorited": false, "in_reply_to_user_id": 905095603297943554, "in_reply_to_screen_name": "frostycamel", "geo": null, "truncated": false, "retweeted": false, "in_reply_to_status_id": 923181896858824705, "source": "<a href=\"http://twitter.com/download/android\" rel=\"nofollow\">Twitter for Android</a>", "is_quote_status": false, "created_at": "Fri Oct 27 01:36:26 +0000 2017", "in_reply_to_user_id_str": "905095603297943554", "lang": "en", "entities": {"urls": [], "hashtags": [], "symbols": [], "user_mentions": [{"indices": [0, 12], "screen_name": "frostycamel", "name": "Andy", "id": 905095603297943554, "id_str": "905095603297943554"}, {"indices": [13, 26], "screen_name": "Team_Trump45", "name": "Trumpism\u2122", "id": 3580248555, "id_str": "3580248555"}, {"indices": [27, 43], "screen_name": "realDonaldTrump", "name": "Donald J. Trump", "id": 25073877, "id_str": "25073877"}]}, "coordinates": null, "id_str": "923725041036136448", "favorite_count": 0, "place": null, "contributors": null, "text": "@frostycamel @Team_Trump45 @realDonaldTrump Details."}, "screen_name": "wales4me", "verified": false, "following": false, "favourites_count": 20}
2017-11-02T17:00:04.315921	{"follow_request_sent": false, "verified": false, "utc_offset": -25200, "contributors_enabled": false, "profile_link_color": "1DA1F2", "description": "Enjoying retirement", "listed_count": 0, "profile_text_color": "333333", "profile_image_url_https": "https://pbs.twimg.com/profile_images/1479734318/IMG04_normal.JPG", "location": "Concord, California", "lang": "en", "created_at": "Wed Mar 11 16:07:12 +0000 2009", "following": false, "is_translator": false, "profile_image_url": "http://pbs.twimg.com/profile_images/1479734318/IMG04_normal.JPG", "profile_background_tile": false, "followers_count": 1, "favourites_count": 20, "geo_enabled": false, "notifications": false, "profile_use_background_image": true, "status": {"source": "<a href=\"http://twitter.com/download/android\" rel=\"nofollow\">Twitter for Android</a>", "in_reply_to_user_id": 905095603297943554, "contributors": null, "in_reply_to_status_id_str": "923181896858824705", "lang": "en", "favorited": false, "created_at": "Fri Oct 27 01:36:26 +0000 2017", "in_reply_to_user_id_str": "905095603297943554", "entities": {"user_mentions": [{"screen_name": "frostycamel", "id_str": "905095603297943554", "id": 905095603297943554, "name": "Andy", "indices": [0, 12]}, {"screen_name": "Team_Trump45", "id_str": "3580248555", "id": 3580248555, "name": "Trumpism\u2122", "indices": [13, 26]}, {"screen_name": "realDonaldTrump", "id_str": "25073877", "id": 25073877, "name": "Donald J. Trump", "indices": [27, 43]}], "hashtags": [], "urls": [], "symbols": []}, "in_reply_to_status_id": 923181896858824705, "favorite_count": 0, "id_str": "923725041036136448", "is_quote_status": false, "in_reply_to_screen_name": "frostycamel", "place": null, "geo": null, "id": 923725041036136448, "retweet_count": 0, "coordinates": null, "truncated": false, "text": "@frostycamel @Team_Trump45 @realDonaldTrump Details.", "retweeted": false}, "translator_type": "none", "default_profile": true, "time_zone": "Pacific Time (US & Canada)", "name": "Don", "statuses_count": 31, "is_translation_enabled": false, "profile_background_color": "C0DEED", "has_extended_profile": false, "profile_sidebar_border_color": "C0DEED", "profile_sidebar_fill_color": "DDEEF6", "id_str": "23783299", "id": 23783299, "url": "http://t.co/MBuagCc1vd", "friends_count": 37, "default_profile_image": false, "entities": {"description": {"urls": []}, "url": {"urls": [{"display_url": "twitter.com/wales4me", "indices": [0, 22], "url": "http://t.co/MBuagCc1vd", "expanded_url": "https://twitter.com/wales4me"}]}}, "profile_background_image_url": "http://abs.twimg.com/images/themes/theme1/bg.png", "profile_background_image_url_https": "https://abs.twimg.com/images/themes/theme1/bg.png", "screen_name": "wales4me", "protected": false}
2017-11-02T18:00:04.241086	{"follow_request_sent": false, "entities": {"url": {"urls": [{"display_url": "twitter.com/wales4me", "indices": [0, 22], "url": "http://t.co/MBuagCc1vd", "expanded_url": "https://twitter.com/wales4me"}]}, "description": {"urls": []}}, "friends_count": 37, "id_str": "23783299", "location": "Concord, California", "url": "http://t.co/MBuagCc1vd", "profile_link_color": "1DA1F2", "profile_background_tile": false, "screen_name": "wales4me", "profile_background_image_url": "http://abs.twimg.com/images/themes/theme1/bg.png", "favourites_count": 20, "contributors_enabled": false, "description": "Enjoying retirement", "notifications": false, "statuses_count": 31, "is_translation_enabled": false, "verified": false, "profile_image_url_https": "https://pbs.twimg.com/profile_images/1479734318/IMG04_normal.JPG", "is_translator": false, "listed_count": 0, "profile_sidebar_fill_color": "DDEEF6", "geo_enabled": false, "profile_image_url": "http://pbs.twimg.com/profile_images/1479734318/IMG04_normal.JPG", "profile_text_color": "333333", "id": 23783299, "profile_background_color": "C0DEED", "created_at": "Wed Mar 11 16:07:12 +0000 2009", "default_profile": true, "following": false, "followers_count": 1, "default_profile_image": false, "time_zone": "Pacific Time (US & Canada)", "profile_sidebar_border_color": "C0DEED", "profile_use_background_image": true, "status": {"entities": {"hashtags": [], "symbols": [], "user_mentions": [{"screen_name": "frostycamel", "indices": [0, 12], "id": 905095603297943554, "name": "Andy", "id_str": "905095603297943554"}, {"screen_name": "Team_Trump45", "indices": [13, 26], "id": 3580248555, "name": "Trumpism\u2122", "id_str": "3580248555"}, {"screen_name": "realDonaldTrump", "indices": [27, 43], "id": 25073877, "name": "Donald J. Trump", "id_str": "25073877"}], "urls": []}, "in_reply_to_user_id_str": "905095603297943554", "id_str": "923725041036136448", "in_reply_to_screen_name": "frostycamel", "favorited": false, "in_reply_to_status_id": 923181896858824705, "in_reply_to_user_id": 905095603297943554, "geo": null, "contributors": null, "text": "@frostycamel @Team_Trump45 @realDonaldTrump Details.", "in_reply_to_status_id_str": "923181896858824705", "favorite_count": 0, "retweeted": false, "id": 923725041036136448, "created_at": "Fri Oct 27 01:36:26 +0000 2017", "truncated": false, "place": null, "retweet_count": 0, "lang": "en", "source": "<a href=\"http://twitter.com/download/android\" rel=\"nofollow\">Twitter for Android</a>", "coordinates": null, "is_quote_status": false}, "name": "Don", "profile_background_image_url_https": "https://abs.twimg.com/images/themes/theme1/bg.png", "lang": "en", "translator_type": "none", "utc_offset": -25200, "protected": false, "has_extended_profile": false}
2017-11-02T19:00:04.178420	{"profile_image_url_https": "https://pbs.twimg.com/profile_images/1479734318/IMG04_normal.JPG", "profile_background_color": "C0DEED", "is_translator": false, "entities": {"url": {"urls": [{"indices": [0, 22], "url": "http://t.co/MBuagCc1vd", "expanded_url": "https://twitter.com/wales4me", "display_url": "twitter.com/wales4me"}]}, "description": {"urls": []}}, "profile_link_color": "1DA1F2", "follow_request_sent": false, "profile_text_color": "333333", "geo_enabled": false, "status": {"in_reply_to_status_id": 923181896858824705, "entities": {"symbols": [], "user_mentions": [{"indices": [0, 12], "id": 905095603297943554, "screen_name": "frostycamel", "id_str": "905095603297943554", "name": "Andy"}, {"indices": [13, 26], "id": 3580248555, "screen_name": "Team_Trump45", "id_str": "3580248555", "name": "Trumpism\u2122"}, {"indices": [27, 43], "id": 25073877, "screen_name": "realDonaldTrump", "id_str": "25073877", "name": "Donald J. Trump"}], "urls": [], "hashtags": []}, "text": "@frostycamel @Team_Trump45 @realDonaldTrump Details.", "truncated": false, "in_reply_to_status_id_str": "923181896858824705", "source": "<a href=\"http://twitter.com/download/android\" rel=\"nofollow\">Twitter for Android</a>", "created_at": "Fri Oct 27 01:36:26 +0000 2017", "geo": null, "in_reply_to_screen_name": "frostycamel", "coordinates": null, "id": 923725041036136448, "favorited": false, "in_reply_to_user_id": 905095603297943554, "favorite_count": 0, "lang": "en", "place": null, "id_str": "923725041036136448", "retweeted": false, "retweet_count": 0, "is_quote_status": false, "contributors": null, "in_reply_to_user_id_str": "905095603297943554"}, "profile_background_image_url": "http://abs.twimg.com/images/themes/theme1/bg.png", "protected": false, "name": "Don", "created_at": "Wed Mar 11 16:07:12 +0000 2009", "favourites_count": 20, "profile_sidebar_border_color": "C0DEED", "default_profile_image": false, "following": false, "description": "Enjoying retirement", "followers_count": 1, "location": "Concord, California", "utc_offset": -25200, "translator_type": "none", "friends_count": 37, "contributors_enabled": false, "url": "http://t.co/MBuagCc1vd", "profile_background_tile": false, "profile_background_image_url_https": "https://abs.twimg.com/images/themes/theme1/bg.png", "has_extended_profile": false, "is_translation_enabled": false, "verified": false, "lang": "en", "profile_use_background_image": true, "profile_image_url": "http://pbs.twimg.com/profile_images/1479734318/IMG04_normal.JPG", "screen_name": "wales4me", "id_str": "23783299", "notifications": false, "listed_count": 0, "statuses_count": 31, "id": 23783299, "profile_sidebar_fill_color": "DDEEF6", "time_zone": "Pacific Time (US & Canada)", "default_profile": true}
2017-11-02T20:00:04.347140	{"geo_enabled": false, "protected": false, "following": false, "listed_count": 0, "friends_count": 37, "entities": {"url": {"urls": [{"indices": [0, 22], "url": "http://t.co/MBuagCc1vd", "expanded_url": "https://twitter.com/wales4me", "display_url": "twitter.com/wales4me"}]}, "description": {"urls": []}}, "profile_sidebar_border_color": "C0DEED", "url": "http://t.co/MBuagCc1vd", "default_profile": true, "followers_count": 1, "has_extended_profile": false, "description": "Enjoying retirement", "profile_background_image_url_https": "https://abs.twimg.com/images/themes/theme1/bg.png", "favourites_count": 20, "profile_use_background_image": true, "created_at": "Wed Mar 11 16:07:12 +0000 2009", "profile_background_tile": false, "profile_link_color": "1DA1F2", "location": "Concord, California", "profile_sidebar_fill_color": "DDEEF6", "profile_text_color": "333333", "status": {"entities": {"user_mentions": [{"indices": [0, 12], "id": 905095603297943554, "id_str": "905095603297943554", "name": "Andy", "screen_name": "frostycamel"}, {"indices": [13, 26], "id": 3580248555, "id_str": "3580248555", "name": "Trumpism\u2122", "screen_name": "Team_Trump45"}, {"indices": [27, 43], "id": 25073877, "id_str": "25073877", "name": "Donald J. Trump", "screen_name": "realDonaldTrump"}], "hashtags": [], "urls": [], "symbols": []}, "retweet_count": 0, "coordinates": null, "favorited": false, "source": "<a href=\"http://twitter.com/download/android\" rel=\"nofollow\">Twitter for Android</a>", "text": "@frostycamel @Team_Trump45 @realDonaldTrump Details.", "created_at": "Fri Oct 27 01:36:26 +0000 2017", "contributors": null, "in_reply_to_status_id": 923181896858824705, "truncated": false, "lang": "en", "is_quote_status": false, "in_reply_to_user_id": 905095603297943554, "id_str": "923725041036136448", "place": null, "favorite_count": 0, "id": 923725041036136448, "in_reply_to_user_id_str": "905095603297943554", "geo": null, "in_reply_to_screen_name": "frostycamel", "in_reply_to_status_id_str": "923181896858824705", "retweeted": false}, "is_translation_enabled": false, "follow_request_sent": false, "lang": "en", "screen_name": "wales4me", "utc_offset": -25200, "verified": false, "profile_image_url_https": "https://pbs.twimg.com/profile_images/1479734318/IMG04_normal.JPG", "profile_image_url": "http://pbs.twimg.com/profile_images/1479734318/IMG04_normal.JPG", "id_str": "23783299", "translator_type": "none", "profile_background_color": "C0DEED", "contributors_enabled": false, "default_profile_image": false, "id": 23783299, "name": "Don", "is_translator": false, "time_zone": "Pacific Time (US & Canada)", "notifications": false, "profile_background_image_url": "http://abs.twimg.com/images/themes/theme1/bg.png", "statuses_count": 31}
2017-11-02T21:00:04.727876	{"contributors_enabled": false, "profile_text_color": "333333", "profile_sidebar_fill_color": "DDEEF6", "time_zone": "Pacific Time (US & Canada)", "profile_link_color": "1DA1F2", "profile_background_image_url": "http://abs.twimg.com/images/themes/theme1/bg.png", "id": 23783299, "listed_count": 0, "statuses_count": 31, "is_translation_enabled": false, "profile_background_tile": false, "url": "http://t.co/MBuagCc1vd", "created_at": "Wed Mar 11 16:07:12 +0000 2009", "location": "Concord, California", "profile_background_color": "C0DEED", "is_translator": false, "followers_count": 1, "name": "Don", "utc_offset": -25200, "notifications": false, "entities": {"url": {"urls": [{"url": "http://t.co/MBuagCc1vd", "display_url": "twitter.com/wales4me", "indices": [0, 22], "expanded_url": "https://twitter.com/wales4me"}]}, "description": {"urls": []}}, "default_profile": true, "favourites_count": 20, "profile_sidebar_border_color": "C0DEED", "following": false, "lang": "en", "friends_count": 37, "profile_image_url": "http://pbs.twimg.com/profile_images/1479734318/IMG04_normal.JPG", "screen_name": "wales4me", "has_extended_profile": false, "translator_type": "none", "profile_background_image_url_https": "https://abs.twimg.com/images/themes/theme1/bg.png", "verified": false, "profile_image_url_https": "https://pbs.twimg.com/profile_images/1479734318/IMG04_normal.JPG", "follow_request_sent": false, "profile_use_background_image": true, "description": "Enjoying retirement", "default_profile_image": false, "status": {"in_reply_to_user_id_str": "905095603297943554", "id": 923725041036136448, "contributors": null, "place": null, "favorited": false, "created_at": "Fri Oct 27 01:36:26 +0000 2017", "favorite_count": 0, "is_quote_status": false, "geo": null, "text": "@frostycamel @Team_Trump45 @realDonaldTrump Details.", "lang": "en", "in_reply_to_status_id_str": "923181896858824705", "coordinates": null, "in_reply_to_status_id": 923181896858824705, "entities": {"symbols": [], "hashtags": [], "user_mentions": [{"name": "Andy", "screen_name": "frostycamel", "indices": [0, 12], "id_str": "905095603297943554", "id": 905095603297943554}, {"name": "Trumpism\u2122", "screen_name": "Team_Trump45", "indices": [13, 26], "id_str": "3580248555", "id": 3580248555}, {"name": "Donald J. Trump", "screen_name": "realDonaldTrump", "indices": [27, 43], "id_str": "25073877", "id": 25073877}], "urls": []}, "in_reply_to_user_id": 905095603297943554, "truncated": false, "in_reply_to_screen_name": "frostycamel", "source": "<a href=\"http://twitter.com/download/android\" rel=\"nofollow\">Twitter for Android</a>", "retweeted": false, "id_str": "923725041036136448", "retweet_count": 0}, "geo_enabled": false, "protected": false, "id_str": "23783299"}
2017-11-02T22:00:04.304762	{"id": 23783299, "has_extended_profile": false, "listed_count": 0, "profile_use_background_image": true, "geo_enabled": false, "followers_count": 1, "profile_background_tile": false, "following": false, "verified": false, "utc_offset": -25200, "description": "Enjoying retirement", "protected": false, "translator_type": "none", "status": {"retweeted": false, "favorited": false, "in_reply_to_status_id_str": "923181896858824705", "in_reply_to_user_id_str": "905095603297943554", "in_reply_to_status_id": 923181896858824705, "geo": null, "id": 923725041036136448, "favorite_count": 0, "source": "<a href=\"http://twitter.com/download/android\" rel=\"nofollow\">Twitter for Android</a>", "in_reply_to_user_id": 905095603297943554, "text": "@frostycamel @Team_Trump45 @realDonaldTrump Details.", "coordinates": null, "is_quote_status": false, "place": null, "lang": "en", "in_reply_to_screen_name": "frostycamel", "id_str": "923725041036136448", "retweet_count": 0, "truncated": false, "contributors": null, "created_at": "Fri Oct 27 01:36:26 +0000 2017", "entities": {"symbols": [], "urls": [], "hashtags": [], "user_mentions": [{"indices": [0, 12], "screen_name": "frostycamel", "id_str": "905095603297943554", "name": "Andy", "id": 905095603297943554}, {"indices": [13, 26], "screen_name": "Team_Trump45", "id_str": "3580248555", "name": "Trumpism\u2122", "id": 3580248555}, {"indices": [27, 43], "screen_name": "realDonaldTrump", "id_str": "25073877", "name": "Donald J. Trump", "id": 25073877}]}}, "profile_sidebar_fill_color": "DDEEF6", "profile_background_color": "C0DEED", "profile_background_image_url": "http://abs.twimg.com/images/themes/theme1/bg.png", "contributors_enabled": false, "profile_image_url": "http://pbs.twimg.com/profile_images/1479734318/IMG04_normal.JPG", "screen_name": "wales4me", "url": "http://t.co/MBuagCc1vd", "friends_count": 37, "profile_text_color": "333333", "time_zone": "Pacific Time (US & Canada)", "lang": "en", "notifications": false, "follow_request_sent": false, "favourites_count": 20, "profile_sidebar_border_color": "C0DEED", "profile_image_url_https": "https://pbs.twimg.com/profile_images/1479734318/IMG04_normal.JPG", "is_translator": false, "default_profile": true, "statuses_count": 31, "id_str": "23783299", "name": "Don", "profile_link_color": "1DA1F2", "default_profile_image": false, "location": "Concord, California", "is_translation_enabled": false, "created_at": "Wed Mar 11 16:07:12 +0000 2009", "entities": {"url": {"urls": [{"indices": [0, 22], "url": "http://t.co/MBuagCc1vd", "expanded_url": "https://twitter.com/wales4me", "display_url": "twitter.com/wales4me"}]}, "description": {"urls": []}}, "profile_background_image_url_https": "https://abs.twimg.com/images/themes/theme1/bg.png"}
2017-11-02T23:00:04.138389	{"status": {"retweet_count": 0, "geo": null, "created_at": "Fri Oct 27 01:36:26 +0000 2017", "truncated": false, "source": "<a href=\"http://twitter.com/download/android\" rel=\"nofollow\">Twitter for Android</a>", "in_reply_to_status_id_str": "923181896858824705", "id": 923725041036136448, "place": null, "entities": {"symbols": [], "urls": [], "user_mentions": [{"id": 905095603297943554, "indices": [0, 12], "id_str": "905095603297943554", "name": "Andy", "screen_name": "frostycamel"}, {"id": 3580248555, "indices": [13, 26], "id_str": "3580248555", "name": "Trumpism\u2122", "screen_name": "Team_Trump45"}, {"id": 25073877, "indices": [27, 43], "id_str": "25073877", "name": "Donald J. Trump", "screen_name": "realDonaldTrump"}], "hashtags": []}, "in_reply_to_status_id": 923181896858824705, "in_reply_to_user_id_str": "905095603297943554", "in_reply_to_user_id": 905095603297943554, "contributors": null, "in_reply_to_screen_name": "frostycamel", "favorite_count": 0, "lang": "en", "text": "@frostycamel @Team_Trump45 @realDonaldTrump Details.", "favorited": false, "coordinates": null, "retweeted": false, "is_quote_status": false, "id_str": "923725041036136448"}, "location": "Concord, California", "profile_background_tile": false, "profile_text_color": "333333", "default_profile": true, "translator_type": "none", "created_at": "Wed Mar 11 16:07:12 +0000 2009", "following": false, "listed_count": 0, "geo_enabled": false, "id": 23783299, "profile_image_url_https": "https://pbs.twimg.com/profile_images/1479734318/IMG04_normal.JPG", "time_zone": "Pacific Time (US & Canada)", "profile_background_color": "C0DEED", "is_translator": false, "friends_count": 37, "entities": {"url": {"urls": [{"url": "http://t.co/MBuagCc1vd", "display_url": "twitter.com/wales4me", "indices": [0, 22], "expanded_url": "https://twitter.com/wales4me"}]}, "description": {"urls": []}}, "statuses_count": 31, "verified": false, "profile_sidebar_fill_color": "DDEEF6", "screen_name": "wales4me", "utc_offset": -25200, "profile_background_image_url_https": "https://abs.twimg.com/images/themes/theme1/bg.png", "profile_background_image_url": "http://abs.twimg.com/images/themes/theme1/bg.png", "profile_link_color": "1DA1F2", "profile_image_url": "http://pbs.twimg.com/profile_images/1479734318/IMG04_normal.JPG", "default_profile_image": false, "contributors_enabled": false, "is_translation_enabled": false, "protected": false, "lang": "en", "follow_request_sent": false, "followers_count": 1, "url": "http://t.co/MBuagCc1vd", "has_extended_profile": false, "profile_sidebar_border_color": "C0DEED", "name": "Don", "profile_use_background_image": true, "favourites_count": 20, "notifications": false, "id_str": "23783299", "description": "Enjoying retirement"}
2017-11-03T00:00:04.866152	{"url": "http://t.co/MBuagCc1vd", "contributors_enabled": false, "following": false, "profile_background_image_url": "http://abs.twimg.com/images/themes/theme1/bg.png", "profile_sidebar_fill_color": "DDEEF6", "profile_text_color": "333333", "default_profile_image": false, "profile_use_background_image": true, "time_zone": "Pacific Time (US & Canada)", "profile_link_color": "1DA1F2", "name": "Don", "translator_type": "none", "follow_request_sent": false, "verified": false, "utc_offset": -25200, "is_translator": false, "profile_sidebar_border_color": "C0DEED", "lang": "en", "profile_background_tile": false, "default_profile": true, "id_str": "23783299", "screen_name": "wales4me", "profile_background_image_url_https": "https://abs.twimg.com/images/themes/theme1/bg.png", "id": 23783299, "created_at": "Wed Mar 11 16:07:12 +0000 2009", "status": {"in_reply_to_status_id_str": "923181896858824705", "favorited": false, "retweet_count": 0, "source": "<a href=\"http://twitter.com/download/android\" rel=\"nofollow\">Twitter for Android</a>", "is_quote_status": false, "lang": "en", "favorite_count": 0, "entities": {"hashtags": [], "user_mentions": [{"screen_name": "frostycamel", "indices": [0, 12], "id": 905095603297943554, "name": "Andy", "id_str": "905095603297943554"}, {"screen_name": "Team_Trump45", "indices": [13, 26], "id": 3580248555, "name": "Trumpism\u2122", "id_str": "3580248555"}, {"screen_name": "realDonaldTrump", "indices": [27, 43], "id": 25073877, "name": "Donald J. Trump", "id_str": "25073877"}], "symbols": [], "urls": []}, "in_reply_to_user_id_str": "905095603297943554", "id_str": "923725041036136448", "in_reply_to_status_id": 923181896858824705, "id": 923725041036136448, "place": null, "created_at": "Fri Oct 27 01:36:26 +0000 2017", "text": "@frostycamel @Team_Trump45 @realDonaldTrump Details.", "truncated": false, "retweeted": false, "coordinates": null, "in_reply_to_screen_name": "frostycamel", "geo": null, "contributors": null, "in_reply_to_user_id": 905095603297943554}, "geo_enabled": false, "has_extended_profile": false, "favourites_count": 20, "entities": {"url": {"urls": [{"url": "http://t.co/MBuagCc1vd", "indices": [0, 22], "display_url": "twitter.com/wales4me", "expanded_url": "https://twitter.com/wales4me"}]}, "description": {"urls": []}}, "location": "Concord, California", "statuses_count": 31, "profile_background_color": "C0DEED", "friends_count": 37, "description": "Enjoying retirement", "protected": false, "notifications": false, "profile_image_url_https": "https://pbs.twimg.com/profile_images/1479734318/IMG04_normal.JPG", "profile_image_url": "http://pbs.twimg.com/profile_images/1479734318/IMG04_normal.JPG", "followers_count": 1, "listed_count": 0, "is_translation_enabled": false}
2017-11-03T01:00:04.638556	{"status": {"in_reply_to_status_id_str": "923181896858824705", "retweet_count": 0, "contributors": null, "source": "<a href=\"http://twitter.com/download/android\" rel=\"nofollow\">Twitter for Android</a>", "id_str": "923725041036136448", "in_reply_to_status_id": 923181896858824705, "coordinates": null, "in_reply_to_user_id_str": "905095603297943554", "place": null, "created_at": "Fri Oct 27 01:36:26 +0000 2017", "truncated": false, "in_reply_to_screen_name": "frostycamel", "in_reply_to_user_id": 905095603297943554, "text": "@frostycamel @Team_Trump45 @realDonaldTrump Details.", "lang": "en", "favorite_count": 0, "geo": null, "entities": {"urls": [], "user_mentions": [{"indices": [0, 12], "id": 905095603297943554, "id_str": "905095603297943554", "name": "Andy", "screen_name": "frostycamel"}, {"indices": [13, 26], "id": 3580248555, "id_str": "3580248555", "name": "Trumpism\u2122", "screen_name": "Team_Trump45"}, {"indices": [27, 43], "id": 25073877, "id_str": "25073877", "name": "Donald J. Trump", "screen_name": "realDonaldTrump"}], "symbols": [], "hashtags": []}, "is_quote_status": false, "retweeted": false, "favorited": false, "id": 923725041036136448}, "followers_count": 1, "utc_offset": -25200, "screen_name": "wales4me", "default_profile_image": false, "contributors_enabled": false, "following": false, "id_str": "23783299", "is_translation_enabled": false, "profile_background_tile": false, "statuses_count": 31, "profile_text_color": "333333", "geo_enabled": false, "follow_request_sent": false, "is_translator": false, "favourites_count": 20, "listed_count": 0, "verified": false, "friends_count": 37, "time_zone": "Pacific Time (US & Canada)", "profile_image_url_https": "https://pbs.twimg.com/profile_images/1479734318/IMG04_normal.JPG", "profile_sidebar_border_color": "C0DEED", "default_profile": true, "location": "Concord, California", "profile_sidebar_fill_color": "DDEEF6", "profile_use_background_image": true, "lang": "en", "profile_link_color": "1DA1F2", "description": "Enjoying retirement", "name": "Don", "profile_image_url": "http://pbs.twimg.com/profile_images/1479734318/IMG04_normal.JPG", "protected": false, "profile_background_color": "C0DEED", "translator_type": "none", "created_at": "Wed Mar 11 16:07:12 +0000 2009", "has_extended_profile": false, "entities": {"url": {"urls": [{"indices": [0, 22], "url": "http://t.co/MBuagCc1vd", "expanded_url": "https://twitter.com/wales4me", "display_url": "twitter.com/wales4me"}]}, "description": {"urls": []}}, "profile_background_image_url_https": "https://abs.twimg.com/images/themes/theme1/bg.png", "profile_background_image_url": "http://abs.twimg.com/images/themes/theme1/bg.png", "url": "http://t.co/MBuagCc1vd", "notifications": false, "id": 23783299}
2017-11-03T02:00:03.529681	{"utc_offset": -25200, "protected": false, "screen_name": "wales4me", "followers_count": 1, "statuses_count": 31, "geo_enabled": false, "translator_type": "none", "entities": {"description": {"urls": []}, "url": {"urls": [{"indices": [0, 22], "expanded_url": "https://twitter.com/wales4me", "url": "http://t.co/MBuagCc1vd", "display_url": "twitter.com/wales4me"}]}}, "notifications": false, "id": 23783299, "listed_count": 0, "verified": false, "friends_count": 37, "status": {"truncated": false, "favorite_count": 0, "entities": {"symbols": [], "hashtags": [], "urls": [], "user_mentions": [{"id": 905095603297943554, "id_str": "905095603297943554", "screen_name": "frostycamel", "indices": [0, 12], "name": "Andy"}, {"id": 3580248555, "id_str": "3580248555", "screen_name": "Team_Trump45", "indices": [13, 26], "name": "Trumpism\u2122"}, {"id": 25073877, "id_str": "25073877", "screen_name": "realDonaldTrump", "indices": [27, 43], "name": "Donald J. Trump"}]}, "place": null, "id": 923725041036136448, "in_reply_to_status_id": 923181896858824705, "id_str": "923725041036136448", "is_quote_status": false, "source": "<a href=\"http://twitter.com/download/android\" rel=\"nofollow\">Twitter for Android</a>", "retweeted": false, "in_reply_to_user_id": 905095603297943554, "in_reply_to_screen_name": "frostycamel", "favorited": false, "in_reply_to_user_id_str": "905095603297943554", "coordinates": null, "contributors": null, "created_at": "Fri Oct 27 01:36:26 +0000 2017", "retweet_count": 0, "geo": null, "lang": "en", "text": "@frostycamel @Team_Trump45 @realDonaldTrump Details.", "in_reply_to_status_id_str": "923181896858824705"}, "profile_text_color": "333333", "id_str": "23783299", "profile_sidebar_border_color": "C0DEED", "following": false, "is_translation_enabled": false, "url": "http://t.co/MBuagCc1vd", "profile_background_tile": false, "description": "Enjoying retirement", "profile_image_url_https": "https://pbs.twimg.com/profile_images/1479734318/IMG04_normal.JPG", "profile_background_color": "C0DEED", "profile_background_image_url": "http://abs.twimg.com/images/themes/theme1/bg.png", "default_profile_image": false, "name": "Don", "is_translator": false, "follow_request_sent": false, "profile_image_url": "http://pbs.twimg.com/profile_images/1479734318/IMG04_normal.JPG", "favourites_count": 20, "profile_use_background_image": true, "has_extended_profile": false, "default_profile": true, "profile_link_color": "1DA1F2", "created_at": "Wed Mar 11 16:07:12 +0000 2009", "profile_sidebar_fill_color": "DDEEF6", "lang": "en", "contributors_enabled": false, "location": "Concord, California", "profile_background_image_url_https": "https://abs.twimg.com/images/themes/theme1/bg.png", "time_zone": "Pacific Time (US & Canada)"}
2017-11-03T03:00:04.342401	{"favourites_count": 20, "followers_count": 1, "id": 23783299, "following": false, "contributors_enabled": false, "description": "Enjoying retirement", "friends_count": 37, "utc_offset": -25200, "time_zone": "Pacific Time (US & Canada)", "profile_sidebar_fill_color": "DDEEF6", "geo_enabled": false, "protected": false, "profile_image_url_https": "https://pbs.twimg.com/profile_images/1479734318/IMG04_normal.JPG", "name": "Don", "translator_type": "none", "follow_request_sent": false, "id_str": "23783299", "url": "http://t.co/MBuagCc1vd", "has_extended_profile": false, "statuses_count": 31, "default_profile": true, "entities": {"url": {"urls": [{"display_url": "twitter.com/wales4me", "url": "http://t.co/MBuagCc1vd", "expanded_url": "https://twitter.com/wales4me", "indices": [0, 22]}]}, "description": {"urls": []}}, "lang": "en", "profile_background_tile": false, "default_profile_image": false, "is_translation_enabled": false, "profile_background_image_url_https": "https://abs.twimg.com/images/themes/theme1/bg.png", "location": "Concord, California", "created_at": "Wed Mar 11 16:07:12 +0000 2009", "is_translator": false, "profile_background_color": "C0DEED", "profile_link_color": "1DA1F2", "profile_text_color": "333333", "profile_use_background_image": true, "profile_image_url": "http://pbs.twimg.com/profile_images/1479734318/IMG04_normal.JPG", "listed_count": 0, "profile_sidebar_border_color": "C0DEED", "profile_background_image_url": "http://abs.twimg.com/images/themes/theme1/bg.png", "status": {"place": null, "id": 923725041036136448, "in_reply_to_status_id": 923181896858824705, "contributors": null, "coordinates": null, "is_quote_status": false, "in_reply_to_screen_name": "frostycamel", "favorite_count": 0, "id_str": "923725041036136448", "text": "@frostycamel @Team_Trump45 @realDonaldTrump Details.", "retweet_count": 0, "entities": {"hashtags": [], "user_mentions": [{"id": 905095603297943554, "name": "Andy", "id_str": "905095603297943554", "screen_name": "frostycamel", "indices": [0, 12]}, {"id": 3580248555, "name": "Trumpism\u2122", "id_str": "3580248555", "screen_name": "Team_Trump45", "indices": [13, 26]}, {"id": 25073877, "name": "Donald J. Trump", "id_str": "25073877", "screen_name": "realDonaldTrump", "indices": [27, 43]}], "urls": [], "symbols": []}, "favorited": false, "retweeted": false, "in_reply_to_user_id": 905095603297943554, "created_at": "Fri Oct 27 01:36:26 +0000 2017", "geo": null, "in_reply_to_user_id_str": "905095603297943554", "truncated": false, "lang": "en", "in_reply_to_status_id_str": "923181896858824705", "source": "<a href=\"http://twitter.com/download/android\" rel=\"nofollow\">Twitter for Android</a>"}, "verified": false, "screen_name": "wales4me", "notifications": false}
2017-11-03T04:00:04.554841	{"status": {"in_reply_to_user_id_str": "905095603297943554", "geo": null, "id_str": "923725041036136448", "retweet_count": 0, "favorited": false, "coordinates": null, "retweeted": false, "entities": {"symbols": [], "urls": [], "user_mentions": [{"screen_name": "frostycamel", "id": 905095603297943554, "indices": [0, 12], "name": "Andy", "id_str": "905095603297943554"}, {"screen_name": "Team_Trump45", "id": 3580248555, "indices": [13, 26], "name": "Trumpism\u2122", "id_str": "3580248555"}, {"screen_name": "realDonaldTrump", "id": 25073877, "indices": [27, 43], "name": "Donald J. Trump", "id_str": "25073877"}], "hashtags": []}, "is_quote_status": false, "text": "@frostycamel @Team_Trump45 @realDonaldTrump Details.", "contributors": null, "truncated": false, "in_reply_to_screen_name": "frostycamel", "in_reply_to_user_id": 905095603297943554, "source": "<a href=\"http://twitter.com/download/android\" rel=\"nofollow\">Twitter for Android</a>", "created_at": "Fri Oct 27 01:36:26 +0000 2017", "id": 923725041036136448, "in_reply_to_status_id": 923181896858824705, "favorite_count": 0, "place": null, "in_reply_to_status_id_str": "923181896858824705", "lang": "en"}, "verified": false, "is_translation_enabled": false, "description": "Enjoying retirement", "profile_image_url": "http://pbs.twimg.com/profile_images/1479734318/IMG04_normal.JPG", "default_profile_image": false, "utc_offset": -25200, "id_str": "23783299", "profile_text_color": "333333", "translator_type": "none", "geo_enabled": false, "profile_sidebar_border_color": "C0DEED", "profile_background_image_url": "http://abs.twimg.com/images/themes/theme1/bg.png", "friends_count": 37, "entities": {"url": {"urls": [{"url": "http://t.co/MBuagCc1vd", "display_url": "twitter.com/wales4me", "indices": [0, 22], "expanded_url": "https://twitter.com/wales4me"}]}, "description": {"urls": []}}, "default_profile": true, "listed_count": 0, "has_extended_profile": false, "followers_count": 1, "profile_use_background_image": true, "profile_background_color": "C0DEED", "url": "http://t.co/MBuagCc1vd", "created_at": "Wed Mar 11 16:07:12 +0000 2009", "profile_sidebar_fill_color": "DDEEF6", "follow_request_sent": false, "notifications": false, "contributors_enabled": false, "id": 23783299, "time_zone": "Pacific Time (US & Canada)", "is_translator": false, "following": false, "location": "Concord, California", "screen_name": "wales4me", "profile_image_url_https": "https://pbs.twimg.com/profile_images/1479734318/IMG04_normal.JPG", "name": "Don", "protected": false, "profile_link_color": "1DA1F2", "statuses_count": 31, "profile_background_image_url_https": "https://abs.twimg.com/images/themes/theme1/bg.png", "lang": "en", "favourites_count": 20, "profile_background_tile": false}
2017-11-03T05:00:04.392860	{"profile_text_color": "333333", "protected": false, "default_profile": true, "listed_count": 0, "name": "Don", "profile_image_url_https": "https://pbs.twimg.com/profile_images/1479734318/IMG04_normal.JPG", "profile_background_image_url": "http://abs.twimg.com/images/themes/theme1/bg.png", "utc_offset": -25200, "url": "http://t.co/MBuagCc1vd", "profile_image_url": "http://pbs.twimg.com/profile_images/1479734318/IMG04_normal.JPG", "lang": "en", "geo_enabled": false, "contributors_enabled": false, "entities": {"url": {"urls": [{"expanded_url": "https://twitter.com/wales4me", "url": "http://t.co/MBuagCc1vd", "display_url": "twitter.com/wales4me", "indices": [0, 22]}]}, "description": {"urls": []}}, "followers_count": 1, "verified": false, "is_translator": false, "follow_request_sent": false, "profile_background_image_url_https": "https://abs.twimg.com/images/themes/theme1/bg.png", "has_extended_profile": false, "profile_sidebar_fill_color": "DDEEF6", "friends_count": 37, "profile_sidebar_border_color": "C0DEED", "default_profile_image": false, "created_at": "Wed Mar 11 16:07:12 +0000 2009", "following": false, "favourites_count": 20, "profile_background_color": "C0DEED", "translator_type": "none", "screen_name": "wales4me", "location": "Concord, California", "time_zone": "Pacific Time (US & Canada)", "profile_use_background_image": true, "status": {"geo": null, "favorited": false, "in_reply_to_user_id_str": "905095603297943554", "truncated": false, "in_reply_to_status_id": 923181896858824705, "lang": "en", "entities": {"urls": [], "hashtags": [], "symbols": [], "user_mentions": [{"indices": [0, 12], "screen_name": "frostycamel", "name": "Andy", "id_str": "905095603297943554", "id": 905095603297943554}, {"indices": [13, 26], "screen_name": "Team_Trump45", "name": "Trumpism\u2122", "id_str": "3580248555", "id": 3580248555}, {"indices": [27, 43], "screen_name": "realDonaldTrump", "name": "Donald J. Trump", "id_str": "25073877", "id": 25073877}]}, "is_quote_status": false, "text": "@frostycamel @Team_Trump45 @realDonaldTrump Details.", "favorite_count": 0, "coordinates": null, "retweeted": false, "created_at": "Fri Oct 27 01:36:26 +0000 2017", "place": null, "in_reply_to_screen_name": "frostycamel", "contributors": null, "id_str": "923725041036136448", "id": 923725041036136448, "source": "<a href=\"http://twitter.com/download/android\" rel=\"nofollow\">Twitter for Android</a>", "in_reply_to_user_id": 905095603297943554, "in_reply_to_status_id_str": "923181896858824705", "retweet_count": 0}, "id_str": "23783299", "id": 23783299, "notifications": false, "statuses_count": 31, "profile_background_tile": false, "is_translation_enabled": false, "profile_link_color": "1DA1F2", "description": "Enjoying retirement"}
2017-11-03T06:00:04.380048	{"protected": false, "url": "http://t.co/MBuagCc1vd", "friends_count": 37, "created_at": "Wed Mar 11 16:07:12 +0000 2009", "name": "Don", "profile_background_tile": false, "id_str": "23783299", "is_translator": false, "notifications": false, "utc_offset": -25200, "lang": "en", "following": false, "default_profile": true, "id": 23783299, "listed_count": 0, "statuses_count": 31, "contributors_enabled": false, "profile_sidebar_border_color": "C0DEED", "has_extended_profile": false, "profile_image_url_https": "https://pbs.twimg.com/profile_images/1479734318/IMG04_normal.JPG", "default_profile_image": false, "follow_request_sent": false, "profile_text_color": "333333", "favourites_count": 20, "profile_background_color": "C0DEED", "screen_name": "wales4me", "location": "Concord, California", "verified": false, "profile_sidebar_fill_color": "DDEEF6", "geo_enabled": false, "followers_count": 1, "entities": {"url": {"urls": [{"url": "http://t.co/MBuagCc1vd", "display_url": "twitter.com/wales4me", "indices": [0, 22], "expanded_url": "https://twitter.com/wales4me"}]}, "description": {"urls": []}}, "time_zone": "Pacific Time (US & Canada)", "profile_image_url": "http://pbs.twimg.com/profile_images/1479734318/IMG04_normal.JPG", "translator_type": "none", "profile_use_background_image": true, "description": "Enjoying retirement", "profile_background_image_url_https": "https://abs.twimg.com/images/themes/theme1/bg.png", "profile_background_image_url": "http://abs.twimg.com/images/themes/theme1/bg.png", "is_translation_enabled": false, "profile_link_color": "1DA1F2", "status": {"favorite_count": 0, "place": null, "in_reply_to_user_id_str": "905095603297943554", "retweeted": false, "created_at": "Fri Oct 27 01:36:26 +0000 2017", "truncated": false, "geo": null, "in_reply_to_screen_name": "frostycamel", "coordinates": null, "in_reply_to_status_id_str": "923181896858824705", "lang": "en", "id": 923725041036136448, "contributors": null, "retweet_count": 0, "in_reply_to_status_id": 923181896858824705, "text": "@frostycamel @Team_Trump45 @realDonaldTrump Details.", "is_quote_status": false, "entities": {"hashtags": [], "symbols": [], "urls": [], "user_mentions": [{"screen_name": "frostycamel", "name": "Andy", "id_str": "905095603297943554", "indices": [0, 12], "id": 905095603297943554}, {"screen_name": "Team_Trump45", "name": "Trumpism\u2122", "id_str": "3580248555", "indices": [13, 26], "id": 3580248555}, {"screen_name": "realDonaldTrump", "name": "Donald J. Trump", "id_str": "25073877", "indices": [27, 43], "id": 25073877}]}, "favorited": false, "id_str": "923725041036136448", "in_reply_to_user_id": 905095603297943554, "source": "<a href=\"http://twitter.com/download/android\" rel=\"nofollow\">Twitter for Android</a>"}}
2017-11-03T07:00:03.799337	{"profile_image_url": "http://pbs.twimg.com/profile_images/1479734318/IMG04_normal.JPG", "id_str": "23783299", "following": false, "contributors_enabled": false, "profile_sidebar_fill_color": "DDEEF6", "status": {"id_str": "923725041036136448", "is_quote_status": false, "favorited": false, "place": null, "coordinates": null, "in_reply_to_screen_name": "frostycamel", "retweeted": false, "geo": null, "truncated": false, "created_at": "Fri Oct 27 01:36:26 +0000 2017", "text": "@frostycamel @Team_Trump45 @realDonaldTrump Details.", "in_reply_to_status_id": 923181896858824705, "in_reply_to_user_id_str": "905095603297943554", "lang": "en", "entities": {"urls": [], "user_mentions": [{"id": 905095603297943554, "indices": [0, 12], "name": "Andy", "screen_name": "frostycamel", "id_str": "905095603297943554"}, {"id": 3580248555, "indices": [13, 26], "name": "Trumpism\u2122", "screen_name": "Team_Trump45", "id_str": "3580248555"}, {"id": 25073877, "indices": [27, 43], "name": "Donald J. Trump", "screen_name": "realDonaldTrump", "id_str": "25073877"}], "symbols": [], "hashtags": []}, "retweet_count": 0, "in_reply_to_status_id_str": "923181896858824705", "in_reply_to_user_id": 905095603297943554, "contributors": null, "source": "<a href=\"http://twitter.com/download/android\" rel=\"nofollow\">Twitter for Android</a>", "favorite_count": 0, "id": 923725041036136448}, "statuses_count": 31, "verified": false, "protected": false, "default_profile": true, "description": "Enjoying retirement", "profile_background_image_url": "http://abs.twimg.com/images/themes/theme1/bg.png", "location": "Concord, California", "profile_background_color": "C0DEED", "id": 23783299, "friends_count": 37, "notifications": false, "listed_count": 0, "profile_text_color": "333333", "utc_offset": -25200, "profile_use_background_image": true, "url": "http://t.co/MBuagCc1vd", "follow_request_sent": false, "has_extended_profile": false, "created_at": "Wed Mar 11 16:07:12 +0000 2009", "favourites_count": 20, "lang": "en", "translator_type": "none", "entities": {"url": {"urls": [{"url": "http://t.co/MBuagCc1vd", "display_url": "twitter.com/wales4me", "expanded_url": "https://twitter.com/wales4me", "indices": [0, 22]}]}, "description": {"urls": []}}, "profile_background_image_url_https": "https://abs.twimg.com/images/themes/theme1/bg.png", "followers_count": 1, "profile_sidebar_border_color": "C0DEED", "time_zone": "Pacific Time (US & Canada)", "name": "Don", "profile_image_url_https": "https://pbs.twimg.com/profile_images/1479734318/IMG04_normal.JPG", "profile_background_tile": false, "default_profile_image": false, "profile_link_color": "1DA1F2", "is_translation_enabled": false, "geo_enabled": false, "screen_name": "wales4me", "is_translator": false}
2017-11-03T08:00:04.286372	{"profile_image_url": "http://pbs.twimg.com/profile_images/1479734318/IMG04_normal.JPG", "profile_image_url_https": "https://pbs.twimg.com/profile_images/1479734318/IMG04_normal.JPG", "profile_background_image_url": "http://abs.twimg.com/images/themes/theme1/bg.png", "has_extended_profile": false, "created_at": "Wed Mar 11 16:07:12 +0000 2009", "id_str": "23783299", "name": "Don", "profile_sidebar_border_color": "C0DEED", "verified": false, "url": "http://t.co/MBuagCc1vd", "notifications": false, "geo_enabled": false, "followers_count": 1, "following": false, "friends_count": 37, "listed_count": 0, "profile_background_tile": false, "entities": {"description": {"urls": []}, "url": {"urls": [{"expanded_url": "https://twitter.com/wales4me", "indices": [0, 22], "url": "http://t.co/MBuagCc1vd", "display_url": "twitter.com/wales4me"}]}}, "contributors_enabled": false, "profile_text_color": "333333", "status": {"text": "@frostycamel @Team_Trump45 @realDonaldTrump Details.", "retweet_count": 0, "in_reply_to_user_id_str": "905095603297943554", "created_at": "Fri Oct 27 01:36:26 +0000 2017", "id_str": "923725041036136448", "favorite_count": 0, "truncated": false, "contributors": null, "place": null, "geo": null, "source": "<a href=\"http://twitter.com/download/android\" rel=\"nofollow\">Twitter for Android</a>", "in_reply_to_screen_name": "frostycamel", "retweeted": false, "entities": {"hashtags": [], "user_mentions": [{"indices": [0, 12], "id": 905095603297943554, "screen_name": "frostycamel", "id_str": "905095603297943554", "name": "Andy"}, {"indices": [13, 26], "id": 3580248555, "screen_name": "Team_Trump45", "id_str": "3580248555", "name": "Trumpism\u2122"}, {"indices": [27, 43], "id": 25073877, "screen_name": "realDonaldTrump", "id_str": "25073877", "name": "Donald J. Trump"}], "urls": [], "symbols": []}, "in_reply_to_status_id": 923181896858824705, "id": 923725041036136448, "in_reply_to_status_id_str": "923181896858824705", "coordinates": null, "favorited": false, "lang": "en", "in_reply_to_user_id": 905095603297943554, "is_quote_status": false}, "translator_type": "none", "profile_background_image_url_https": "https://abs.twimg.com/images/themes/theme1/bg.png", "profile_use_background_image": true, "screen_name": "wales4me", "statuses_count": 31, "profile_link_color": "1DA1F2", "id": 23783299, "utc_offset": -25200, "profile_background_color": "C0DEED", "favourites_count": 20, "protected": false, "default_profile_image": false, "is_translator": false, "location": "Concord, California", "is_translation_enabled": false, "lang": "en", "profile_sidebar_fill_color": "DDEEF6", "follow_request_sent": false, "description": "Enjoying retirement", "default_profile": true, "time_zone": "Pacific Time (US & Canada)"}
2017-11-03T09:00:04.536472	{"profile_image_url_https": "https://pbs.twimg.com/profile_images/1479734318/IMG04_normal.JPG", "profile_sidebar_border_color": "C0DEED", "friends_count": 37, "profile_use_background_image": true, "translator_type": "none", "statuses_count": 31, "is_translator": false, "time_zone": "Pacific Time (US & Canada)", "profile_sidebar_fill_color": "DDEEF6", "profile_link_color": "1DA1F2", "followers_count": 1, "lang": "en", "screen_name": "wales4me", "profile_background_color": "C0DEED", "following": false, "description": "Enjoying retirement", "name": "Don", "notifications": false, "geo_enabled": false, "profile_text_color": "333333", "url": "http://t.co/MBuagCc1vd", "profile_background_image_url_https": "https://abs.twimg.com/images/themes/theme1/bg.png", "entities": {"url": {"urls": [{"url": "http://t.co/MBuagCc1vd", "indices": [0, 22], "display_url": "twitter.com/wales4me", "expanded_url": "https://twitter.com/wales4me"}]}, "description": {"urls": []}}, "protected": false, "listed_count": 0, "profile_image_url": "http://pbs.twimg.com/profile_images/1479734318/IMG04_normal.JPG", "favourites_count": 20, "default_profile_image": false, "follow_request_sent": false, "is_translation_enabled": false, "utc_offset": -25200, "profile_background_image_url": "http://abs.twimg.com/images/themes/theme1/bg.png", "has_extended_profile": false, "id_str": "23783299", "profile_background_tile": false, "id": 23783299, "default_profile": true, "created_at": "Wed Mar 11 16:07:12 +0000 2009", "contributors_enabled": false, "location": "Concord, California", "verified": false, "status": {"in_reply_to_user_id_str": "905095603297943554", "truncated": false, "favorited": false, "lang": "en", "place": null, "in_reply_to_status_id_str": "923181896858824705", "retweeted": false, "in_reply_to_user_id": 905095603297943554, "entities": {"user_mentions": [{"id": 905095603297943554, "name": "Andy", "id_str": "905095603297943554", "screen_name": "frostycamel", "indices": [0, 12]}, {"id": 3580248555, "name": "Trumpism\u2122", "id_str": "3580248555", "screen_name": "Team_Trump45", "indices": [13, 26]}, {"id": 25073877, "name": "Donald J. Trump", "id_str": "25073877", "screen_name": "realDonaldTrump", "indices": [27, 43]}], "hashtags": [], "urls": [], "symbols": []}, "coordinates": null, "text": "@frostycamel @Team_Trump45 @realDonaldTrump Details.", "in_reply_to_status_id": 923181896858824705, "retweet_count": 0, "in_reply_to_screen_name": "frostycamel", "contributors": null, "id_str": "923725041036136448", "source": "<a href=\"http://twitter.com/download/android\" rel=\"nofollow\">Twitter for Android</a>", "favorite_count": 0, "created_at": "Fri Oct 27 01:36:26 +0000 2017", "is_quote_status": false, "id": 923725041036136448, "geo": null}}
2017-11-03T10:00:05.037770	{"statuses_count": 31, "name": "Don", "profile_sidebar_fill_color": "DDEEF6", "utc_offset": -25200, "location": "Concord, California", "protected": false, "id": 23783299, "created_at": "Wed Mar 11 16:07:12 +0000 2009", "profile_image_url": "http://pbs.twimg.com/profile_images/1479734318/IMG04_normal.JPG", "lang": "en", "default_profile": true, "time_zone": "Pacific Time (US & Canada)", "description": "Enjoying retirement", "url": "http://t.co/MBuagCc1vd", "profile_background_image_url": "http://abs.twimg.com/images/themes/theme1/bg.png", "verified": false, "screen_name": "wales4me", "contributors_enabled": false, "following": false, "profile_background_tile": false, "translator_type": "none", "profile_sidebar_border_color": "C0DEED", "is_translation_enabled": false, "favourites_count": 20, "is_translator": false, "entities": {"description": {"urls": []}, "url": {"urls": [{"display_url": "twitter.com/wales4me", "url": "http://t.co/MBuagCc1vd", "expanded_url": "https://twitter.com/wales4me", "indices": [0, 22]}]}}, "friends_count": 37, "default_profile_image": false, "profile_background_image_url_https": "https://abs.twimg.com/images/themes/theme1/bg.png", "profile_background_color": "C0DEED", "geo_enabled": false, "profile_text_color": "333333", "follow_request_sent": false, "followers_count": 1, "notifications": false, "id_str": "23783299", "profile_image_url_https": "https://pbs.twimg.com/profile_images/1479734318/IMG04_normal.JPG", "profile_link_color": "1DA1F2", "status": {"id": 923725041036136448, "created_at": "Fri Oct 27 01:36:26 +0000 2017", "in_reply_to_user_id": 905095603297943554, "lang": "en", "in_reply_to_user_id_str": "905095603297943554", "contributors": null, "is_quote_status": false, "coordinates": null, "retweeted": false, "favorited": false, "in_reply_to_status_id": 923181896858824705, "entities": {"user_mentions": [{"screen_name": "frostycamel", "name": "Andy", "id_str": "905095603297943554", "indices": [0, 12], "id": 905095603297943554}, {"screen_name": "Team_Trump45", "name": "Trumpism\u2122", "id_str": "3580248555", "indices": [13, 26], "id": 3580248555}, {"screen_name": "realDonaldTrump", "name": "Donald J. Trump", "id_str": "25073877", "indices": [27, 43], "id": 25073877}], "symbols": [], "hashtags": [], "urls": []}, "geo": null, "favorite_count": 0, "in_reply_to_screen_name": "frostycamel", "retweet_count": 0, "place": null, "truncated": false, "id_str": "923725041036136448", "source": "<a href=\"http://twitter.com/download/android\" rel=\"nofollow\">Twitter for Android</a>", "text": "@frostycamel @Team_Trump45 @realDonaldTrump Details.", "in_reply_to_status_id_str": "923181896858824705"}, "listed_count": 0, "profile_use_background_image": true, "has_extended_profile": false}
2017-11-03T11:00:04.847688	{"is_translation_enabled": false, "created_at": "Wed Mar 11 16:07:12 +0000 2009", "friends_count": 37, "description": "Enjoying retirement", "profile_background_image_url_https": "https://abs.twimg.com/images/themes/theme1/bg.png", "profile_background_tile": false, "location": "Concord, California", "profile_link_color": "1DA1F2", "time_zone": "Pacific Time (US & Canada)", "default_profile": true, "url": "http://t.co/MBuagCc1vd", "is_translator": false, "has_extended_profile": false, "entities": {"url": {"urls": [{"url": "http://t.co/MBuagCc1vd", "expanded_url": "https://twitter.com/wales4me", "indices": [0, 22], "display_url": "twitter.com/wales4me"}]}, "description": {"urls": []}}, "follow_request_sent": false, "followers_count": 1, "listed_count": 0, "statuses_count": 31, "screen_name": "wales4me", "id_str": "23783299", "protected": false, "name": "Don", "profile_background_color": "C0DEED", "profile_image_url": "http://pbs.twimg.com/profile_images/1479734318/IMG04_normal.JPG", "profile_background_image_url": "http://abs.twimg.com/images/themes/theme1/bg.png", "translator_type": "none", "profile_sidebar_fill_color": "DDEEF6", "profile_sidebar_border_color": "C0DEED", "profile_use_background_image": true, "notifications": false, "utc_offset": -25200, "following": false, "profile_image_url_https": "https://pbs.twimg.com/profile_images/1479734318/IMG04_normal.JPG", "profile_text_color": "333333", "contributors_enabled": false, "geo_enabled": false, "default_profile_image": false, "verified": false, "lang": "en", "status": {"created_at": "Fri Oct 27 01:36:26 +0000 2017", "favorited": false, "contributors": null, "text": "@frostycamel @Team_Trump45 @realDonaldTrump Details.", "source": "<a href=\"http://twitter.com/download/android\" rel=\"nofollow\">Twitter for Android</a>", "is_quote_status": false, "entities": {"user_mentions": [{"screen_name": "frostycamel", "id_str": "905095603297943554", "id": 905095603297943554, "indices": [0, 12], "name": "Andy"}, {"screen_name": "Team_Trump45", "id_str": "3580248555", "id": 3580248555, "indices": [13, 26], "name": "Trumpism\u2122"}, {"screen_name": "realDonaldTrump", "id_str": "25073877", "id": 25073877, "indices": [27, 43], "name": "Donald J. Trump"}], "hashtags": [], "urls": [], "symbols": []}, "in_reply_to_status_id_str": "923181896858824705", "in_reply_to_screen_name": "frostycamel", "in_reply_to_user_id_str": "905095603297943554", "id_str": "923725041036136448", "place": null, "in_reply_to_status_id": 923181896858824705, "in_reply_to_user_id": 905095603297943554, "truncated": false, "geo": null, "coordinates": null, "retweet_count": 0, "retweeted": false, "lang": "en", "favorite_count": 0, "id": 923725041036136448}, "id": 23783299, "favourites_count": 20}
2017-11-03T12:00:04.311603	{"utc_offset": -25200, "profile_text_color": "333333", "profile_background_color": "C0DEED", "follow_request_sent": false, "profile_sidebar_fill_color": "DDEEF6", "followers_count": 1, "profile_use_background_image": true, "notifications": false, "profile_image_url_https": "https://pbs.twimg.com/profile_images/1479734318/IMG04_normal.JPG", "status": {"retweeted": false, "source": "<a href=\"http://twitter.com/download/android\" rel=\"nofollow\">Twitter for Android</a>", "in_reply_to_user_id": 905095603297943554, "truncated": false, "is_quote_status": false, "text": "@frostycamel @Team_Trump45 @realDonaldTrump Details.", "in_reply_to_user_id_str": "905095603297943554", "coordinates": null, "created_at": "Fri Oct 27 01:36:26 +0000 2017", "in_reply_to_screen_name": "frostycamel", "lang": "en", "retweet_count": 0, "favorite_count": 0, "geo": null, "place": null, "favorited": false, "id_str": "923725041036136448", "entities": {"urls": [], "hashtags": [], "user_mentions": [{"id": 905095603297943554, "id_str": "905095603297943554", "name": "Andy", "screen_name": "frostycamel", "indices": [0, 12]}, {"id": 3580248555, "id_str": "3580248555", "name": "Trumpism\u2122", "screen_name": "Team_Trump45", "indices": [13, 26]}, {"id": 25073877, "id_str": "25073877", "name": "Donald J. Trump", "screen_name": "realDonaldTrump", "indices": [27, 43]}], "symbols": []}, "in_reply_to_status_id": 923181896858824705, "id": 923725041036136448, "contributors": null, "in_reply_to_status_id_str": "923181896858824705"}, "location": "Concord, California", "time_zone": "Pacific Time (US & Canada)", "profile_background_image_url": "http://abs.twimg.com/images/themes/theme1/bg.png", "profile_image_url": "http://pbs.twimg.com/profile_images/1479734318/IMG04_normal.JPG", "favourites_count": 20, "screen_name": "wales4me", "is_translation_enabled": false, "profile_sidebar_border_color": "C0DEED", "has_extended_profile": false, "geo_enabled": false, "is_translator": false, "profile_background_tile": false, "description": "Enjoying retirement", "profile_background_image_url_https": "https://abs.twimg.com/images/themes/theme1/bg.png", "profile_link_color": "1DA1F2", "default_profile_image": false, "created_at": "Wed Mar 11 16:07:12 +0000 2009", "lang": "en", "listed_count": 0, "following": false, "name": "Don", "statuses_count": 31, "protected": false, "id_str": "23783299", "verified": false, "entities": {"url": {"urls": [{"expanded_url": "https://twitter.com/wales4me", "url": "http://t.co/MBuagCc1vd", "indices": [0, 22], "display_url": "twitter.com/wales4me"}]}, "description": {"urls": []}}, "friends_count": 37, "id": 23783299, "url": "http://t.co/MBuagCc1vd", "contributors_enabled": false, "default_profile": true, "translator_type": "none"}
2017-11-03T13:00:04.713710	{"screen_name": "wales4me", "profile_sidebar_fill_color": "DDEEF6", "id": 23783299, "profile_background_image_url_https": "https://abs.twimg.com/images/themes/theme1/bg.png", "follow_request_sent": false, "profile_link_color": "1DA1F2", "notifications": false, "statuses_count": 31, "id_str": "23783299", "name": "Don", "is_translation_enabled": false, "followers_count": 1, "profile_text_color": "333333", "profile_background_image_url": "http://abs.twimg.com/images/themes/theme1/bg.png", "profile_use_background_image": true, "location": "Concord, California", "profile_sidebar_border_color": "C0DEED", "verified": false, "translator_type": "none", "created_at": "Wed Mar 11 16:07:12 +0000 2009", "lang": "en", "protected": false, "contributors_enabled": false, "status": {"favorited": false, "place": null, "source": "<a href=\"http://twitter.com/download/android\" rel=\"nofollow\">Twitter for Android</a>", "id": 923725041036136448, "in_reply_to_user_id": 905095603297943554, "id_str": "923725041036136448", "in_reply_to_screen_name": "frostycamel", "lang": "en", "retweet_count": 0, "in_reply_to_status_id": 923181896858824705, "coordinates": null, "geo": null, "created_at": "Fri Oct 27 01:36:26 +0000 2017", "is_quote_status": false, "truncated": false, "contributors": null, "in_reply_to_user_id_str": "905095603297943554", "text": "@frostycamel @Team_Trump45 @realDonaldTrump Details.", "in_reply_to_status_id_str": "923181896858824705", "retweeted": false, "entities": {"symbols": [], "user_mentions": [{"indices": [0, 12], "screen_name": "frostycamel", "id_str": "905095603297943554", "id": 905095603297943554, "name": "Andy"}, {"indices": [13, 26], "screen_name": "Team_Trump45", "id_str": "3580248555", "id": 3580248555, "name": "Trumpism\u2122"}, {"indices": [27, 43], "screen_name": "realDonaldTrump", "id_str": "25073877", "id": 25073877, "name": "Donald J. Trump"}], "hashtags": [], "urls": []}, "favorite_count": 0}, "profile_background_tile": false, "utc_offset": -25200, "profile_image_url_https": "https://pbs.twimg.com/profile_images/1479734318/IMG04_normal.JPG", "default_profile_image": false, "friends_count": 37, "has_extended_profile": false, "geo_enabled": false, "is_translator": false, "description": "Enjoying retirement", "default_profile": true, "entities": {"description": {"urls": []}, "url": {"urls": [{"indices": [0, 22], "url": "http://t.co/MBuagCc1vd", "display_url": "twitter.com/wales4me", "expanded_url": "https://twitter.com/wales4me"}]}}, "following": false, "favourites_count": 20, "url": "http://t.co/MBuagCc1vd", "time_zone": "Pacific Time (US & Canada)", "profile_background_color": "C0DEED", "listed_count": 0, "profile_image_url": "http://pbs.twimg.com/profile_images/1479734318/IMG04_normal.JPG"}
2017-11-03T14:00:05.607876	{"entities": {"url": {"urls": [{"url": "http://t.co/MBuagCc1vd", "expanded_url": "https://twitter.com/wales4me", "indices": [0, 22], "display_url": "twitter.com/wales4me"}]}, "description": {"urls": []}}, "profile_image_url": "http://pbs.twimg.com/profile_images/1479734318/IMG04_normal.JPG", "translator_type": "none", "is_translator": false, "id_str": "23783299", "url": "http://t.co/MBuagCc1vd", "is_translation_enabled": false, "notifications": false, "profile_text_color": "333333", "favourites_count": 20, "profile_sidebar_border_color": "C0DEED", "profile_image_url_https": "https://pbs.twimg.com/profile_images/1479734318/IMG04_normal.JPG", "has_extended_profile": false, "description": "Enjoying retirement", "default_profile_image": false, "listed_count": 0, "location": "Concord, California", "lang": "en", "profile_background_image_url_https": "https://abs.twimg.com/images/themes/theme1/bg.png", "friends_count": 37, "profile_background_image_url": "http://abs.twimg.com/images/themes/theme1/bg.png", "id": 23783299, "follow_request_sent": false, "followers_count": 1, "profile_background_color": "C0DEED", "profile_use_background_image": true, "default_profile": true, "profile_link_color": "1DA1F2", "verified": false, "following": false, "status": {"favorited": false, "entities": {"user_mentions": [{"indices": [0, 12], "id": 905095603297943554, "id_str": "905095603297943554", "screen_name": "frostycamel", "name": "Andy"}, {"indices": [13, 26], "id": 3580248555, "id_str": "3580248555", "screen_name": "Team_Trump45", "name": "Trumpism\u2122"}, {"indices": [27, 43], "id": 25073877, "id_str": "25073877", "screen_name": "realDonaldTrump", "name": "Donald J. Trump"}], "urls": [], "symbols": [], "hashtags": []}, "contributors": null, "geo": null, "text": "@frostycamel @Team_Trump45 @realDonaldTrump Details.", "id_str": "923725041036136448", "in_reply_to_user_id_str": "905095603297943554", "in_reply_to_screen_name": "frostycamel", "place": null, "coordinates": null, "lang": "en", "retweeted": false, "id": 923725041036136448, "in_reply_to_user_id": 905095603297943554, "in_reply_to_status_id_str": "923181896858824705", "in_reply_to_status_id": 923181896858824705, "is_quote_status": false, "favorite_count": 0, "truncated": false, "retweet_count": 0, "created_at": "Fri Oct 27 01:36:26 +0000 2017", "source": "<a href=\"http://twitter.com/download/android\" rel=\"nofollow\">Twitter for Android</a>"}, "protected": false, "utc_offset": -25200, "geo_enabled": false, "screen_name": "wales4me", "contributors_enabled": false, "profile_sidebar_fill_color": "DDEEF6", "created_at": "Wed Mar 11 16:07:12 +0000 2009", "time_zone": "Pacific Time (US & Canada)", "statuses_count": 31, "profile_background_tile": false, "name": "Don"}
2017-11-03T15:00:04.633575	{"profile_link_color": "1DA1F2", "profile_image_url_https": "https://pbs.twimg.com/profile_images/1479734318/IMG04_normal.JPG", "lang": "en", "has_extended_profile": false, "is_translation_enabled": false, "created_at": "Wed Mar 11 16:07:12 +0000 2009", "profile_background_color": "C0DEED", "profile_text_color": "333333", "protected": false, "listed_count": 0, "statuses_count": 31, "name": "Don", "status": {"lang": "en", "in_reply_to_user_id": 905095603297943554, "retweeted": false, "in_reply_to_screen_name": "frostycamel", "contributors": null, "source": "<a href=\"http://twitter.com/download/android\" rel=\"nofollow\">Twitter for Android</a>", "created_at": "Fri Oct 27 01:36:26 +0000 2017", "in_reply_to_status_id_str": "923181896858824705", "in_reply_to_user_id_str": "905095603297943554", "text": "@frostycamel @Team_Trump45 @realDonaldTrump Details.", "truncated": false, "retweet_count": 0, "place": null, "id": 923725041036136448, "geo": null, "coordinates": null, "entities": {"user_mentions": [{"indices": [0, 12], "id_str": "905095603297943554", "screen_name": "frostycamel", "id": 905095603297943554, "name": "Andy"}, {"indices": [13, 26], "id_str": "3580248555", "screen_name": "Team_Trump45", "id": 3580248555, "name": "Trumpism\u2122"}, {"indices": [27, 43], "id_str": "25073877", "screen_name": "realDonaldTrump", "id": 25073877, "name": "Donald J. Trump"}], "hashtags": [], "urls": [], "symbols": []}, "favorited": false, "in_reply_to_status_id": 923181896858824705, "id_str": "923725041036136448", "is_quote_status": false, "favorite_count": 0}, "profile_use_background_image": true, "following": false, "id": 23783299, "favourites_count": 20, "description": "Enjoying retirement", "profile_background_image_url_https": "https://abs.twimg.com/images/themes/theme1/bg.png", "profile_sidebar_fill_color": "DDEEF6", "default_profile_image": false, "entities": {"url": {"urls": [{"url": "http://t.co/MBuagCc1vd", "expanded_url": "https://twitter.com/wales4me", "display_url": "twitter.com/wales4me", "indices": [0, 22]}]}, "description": {"urls": []}}, "url": "http://t.co/MBuagCc1vd", "location": "Concord, California", "friends_count": 37, "time_zone": "Pacific Time (US & Canada)", "contributors_enabled": false, "follow_request_sent": false, "geo_enabled": false, "utc_offset": -25200, "translator_type": "none", "default_profile": true, "id_str": "23783299", "screen_name": "wales4me", "profile_sidebar_border_color": "C0DEED", "profile_background_image_url": "http://abs.twimg.com/images/themes/theme1/bg.png", "profile_background_tile": false, "followers_count": 1, "verified": false, "notifications": false, "profile_image_url": "http://pbs.twimg.com/profile_images/1479734318/IMG04_normal.JPG", "is_translator": false}
2017-11-03T16:00:04.779901	{"profile_image_url_https": "https://pbs.twimg.com/profile_images/1479734318/IMG04_normal.JPG", "is_translator": false, "geo_enabled": false, "name": "Don", "verified": false, "friends_count": 37, "follow_request_sent": false, "profile_background_color": "C0DEED", "protected": false, "profile_use_background_image": true, "default_profile_image": false, "profile_background_tile": false, "profile_background_image_url_https": "https://abs.twimg.com/images/themes/theme1/bg.png", "profile_sidebar_border_color": "C0DEED", "default_profile": true, "screen_name": "wales4me", "contributors_enabled": false, "url": "http://t.co/MBuagCc1vd", "profile_text_color": "333333", "profile_image_url": "http://pbs.twimg.com/profile_images/1479734318/IMG04_normal.JPG", "created_at": "Wed Mar 11 16:07:12 +0000 2009", "description": "Enjoying retirement", "followers_count": 1, "is_translation_enabled": false, "id_str": "23783299", "listed_count": 0, "notifications": false, "entities": {"description": {"urls": []}, "url": {"urls": [{"expanded_url": "https://twitter.com/wales4me", "url": "http://t.co/MBuagCc1vd", "indices": [0, 22], "display_url": "twitter.com/wales4me"}]}}, "profile_background_image_url": "http://abs.twimg.com/images/themes/theme1/bg.png", "statuses_count": 31, "status": {"retweet_count": 0, "coordinates": null, "in_reply_to_status_id_str": "923181896858824705", "place": null, "in_reply_to_status_id": 923181896858824705, "favorite_count": 0, "text": "@frostycamel @Team_Trump45 @realDonaldTrump Details.", "favorited": false, "retweeted": false, "created_at": "Fri Oct 27 01:36:26 +0000 2017", "lang": "en", "id_str": "923725041036136448", "in_reply_to_user_id_str": "905095603297943554", "entities": {"hashtags": [], "urls": [], "symbols": [], "user_mentions": [{"screen_name": "frostycamel", "id_str": "905095603297943554", "indices": [0, 12], "id": 905095603297943554, "name": "Andy"}, {"screen_name": "Team_Trump45", "id_str": "3580248555", "indices": [13, 26], "id": 3580248555, "name": "Trumpism\u2122"}, {"screen_name": "realDonaldTrump", "id_str": "25073877", "indices": [27, 43], "id": 25073877, "name": "Donald J. Trump"}]}, "in_reply_to_screen_name": "frostycamel", "source": "<a href=\"http://twitter.com/download/android\" rel=\"nofollow\">Twitter for Android</a>", "is_quote_status": false, "id": 923725041036136448, "truncated": false, "geo": null, "in_reply_to_user_id": 905095603297943554, "contributors": null}, "has_extended_profile": false, "location": "Concord, California", "favourites_count": 20, "id": 23783299, "time_zone": "Pacific Time (US & Canada)", "utc_offset": -25200, "translator_type": "none", "lang": "en", "profile_sidebar_fill_color": "DDEEF6", "profile_link_color": "1DA1F2", "following": false}
2017-11-03T17:00:04.737872	{"id": 23783299, "follow_request_sent": false, "geo_enabled": false, "is_translator": false, "contributors_enabled": false, "status": {"id": 923725041036136448, "favorite_count": 0, "retweet_count": 0, "geo": null, "retweeted": false, "truncated": false, "source": "<a href=\"http://twitter.com/download/android\" rel=\"nofollow\">Twitter for Android</a>", "is_quote_status": false, "created_at": "Fri Oct 27 01:36:26 +0000 2017", "contributors": null, "in_reply_to_user_id": 905095603297943554, "place": null, "in_reply_to_screen_name": "frostycamel", "in_reply_to_user_id_str": "905095603297943554", "id_str": "923725041036136448", "entities": {"user_mentions": [{"id": 905095603297943554, "name": "Andy", "id_str": "905095603297943554", "indices": [0, 12], "screen_name": "frostycamel"}, {"id": 3580248555, "name": "Trumpism\u2122", "id_str": "3580248555", "indices": [13, 26], "screen_name": "Team_Trump45"}, {"id": 25073877, "name": "Donald J. Trump", "id_str": "25073877", "indices": [27, 43], "screen_name": "realDonaldTrump"}], "hashtags": [], "symbols": [], "urls": []}, "in_reply_to_status_id_str": "923181896858824705", "lang": "en", "text": "@frostycamel @Team_Trump45 @realDonaldTrump Details.", "favorited": false, "coordinates": null, "in_reply_to_status_id": 923181896858824705}, "profile_image_url_https": "https://pbs.twimg.com/profile_images/1479734318/IMG04_normal.JPG", "url": "http://t.co/MBuagCc1vd", "protected": false, "notifications": false, "profile_link_color": "1DA1F2", "profile_text_color": "333333", "listed_count": 0, "translator_type": "none", "time_zone": "Pacific Time (US & Canada)", "default_profile": true, "profile_background_color": "C0DEED", "name": "Don", "profile_use_background_image": true, "created_at": "Wed Mar 11 16:07:12 +0000 2009", "description": "Enjoying retirement", "favourites_count": 20, "following": false, "default_profile_image": false, "profile_sidebar_border_color": "C0DEED", "screen_name": "wales4me", "verified": false, "utc_offset": -25200, "id_str": "23783299", "entities": {"url": {"urls": [{"display_url": "twitter.com/wales4me", "indices": [0, 22], "url": "http://t.co/MBuagCc1vd", "expanded_url": "https://twitter.com/wales4me"}]}, "description": {"urls": []}}, "statuses_count": 31, "location": "Concord, California", "lang": "en", "followers_count": 1, "profile_sidebar_fill_color": "DDEEF6", "has_extended_profile": false, "profile_background_image_url": "http://abs.twimg.com/images/themes/theme1/bg.png", "profile_image_url": "http://pbs.twimg.com/profile_images/1479734318/IMG04_normal.JPG", "friends_count": 37, "profile_background_image_url_https": "https://abs.twimg.com/images/themes/theme1/bg.png", "profile_background_tile": false, "is_translation_enabled": false}
2017-11-03T18:00:04.360334	{"profile_background_color": "C0DEED", "profile_background_image_url": "http://abs.twimg.com/images/themes/theme1/bg.png", "is_translator": false, "lang": "en", "profile_sidebar_border_color": "C0DEED", "favourites_count": 20, "time_zone": "Pacific Time (US & Canada)", "has_extended_profile": false, "url": "http://t.co/MBuagCc1vd", "profile_link_color": "1DA1F2", "statuses_count": 31, "profile_image_url": "http://pbs.twimg.com/profile_images/1479734318/IMG04_normal.JPG", "listed_count": 0, "profile_background_image_url_https": "https://abs.twimg.com/images/themes/theme1/bg.png", "profile_background_tile": false, "verified": false, "follow_request_sent": false, "is_translation_enabled": false, "following": false, "location": "Concord, California", "geo_enabled": false, "screen_name": "wales4me", "default_profile": true, "profile_text_color": "333333", "translator_type": "none", "id_str": "23783299", "entities": {"description": {"urls": []}, "url": {"urls": [{"indices": [0, 22], "display_url": "twitter.com/wales4me", "url": "http://t.co/MBuagCc1vd", "expanded_url": "https://twitter.com/wales4me"}]}}, "id": 23783299, "name": "Don", "status": {"text": "@frostycamel @Team_Trump45 @realDonaldTrump Details.", "lang": "en", "in_reply_to_status_id_str": "923181896858824705", "truncated": false, "is_quote_status": false, "place": null, "in_reply_to_screen_name": "frostycamel", "in_reply_to_user_id": 905095603297943554, "retweeted": false, "geo": null, "favorite_count": 0, "id_str": "923725041036136448", "in_reply_to_status_id": 923181896858824705, "in_reply_to_user_id_str": "905095603297943554", "entities": {"hashtags": [], "symbols": [], "user_mentions": [{"screen_name": "frostycamel", "indices": [0, 12], "id": 905095603297943554, "name": "Andy", "id_str": "905095603297943554"}, {"screen_name": "Team_Trump45", "indices": [13, 26], "id": 3580248555, "name": "Trumpism\u2122", "id_str": "3580248555"}, {"screen_name": "realDonaldTrump", "indices": [27, 43], "id": 25073877, "name": "Donald J. Trump", "id_str": "25073877"}], "urls": []}, "id": 923725041036136448, "contributors": null, "coordinates": null, "created_at": "Fri Oct 27 01:36:26 +0000 2017", "favorited": false, "retweet_count": 0, "source": "<a href=\"http://twitter.com/download/android\" rel=\"nofollow\">Twitter for Android</a>"}, "utc_offset": -25200, "notifications": false, "description": "Enjoying retirement", "friends_count": 37, "default_profile_image": false, "followers_count": 1, "created_at": "Wed Mar 11 16:07:12 +0000 2009", "contributors_enabled": false, "profile_use_background_image": true, "profile_sidebar_fill_color": "DDEEF6", "profile_image_url_https": "https://pbs.twimg.com/profile_images/1479734318/IMG04_normal.JPG", "protected": false}
2017-11-03T19:00:04.934971	{"follow_request_sent": false, "listed_count": 0, "default_profile_image": false, "id": 23783299, "protected": false, "location": "Concord, California", "status": {"in_reply_to_user_id_str": "905095603297943554", "in_reply_to_user_id": 905095603297943554, "contributors": null, "in_reply_to_screen_name": "frostycamel", "text": "@frostycamel @Team_Trump45 @realDonaldTrump Details.", "created_at": "Fri Oct 27 01:36:26 +0000 2017", "entities": {"user_mentions": [{"name": "Andy", "id": 905095603297943554, "id_str": "905095603297943554", "screen_name": "frostycamel", "indices": [0, 12]}, {"name": "Trumpism\u2122", "id": 3580248555, "id_str": "3580248555", "screen_name": "Team_Trump45", "indices": [13, 26]}, {"name": "Donald J. Trump", "id": 25073877, "id_str": "25073877", "screen_name": "realDonaldTrump", "indices": [27, 43]}], "symbols": [], "urls": [], "hashtags": []}, "source": "<a href=\"http://twitter.com/download/android\" rel=\"nofollow\">Twitter for Android</a>", "coordinates": null, "place": null, "retweet_count": 0, "truncated": false, "id_str": "923725041036136448", "in_reply_to_status_id": 923181896858824705, "in_reply_to_status_id_str": "923181896858824705", "id": 923725041036136448, "lang": "en", "geo": null, "favorited": false, "favorite_count": 0, "retweeted": false, "is_quote_status": false}, "profile_background_image_url": "http://abs.twimg.com/images/themes/theme1/bg.png", "notifications": false, "description": "Enjoying retirement", "profile_sidebar_border_color": "C0DEED", "created_at": "Wed Mar 11 16:07:12 +0000 2009", "entities": {"description": {"urls": []}, "url": {"urls": [{"expanded_url": "https://twitter.com/wales4me", "display_url": "twitter.com/wales4me", "url": "http://t.co/MBuagCc1vd", "indices": [0, 22]}]}}, "has_extended_profile": false, "statuses_count": 31, "utc_offset": -25200, "name": "Don", "friends_count": 37, "profile_sidebar_fill_color": "DDEEF6", "followers_count": 1, "profile_link_color": "1DA1F2", "geo_enabled": false, "id_str": "23783299", "profile_image_url": "http://pbs.twimg.com/profile_images/1479734318/IMG04_normal.JPG", "profile_text_color": "333333", "profile_use_background_image": true, "following": false, "screen_name": "wales4me", "is_translator": false, "lang": "en", "profile_background_tile": false, "profile_background_image_url_https": "https://abs.twimg.com/images/themes/theme1/bg.png", "default_profile": true, "time_zone": "Pacific Time (US & Canada)", "profile_image_url_https": "https://pbs.twimg.com/profile_images/1479734318/IMG04_normal.JPG", "favourites_count": 20, "translator_type": "none", "verified": false, "is_translation_enabled": false, "profile_background_color": "C0DEED", "url": "http://t.co/MBuagCc1vd", "contributors_enabled": false}
2017-11-03T20:00:04.662450	{"description": "Enjoying retirement", "listed_count": 0, "profile_background_image_url": "http://abs.twimg.com/images/themes/theme1/bg.png", "follow_request_sent": false, "lang": "en", "followers_count": 1, "profile_link_color": "1DA1F2", "translator_type": "none", "following": false, "profile_background_tile": false, "profile_use_background_image": true, "is_translation_enabled": false, "has_extended_profile": false, "profile_sidebar_fill_color": "DDEEF6", "notifications": false, "is_translator": false, "profile_sidebar_border_color": "C0DEED", "location": "Concord, California", "status": {"text": "@frostycamel @Team_Trump45 @realDonaldTrump Details.", "lang": "en", "in_reply_to_status_id_str": "923181896858824705", "retweeted": false, "place": null, "in_reply_to_screen_name": "frostycamel", "contributors": null, "favorite_count": 0, "is_quote_status": false, "entities": {"user_mentions": [{"name": "Andy", "indices": [0, 12], "screen_name": "frostycamel", "id_str": "905095603297943554", "id": 905095603297943554}, {"name": "Trumpism\u2122", "indices": [13, 26], "screen_name": "Team_Trump45", "id_str": "3580248555", "id": 3580248555}, {"name": "Donald J. Trump", "indices": [27, 43], "screen_name": "realDonaldTrump", "id_str": "25073877", "id": 25073877}], "hashtags": [], "symbols": [], "urls": []}, "in_reply_to_status_id": 923181896858824705, "source": "<a href=\"http://twitter.com/download/android\" rel=\"nofollow\">Twitter for Android</a>", "in_reply_to_user_id": 905095603297943554, "favorited": false, "id": 923725041036136448, "in_reply_to_user_id_str": "905095603297943554", "geo": null, "id_str": "923725041036136448", "coordinates": null, "truncated": false, "created_at": "Fri Oct 27 01:36:26 +0000 2017", "retweet_count": 0}, "default_profile": true, "favourites_count": 20, "entities": {"description": {"urls": []}, "url": {"urls": [{"indices": [0, 22], "display_url": "twitter.com/wales4me", "url": "http://t.co/MBuagCc1vd", "expanded_url": "https://twitter.com/wales4me"}]}}, "profile_background_image_url_https": "https://abs.twimg.com/images/themes/theme1/bg.png", "protected": false, "utc_offset": -25200, "geo_enabled": false, "screen_name": "wales4me", "statuses_count": 31, "name": "Don", "id": 23783299, "profile_text_color": "333333", "friends_count": 37, "profile_image_url_https": "https://pbs.twimg.com/profile_images/1479734318/IMG04_normal.JPG", "url": "http://t.co/MBuagCc1vd", "id_str": "23783299", "verified": false, "profile_background_color": "C0DEED", "created_at": "Wed Mar 11 16:07:12 +0000 2009", "contributors_enabled": false, "profile_image_url": "http://pbs.twimg.com/profile_images/1479734318/IMG04_normal.JPG", "default_profile_image": false, "time_zone": "Pacific Time (US & Canada)"}
2017-11-03T21:00:03.963671	{"id_str": "23783299", "is_translation_enabled": false, "has_extended_profile": false, "profile_image_url_https": "https://pbs.twimg.com/profile_images/1479734318/IMG04_normal.JPG", "id": 23783299, "default_profile_image": false, "utc_offset": -25200, "verified": false, "profile_background_image_url_https": "https://abs.twimg.com/images/themes/theme1/bg.png", "is_translator": false, "lang": "en", "entities": {"url": {"urls": [{"url": "http://t.co/MBuagCc1vd", "display_url": "twitter.com/wales4me", "expanded_url": "https://twitter.com/wales4me", "indices": [0, 22]}]}, "description": {"urls": []}}, "follow_request_sent": false, "default_profile": true, "screen_name": "wales4me", "url": "http://t.co/MBuagCc1vd", "geo_enabled": false, "friends_count": 37, "contributors_enabled": false, "profile_text_color": "333333", "following": false, "listed_count": 0, "statuses_count": 31, "profile_sidebar_border_color": "C0DEED", "time_zone": "Pacific Time (US & Canada)", "profile_sidebar_fill_color": "DDEEF6", "followers_count": 1, "profile_link_color": "1DA1F2", "profile_background_tile": false, "created_at": "Wed Mar 11 16:07:12 +0000 2009", "description": "Enjoying retirement", "location": "Concord, California", "protected": false, "profile_use_background_image": true, "name": "Don", "profile_background_image_url": "http://abs.twimg.com/images/themes/theme1/bg.png", "favourites_count": 20, "profile_background_color": "C0DEED", "translator_type": "none", "profile_image_url": "http://pbs.twimg.com/profile_images/1479734318/IMG04_normal.JPG", "notifications": false, "status": {"id_str": "923725041036136448", "favorited": false, "is_quote_status": false, "id": 923725041036136448, "in_reply_to_screen_name": "frostycamel", "favorite_count": 0, "truncated": false, "entities": {"hashtags": [], "urls": [], "user_mentions": [{"id_str": "905095603297943554", "name": "Andy", "id": 905095603297943554, "indices": [0, 12], "screen_name": "frostycamel"}, {"id_str": "3580248555", "name": "Trumpism\u2122", "id": 3580248555, "indices": [13, 26], "screen_name": "Team_Trump45"}, {"id_str": "25073877", "name": "Donald J. Trump", "id": 25073877, "indices": [27, 43], "screen_name": "realDonaldTrump"}], "symbols": []}, "contributors": null, "text": "@frostycamel @Team_Trump45 @realDonaldTrump Details.", "retweet_count": 0, "lang": "en", "place": null, "in_reply_to_user_id_str": "905095603297943554", "in_reply_to_status_id": 923181896858824705, "created_at": "Fri Oct 27 01:36:26 +0000 2017", "in_reply_to_user_id": 905095603297943554, "in_reply_to_status_id_str": "923181896858824705", "source": "<a href=\"http://twitter.com/download/android\" rel=\"nofollow\">Twitter for Android</a>", "coordinates": null, "retweeted": false, "geo": null}}
2017-11-03T22:00:04.374774	{"profile_image_url_https": "https://pbs.twimg.com/profile_images/1479734318/IMG04_normal.JPG", "statuses_count": 31, "lang": "en", "favourites_count": 20, "friends_count": 37, "default_profile": true, "protected": false, "profile_sidebar_border_color": "C0DEED", "name": "Don", "profile_background_image_url": "http://abs.twimg.com/images/themes/theme1/bg.png", "profile_link_color": "1DA1F2", "profile_sidebar_fill_color": "DDEEF6", "time_zone": "Pacific Time (US & Canada)", "description": "Enjoying retirement", "listed_count": 0, "verified": false, "profile_image_url": "http://pbs.twimg.com/profile_images/1479734318/IMG04_normal.JPG", "has_extended_profile": false, "geo_enabled": false, "status": {"truncated": false, "in_reply_to_screen_name": "frostycamel", "retweet_count": 0, "lang": "en", "in_reply_to_status_id_str": "923181896858824705", "text": "@frostycamel @Team_Trump45 @realDonaldTrump Details.", "in_reply_to_user_id_str": "905095603297943554", "place": null, "favorited": false, "source": "<a href=\"http://twitter.com/download/android\" rel=\"nofollow\">Twitter for Android</a>", "is_quote_status": false, "favorite_count": 0, "entities": {"user_mentions": [{"screen_name": "frostycamel", "indices": [0, 12], "id_str": "905095603297943554", "id": 905095603297943554, "name": "Andy"}, {"screen_name": "Team_Trump45", "indices": [13, 26], "id_str": "3580248555", "id": 3580248555, "name": "Trumpism\u2122"}, {"screen_name": "realDonaldTrump", "indices": [27, 43], "id_str": "25073877", "id": 25073877, "name": "Donald J. Trump"}], "urls": [], "symbols": [], "hashtags": []}, "coordinates": null, "created_at": "Fri Oct 27 01:36:26 +0000 2017", "geo": null, "in_reply_to_user_id": 905095603297943554, "in_reply_to_status_id": 923181896858824705, "id_str": "923725041036136448", "id": 923725041036136448, "contributors": null, "retweeted": false}, "profile_background_tile": false, "profile_use_background_image": true, "is_translator": false, "profile_text_color": "333333", "following": false, "entities": {"url": {"urls": [{"display_url": "twitter.com/wales4me", "indices": [0, 22], "url": "http://t.co/MBuagCc1vd", "expanded_url": "https://twitter.com/wales4me"}]}, "description": {"urls": []}}, "notifications": false, "url": "http://t.co/MBuagCc1vd", "created_at": "Wed Mar 11 16:07:12 +0000 2009", "location": "Concord, California", "profile_background_color": "C0DEED", "screen_name": "wales4me", "followers_count": 1, "id_str": "23783299", "is_translation_enabled": false, "id": 23783299, "contributors_enabled": false, "profile_background_image_url_https": "https://abs.twimg.com/images/themes/theme1/bg.png", "translator_type": "none", "follow_request_sent": false, "utc_offset": -25200, "default_profile_image": false}
2017-11-03T23:00:04.812617	{"profile_background_color": "C0DEED", "name": "Don", "protected": false, "screen_name": "wales4me", "geo_enabled": false, "id_str": "23783299", "contributors_enabled": false, "followers_count": 1, "has_extended_profile": false, "profile_image_url_https": "https://pbs.twimg.com/profile_images/1479734318/IMG04_normal.JPG", "created_at": "Wed Mar 11 16:07:12 +0000 2009", "profile_background_tile": false, "id": 23783299, "url": "http://t.co/MBuagCc1vd", "profile_text_color": "333333", "utc_offset": -25200, "statuses_count": 31, "time_zone": "Pacific Time (US & Canada)", "lang": "en", "profile_image_url": "http://pbs.twimg.com/profile_images/1479734318/IMG04_normal.JPG", "is_translation_enabled": false, "favourites_count": 20, "default_profile_image": false, "description": "Enjoying retirement", "profile_background_image_url_https": "https://abs.twimg.com/images/themes/theme1/bg.png", "follow_request_sent": false, "following": false, "location": "Concord, California", "profile_link_color": "1DA1F2", "status": {"in_reply_to_user_id_str": "905095603297943554", "id_str": "923725041036136448", "retweeted": false, "source": "<a href=\"http://twitter.com/download/android\" rel=\"nofollow\">Twitter for Android</a>", "in_reply_to_user_id": 905095603297943554, "in_reply_to_screen_name": "frostycamel", "favorited": false, "id": 923725041036136448, "text": "@frostycamel @Team_Trump45 @realDonaldTrump Details.", "is_quote_status": false, "lang": "en", "truncated": false, "contributors": null, "coordinates": null, "favorite_count": 0, "created_at": "Fri Oct 27 01:36:26 +0000 2017", "entities": {"symbols": [], "urls": [], "user_mentions": [{"screen_name": "frostycamel", "indices": [0, 12], "name": "Andy", "id_str": "905095603297943554", "id": 905095603297943554}, {"screen_name": "Team_Trump45", "indices": [13, 26], "name": "Trumpism\u2122", "id_str": "3580248555", "id": 3580248555}, {"screen_name": "realDonaldTrump", "indices": [27, 43], "name": "Donald J. Trump", "id_str": "25073877", "id": 25073877}], "hashtags": []}, "retweet_count": 0, "in_reply_to_status_id": 923181896858824705, "in_reply_to_status_id_str": "923181896858824705", "geo": null, "place": null}, "verified": false, "default_profile": true, "friends_count": 37, "profile_sidebar_fill_color": "DDEEF6", "listed_count": 0, "profile_background_image_url": "http://abs.twimg.com/images/themes/theme1/bg.png", "notifications": false, "profile_use_background_image": true, "entities": {"description": {"urls": []}, "url": {"urls": [{"indices": [0, 22], "display_url": "twitter.com/wales4me", "expanded_url": "https://twitter.com/wales4me", "url": "http://t.co/MBuagCc1vd"}]}}, "profile_sidebar_border_color": "C0DEED", "translator_type": "none", "is_translator": false}
2017-11-04T00:00:04.837427	{"profile_sidebar_border_color": "C0DEED", "verified": false, "created_at": "Wed Mar 11 16:07:12 +0000 2009", "profile_use_background_image": true, "url": "http://t.co/MBuagCc1vd", "protected": false, "follow_request_sent": false, "statuses_count": 31, "contributors_enabled": false, "has_extended_profile": false, "status": {"source": "<a href=\"http://twitter.com/download/android\" rel=\"nofollow\">Twitter for Android</a>", "id_str": "923725041036136448", "created_at": "Fri Oct 27 01:36:26 +0000 2017", "entities": {"hashtags": [], "urls": [], "symbols": [], "user_mentions": [{"id": 905095603297943554, "screen_name": "frostycamel", "name": "Andy", "indices": [0, 12], "id_str": "905095603297943554"}, {"id": 3580248555, "screen_name": "Team_Trump45", "name": "Trumpism\u2122", "indices": [13, 26], "id_str": "3580248555"}, {"id": 25073877, "screen_name": "realDonaldTrump", "name": "Donald J. Trump", "indices": [27, 43], "id_str": "25073877"}]}, "retweet_count": 0, "text": "@frostycamel @Team_Trump45 @realDonaldTrump Details.", "in_reply_to_user_id_str": "905095603297943554", "place": null, "favorite_count": 0, "is_quote_status": false, "in_reply_to_status_id": 923181896858824705, "in_reply_to_status_id_str": "923181896858824705", "in_reply_to_user_id": 905095603297943554, "coordinates": null, "lang": "en", "id": 923725041036136448, "retweeted": false, "geo": null, "contributors": null, "in_reply_to_screen_name": "frostycamel", "truncated": false, "favorited": false}, "followers_count": 1, "geo_enabled": false, "id_str": "23783299", "profile_sidebar_fill_color": "DDEEF6", "profile_text_color": "333333", "description": "Enjoying retirement", "profile_background_image_url": "http://abs.twimg.com/images/themes/theme1/bg.png", "default_profile_image": false, "listed_count": 0, "translator_type": "none", "profile_background_image_url_https": "https://abs.twimg.com/images/themes/theme1/bg.png", "default_profile": true, "notifications": false, "profile_image_url": "http://pbs.twimg.com/profile_images/1479734318/IMG04_normal.JPG", "following": false, "profile_image_url_https": "https://pbs.twimg.com/profile_images/1479734318/IMG04_normal.JPG", "lang": "en", "id": 23783299, "is_translator": false, "location": "Concord, California", "utc_offset": -25200, "favourites_count": 20, "profile_background_tile": false, "profile_link_color": "1DA1F2", "screen_name": "wales4me", "name": "Don", "time_zone": "Pacific Time (US & Canada)", "friends_count": 37, "profile_background_color": "C0DEED", "entities": {"url": {"urls": [{"url": "http://t.co/MBuagCc1vd", "display_url": "twitter.com/wales4me", "indices": [0, 22], "expanded_url": "https://twitter.com/wales4me"}]}, "description": {"urls": []}}, "is_translation_enabled": false}
2017-11-04T01:00:04.553197	{"profile_background_image_url": "http://abs.twimg.com/images/themes/theme1/bg.png", "profile_background_image_url_https": "https://abs.twimg.com/images/themes/theme1/bg.png", "id": 23783299, "lang": "en", "profile_image_url": "http://pbs.twimg.com/profile_images/1479734318/IMG04_normal.JPG", "profile_link_color": "1DA1F2", "profile_image_url_https": "https://pbs.twimg.com/profile_images/1479734318/IMG04_normal.JPG", "location": "Concord, California", "followers_count": 1, "follow_request_sent": false, "id_str": "23783299", "statuses_count": 31, "screen_name": "wales4me", "listed_count": 0, "notifications": false, "utc_offset": -25200, "is_translator": false, "verified": false, "url": "http://t.co/MBuagCc1vd", "friends_count": 37, "entities": {"description": {"urls": []}, "url": {"urls": [{"indices": [0, 22], "display_url": "twitter.com/wales4me", "url": "http://t.co/MBuagCc1vd", "expanded_url": "https://twitter.com/wales4me"}]}}, "translator_type": "none", "profile_sidebar_fill_color": "DDEEF6", "default_profile_image": false, "profile_sidebar_border_color": "C0DEED", "profile_background_color": "C0DEED", "description": "Enjoying retirement", "created_at": "Wed Mar 11 16:07:12 +0000 2009", "time_zone": "Pacific Time (US & Canada)", "status": {"text": "@frostycamel @Team_Trump45 @realDonaldTrump Details.", "id": 923725041036136448, "lang": "en", "source": "<a href=\"http://twitter.com/download/android\" rel=\"nofollow\">Twitter for Android</a>", "in_reply_to_user_id_str": "905095603297943554", "id_str": "923725041036136448", "retweeted": false, "coordinates": null, "contributors": null, "is_quote_status": false, "entities": {"symbols": [], "urls": [], "hashtags": [], "user_mentions": [{"indices": [0, 12], "id_str": "905095603297943554", "id": 905095603297943554, "screen_name": "frostycamel", "name": "Andy"}, {"indices": [13, 26], "id_str": "3580248555", "id": 3580248555, "screen_name": "Team_Trump45", "name": "Trumpism\u2122"}, {"indices": [27, 43], "id_str": "25073877", "id": 25073877, "screen_name": "realDonaldTrump", "name": "Donald J. Trump"}]}, "created_at": "Fri Oct 27 01:36:26 +0000 2017", "retweet_count": 0, "in_reply_to_user_id": 905095603297943554, "geo": null, "favorited": false, "truncated": false, "favorite_count": 0, "in_reply_to_status_id_str": "923181896858824705", "in_reply_to_screen_name": "frostycamel", "place": null, "in_reply_to_status_id": 923181896858824705}, "is_translation_enabled": false, "geo_enabled": false, "contributors_enabled": false, "following": false, "has_extended_profile": false, "profile_use_background_image": true, "favourites_count": 20, "protected": false, "profile_background_tile": false, "default_profile": true, "profile_text_color": "333333", "name": "Don"}
2017-11-04T02:00:04.255318	{"default_profile": true, "description": "Enjoying retirement", "url": "http://t.co/MBuagCc1vd", "created_at": "Wed Mar 11 16:07:12 +0000 2009", "default_profile_image": false, "contributors_enabled": false, "is_translation_enabled": false, "protected": false, "geo_enabled": false, "statuses_count": 31, "time_zone": "Pacific Time (US & Canada)", "id_str": "23783299", "verified": false, "translator_type": "none", "id": 23783299, "follow_request_sent": false, "utc_offset": -25200, "profile_use_background_image": true, "lang": "en", "profile_sidebar_border_color": "C0DEED", "profile_background_color": "C0DEED", "profile_background_image_url": "http://abs.twimg.com/images/themes/theme1/bg.png", "followers_count": 1, "profile_image_url": "http://pbs.twimg.com/profile_images/1479734318/IMG04_normal.JPG", "listed_count": 0, "screen_name": "wales4me", "profile_text_color": "333333", "profile_background_image_url_https": "https://abs.twimg.com/images/themes/theme1/bg.png", "profile_sidebar_fill_color": "DDEEF6", "notifications": false, "profile_link_color": "1DA1F2", "is_translator": false, "status": {"contributors": null, "created_at": "Fri Oct 27 01:36:26 +0000 2017", "favorite_count": 0, "truncated": false, "lang": "en", "id_str": "923725041036136448", "geo": null, "id": 923725041036136448, "favorited": false, "retweet_count": 0, "in_reply_to_user_id": 905095603297943554, "place": null, "source": "<a href=\"http://twitter.com/download/android\" rel=\"nofollow\">Twitter for Android</a>", "is_quote_status": false, "in_reply_to_status_id": 923181896858824705, "coordinates": null, "in_reply_to_status_id_str": "923181896858824705", "text": "@frostycamel @Team_Trump45 @realDonaldTrump Details.", "in_reply_to_user_id_str": "905095603297943554", "in_reply_to_screen_name": "frostycamel", "retweeted": false, "entities": {"hashtags": [], "urls": [], "symbols": [], "user_mentions": [{"screen_name": "frostycamel", "indices": [0, 12], "name": "Andy", "id": 905095603297943554, "id_str": "905095603297943554"}, {"screen_name": "Team_Trump45", "indices": [13, 26], "name": "Trumpism\u2122", "id": 3580248555, "id_str": "3580248555"}, {"screen_name": "realDonaldTrump", "indices": [27, 43], "name": "Donald J. Trump", "id": 25073877, "id_str": "25073877"}]}}, "profile_image_url_https": "https://pbs.twimg.com/profile_images/1479734318/IMG04_normal.JPG", "name": "Don", "location": "Concord, California", "profile_background_tile": false, "favourites_count": 20, "following": false, "has_extended_profile": false, "entities": {"description": {"urls": []}, "url": {"urls": [{"indices": [0, 22], "url": "http://t.co/MBuagCc1vd", "display_url": "twitter.com/wales4me", "expanded_url": "https://twitter.com/wales4me"}]}}, "friends_count": 37}
2017-11-04T03:00:04.556950	{"id_str": "23783299", "profile_background_image_url_https": "https://abs.twimg.com/images/themes/theme1/bg.png", "description": "Enjoying retirement", "contributors_enabled": false, "following": false, "screen_name": "wales4me", "translator_type": "none", "created_at": "Wed Mar 11 16:07:12 +0000 2009", "favourites_count": 20, "profile_background_color": "C0DEED", "protected": false, "url": "http://t.co/MBuagCc1vd", "lang": "en", "id": 23783299, "location": "Concord, California", "is_translator": false, "listed_count": 0, "profile_background_tile": false, "entities": {"description": {"urls": []}, "url": {"urls": [{"expanded_url": "https://twitter.com/wales4me", "display_url": "twitter.com/wales4me", "indices": [0, 22], "url": "http://t.co/MBuagCc1vd"}]}}, "utc_offset": -25200, "status": {"id_str": "923725041036136448", "in_reply_to_status_id_str": "923181896858824705", "created_at": "Fri Oct 27 01:36:26 +0000 2017", "in_reply_to_screen_name": "frostycamel", "retweet_count": 0, "coordinates": null, "geo": null, "id": 923725041036136448, "favorited": false, "in_reply_to_user_id_str": "905095603297943554", "entities": {"hashtags": [], "user_mentions": [{"screen_name": "frostycamel", "id_str": "905095603297943554", "id": 905095603297943554, "name": "Andy", "indices": [0, 12]}, {"screen_name": "Team_Trump45", "id_str": "3580248555", "id": 3580248555, "name": "Trumpism\u2122", "indices": [13, 26]}, {"screen_name": "realDonaldTrump", "id_str": "25073877", "id": 25073877, "name": "Donald J. Trump", "indices": [27, 43]}], "symbols": [], "urls": []}, "text": "@frostycamel @Team_Trump45 @realDonaldTrump Details.", "retweeted": false, "in_reply_to_status_id": 923181896858824705, "lang": "en", "place": null, "is_quote_status": false, "favorite_count": 0, "source": "<a href=\"http://twitter.com/download/android\" rel=\"nofollow\">Twitter for Android</a>", "truncated": false, "contributors": null, "in_reply_to_user_id": 905095603297943554}, "is_translation_enabled": false, "friends_count": 37, "statuses_count": 31, "profile_sidebar_border_color": "C0DEED", "profile_sidebar_fill_color": "DDEEF6", "notifications": false, "verified": false, "has_extended_profile": false, "default_profile": true, "profile_text_color": "333333", "time_zone": "Pacific Time (US & Canada)", "profile_link_color": "1DA1F2", "followers_count": 1, "default_profile_image": false, "profile_background_image_url": "http://abs.twimg.com/images/themes/theme1/bg.png", "geo_enabled": false, "profile_use_background_image": true, "follow_request_sent": false, "name": "Don", "profile_image_url_https": "https://pbs.twimg.com/profile_images/1479734318/IMG04_normal.JPG", "profile_image_url": "http://pbs.twimg.com/profile_images/1479734318/IMG04_normal.JPG"}
2017-11-04T04:00:05.359036	{"friends_count": 37, "profile_text_color": "333333", "follow_request_sent": false, "protected": false, "description": "Enjoying retirement", "location": "Concord, California", "translator_type": "none", "profile_image_url_https": "https://pbs.twimg.com/profile_images/1479734318/IMG04_normal.JPG", "url": "http://t.co/MBuagCc1vd", "time_zone": "Pacific Time (US & Canada)", "profile_sidebar_border_color": "C0DEED", "profile_background_tile": false, "id_str": "23783299", "listed_count": 0, "name": "Don", "id": 23783299, "created_at": "Wed Mar 11 16:07:12 +0000 2009", "statuses_count": 31, "has_extended_profile": false, "notifications": false, "following": false, "profile_image_url": "http://pbs.twimg.com/profile_images/1479734318/IMG04_normal.JPG", "profile_background_image_url_https": "https://abs.twimg.com/images/themes/theme1/bg.png", "default_profile_image": false, "geo_enabled": false, "screen_name": "wales4me", "verified": false, "profile_sidebar_fill_color": "DDEEF6", "default_profile": true, "entities": {"description": {"urls": []}, "url": {"urls": [{"display_url": "twitter.com/wales4me", "expanded_url": "https://twitter.com/wales4me", "indices": [0, 22], "url": "http://t.co/MBuagCc1vd"}]}}, "is_translator": false, "contributors_enabled": false, "followers_count": 1, "favourites_count": 20, "profile_use_background_image": true, "utc_offset": -25200, "profile_background_color": "C0DEED", "profile_link_color": "1DA1F2", "is_translation_enabled": false, "status": {"in_reply_to_status_id": 923181896858824705, "place": null, "id": 923725041036136448, "in_reply_to_user_id": 905095603297943554, "coordinates": null, "id_str": "923725041036136448", "retweeted": false, "text": "@frostycamel @Team_Trump45 @realDonaldTrump Details.", "favorite_count": 0, "geo": null, "created_at": "Fri Oct 27 01:36:26 +0000 2017", "contributors": null, "in_reply_to_user_id_str": "905095603297943554", "is_quote_status": false, "retweet_count": 0, "entities": {"symbols": [], "user_mentions": [{"screen_name": "frostycamel", "name": "Andy", "id_str": "905095603297943554", "indices": [0, 12], "id": 905095603297943554}, {"screen_name": "Team_Trump45", "name": "Trumpism\u2122", "id_str": "3580248555", "indices": [13, 26], "id": 3580248555}, {"screen_name": "realDonaldTrump", "name": "Donald J. Trump", "id_str": "25073877", "indices": [27, 43], "id": 25073877}], "urls": [], "hashtags": []}, "source": "<a href=\"http://twitter.com/download/android\" rel=\"nofollow\">Twitter for Android</a>", "favorited": false, "in_reply_to_screen_name": "frostycamel", "truncated": false, "lang": "en", "in_reply_to_status_id_str": "923181896858824705"}, "lang": "en", "profile_background_image_url": "http://abs.twimg.com/images/themes/theme1/bg.png"}
2017-11-04T05:00:04.323206	{"profile_background_image_url": "http://abs.twimg.com/images/themes/theme1/bg.png", "profile_image_url_https": "https://pbs.twimg.com/profile_images/1479734318/IMG04_normal.JPG", "statuses_count": 31, "protected": false, "profile_background_color": "C0DEED", "friends_count": 37, "listed_count": 0, "id_str": "23783299", "name": "Don", "created_at": "Wed Mar 11 16:07:12 +0000 2009", "is_translator": false, "profile_image_url": "http://pbs.twimg.com/profile_images/1479734318/IMG04_normal.JPG", "geo_enabled": false, "screen_name": "wales4me", "contributors_enabled": false, "profile_sidebar_border_color": "C0DEED", "profile_background_image_url_https": "https://abs.twimg.com/images/themes/theme1/bg.png", "profile_use_background_image": true, "has_extended_profile": false, "profile_background_tile": false, "description": "Enjoying retirement", "status": {"in_reply_to_status_id": 923181896858824705, "in_reply_to_user_id_str": "905095603297943554", "favorite_count": 0, "source": "<a href=\"http://twitter.com/download/android\" rel=\"nofollow\">Twitter for Android</a>", "in_reply_to_status_id_str": "923181896858824705", "favorited": false, "created_at": "Fri Oct 27 01:36:26 +0000 2017", "in_reply_to_user_id": 905095603297943554, "truncated": false, "geo": null, "retweet_count": 0, "retweeted": false, "entities": {"urls": [], "user_mentions": [{"id_str": "905095603297943554", "indices": [0, 12], "name": "Andy", "screen_name": "frostycamel", "id": 905095603297943554}, {"id_str": "3580248555", "indices": [13, 26], "name": "Trumpism\u2122", "screen_name": "Team_Trump45", "id": 3580248555}, {"id_str": "25073877", "indices": [27, 43], "name": "Donald J. Trump", "screen_name": "realDonaldTrump", "id": 25073877}], "hashtags": [], "symbols": []}, "id_str": "923725041036136448", "text": "@frostycamel @Team_Trump45 @realDonaldTrump Details.", "is_quote_status": false, "place": null, "in_reply_to_screen_name": "frostycamel", "contributors": null, "lang": "en", "id": 923725041036136448, "coordinates": null}, "notifications": false, "followers_count": 1, "following": false, "time_zone": "Pacific Time (US & Canada)", "entities": {"url": {"urls": [{"url": "http://t.co/MBuagCc1vd", "indices": [0, 22], "display_url": "twitter.com/wales4me", "expanded_url": "https://twitter.com/wales4me"}]}, "description": {"urls": []}}, "translator_type": "none", "is_translation_enabled": false, "profile_link_color": "1DA1F2", "default_profile": true, "profile_sidebar_fill_color": "DDEEF6", "utc_offset": -25200, "default_profile_image": false, "location": "Concord, California", "verified": false, "url": "http://t.co/MBuagCc1vd", "favourites_count": 20, "profile_text_color": "333333", "lang": "en", "id": 23783299, "follow_request_sent": false}
2017-11-04T06:00:04.036234	{"id": 23783299, "location": "Concord, California", "profile_use_background_image": true, "utc_offset": -25200, "lang": "en", "profile_sidebar_border_color": "C0DEED", "id_str": "23783299", "profile_background_image_url": "http://abs.twimg.com/images/themes/theme1/bg.png", "following": false, "url": "http://t.co/MBuagCc1vd", "contributors_enabled": false, "notifications": false, "profile_background_color": "C0DEED", "status": {"id": 923725041036136448, "retweeted": false, "retweet_count": 0, "id_str": "923725041036136448", "favorited": false, "in_reply_to_status_id": 923181896858824705, "is_quote_status": false, "source": "<a href=\"http://twitter.com/download/android\" rel=\"nofollow\">Twitter for Android</a>", "lang": "en", "place": null, "created_at": "Fri Oct 27 01:36:26 +0000 2017", "favorite_count": 0, "entities": {"symbols": [], "user_mentions": [{"id": 905095603297943554, "indices": [0, 12], "screen_name": "frostycamel", "name": "Andy", "id_str": "905095603297943554"}, {"id": 3580248555, "indices": [13, 26], "screen_name": "Team_Trump45", "name": "Trumpism\u2122", "id_str": "3580248555"}, {"id": 25073877, "indices": [27, 43], "screen_name": "realDonaldTrump", "name": "Donald J. Trump", "id_str": "25073877"}], "hashtags": [], "urls": []}, "in_reply_to_screen_name": "frostycamel", "text": "@frostycamel @Team_Trump45 @realDonaldTrump Details.", "in_reply_to_status_id_str": "923181896858824705", "truncated": false, "in_reply_to_user_id": 905095603297943554, "in_reply_to_user_id_str": "905095603297943554", "coordinates": null, "geo": null, "contributors": null}, "default_profile": true, "has_extended_profile": false, "verified": false, "created_at": "Wed Mar 11 16:07:12 +0000 2009", "geo_enabled": false, "description": "Enjoying retirement", "protected": false, "favourites_count": 20, "entities": {"description": {"urls": []}, "url": {"urls": [{"expanded_url": "https://twitter.com/wales4me", "indices": [0, 22], "display_url": "twitter.com/wales4me", "url": "http://t.co/MBuagCc1vd"}]}}, "friends_count": 37, "is_translator": false, "statuses_count": 31, "profile_text_color": "333333", "translator_type": "none", "is_translation_enabled": false, "profile_link_color": "1DA1F2", "profile_sidebar_fill_color": "DDEEF6", "profile_background_tile": false, "screen_name": "wales4me", "time_zone": "Pacific Time (US & Canada)", "profile_image_url": "http://pbs.twimg.com/profile_images/1479734318/IMG04_normal.JPG", "name": "Don", "listed_count": 0, "follow_request_sent": false, "profile_background_image_url_https": "https://abs.twimg.com/images/themes/theme1/bg.png", "followers_count": 1, "default_profile_image": false, "profile_image_url_https": "https://pbs.twimg.com/profile_images/1479734318/IMG04_normal.JPG"}
2017-11-04T07:00:04.405619	{"profile_image_url_https": "https://pbs.twimg.com/profile_images/1479734318/IMG04_normal.JPG", "contributors_enabled": false, "following": false, "is_translator": false, "statuses_count": 31, "has_extended_profile": false, "profile_background_color": "C0DEED", "protected": false, "follow_request_sent": false, "followers_count": 1, "favourites_count": 20, "profile_background_image_url": "http://abs.twimg.com/images/themes/theme1/bg.png", "location": "Concord, California", "listed_count": 0, "description": "Enjoying retirement", "created_at": "Wed Mar 11 16:07:12 +0000 2009", "profile_background_tile": false, "entities": {"url": {"urls": [{"url": "http://t.co/MBuagCc1vd", "expanded_url": "https://twitter.com/wales4me", "indices": [0, 22], "display_url": "twitter.com/wales4me"}]}, "description": {"urls": []}}, "profile_link_color": "1DA1F2", "profile_sidebar_border_color": "C0DEED", "url": "http://t.co/MBuagCc1vd", "default_profile_image": false, "is_translation_enabled": false, "translator_type": "none", "id_str": "23783299", "utc_offset": -25200, "friends_count": 37, "profile_sidebar_fill_color": "DDEEF6", "lang": "en", "profile_text_color": "333333", "profile_image_url": "http://pbs.twimg.com/profile_images/1479734318/IMG04_normal.JPG", "name": "Don", "geo_enabled": false, "profile_background_image_url_https": "https://abs.twimg.com/images/themes/theme1/bg.png", "profile_use_background_image": true, "verified": false, "default_profile": true, "id": 23783299, "notifications": false, "screen_name": "wales4me", "status": {"in_reply_to_status_id": 923181896858824705, "source": "<a href=\"http://twitter.com/download/android\" rel=\"nofollow\">Twitter for Android</a>", "in_reply_to_status_id_str": "923181896858824705", "place": null, "coordinates": null, "in_reply_to_screen_name": "frostycamel", "in_reply_to_user_id": 905095603297943554, "favorite_count": 0, "id": 923725041036136448, "created_at": "Fri Oct 27 01:36:26 +0000 2017", "entities": {"user_mentions": [{"name": "Andy", "id": 905095603297943554, "indices": [0, 12], "screen_name": "frostycamel", "id_str": "905095603297943554"}, {"name": "Trumpism\u2122", "id": 3580248555, "indices": [13, 26], "screen_name": "Team_Trump45", "id_str": "3580248555"}, {"name": "Donald J. Trump", "id": 25073877, "indices": [27, 43], "screen_name": "realDonaldTrump", "id_str": "25073877"}], "hashtags": [], "symbols": [], "urls": []}, "is_quote_status": false, "in_reply_to_user_id_str": "905095603297943554", "id_str": "923725041036136448", "retweet_count": 0, "lang": "en", "retweeted": false, "text": "@frostycamel @Team_Trump45 @realDonaldTrump Details.", "truncated": false, "favorited": false, "contributors": null, "geo": null}, "time_zone": "Pacific Time (US & Canada)"}
2017-11-04T08:00:04.193380	{"geo_enabled": false, "is_translation_enabled": false, "followers_count": 1, "screen_name": "wales4me", "favourites_count": 20, "time_zone": "Pacific Time (US & Canada)", "id_str": "23783299", "profile_background_color": "C0DEED", "profile_text_color": "333333", "profile_sidebar_border_color": "C0DEED", "verified": false, "has_extended_profile": false, "default_profile_image": false, "follow_request_sent": false, "id": 23783299, "profile_background_tile": false, "description": "Enjoying retirement", "url": "http://t.co/MBuagCc1vd", "following": false, "is_translator": false, "profile_background_image_url": "http://abs.twimg.com/images/themes/theme1/bg.png", "status": {"id_str": "923725041036136448", "source": "<a href=\"http://twitter.com/download/android\" rel=\"nofollow\">Twitter for Android</a>", "favorite_count": 0, "retweet_count": 0, "id": 923725041036136448, "in_reply_to_status_id": 923181896858824705, "geo": null, "lang": "en", "truncated": false, "favorited": false, "in_reply_to_status_id_str": "923181896858824705", "created_at": "Fri Oct 27 01:36:26 +0000 2017", "is_quote_status": false, "coordinates": null, "contributors": null, "place": null, "entities": {"hashtags": [], "urls": [], "symbols": [], "user_mentions": [{"id_str": "905095603297943554", "indices": [0, 12], "name": "Andy", "screen_name": "frostycamel", "id": 905095603297943554}, {"id_str": "3580248555", "indices": [13, 26], "name": "Trumpism\u2122", "screen_name": "Team_Trump45", "id": 3580248555}, {"id_str": "25073877", "indices": [27, 43], "name": "Donald J. Trump", "screen_name": "realDonaldTrump", "id": 25073877}]}, "in_reply_to_user_id_str": "905095603297943554", "text": "@frostycamel @Team_Trump45 @realDonaldTrump Details.", "in_reply_to_user_id": 905095603297943554, "in_reply_to_screen_name": "frostycamel", "retweeted": false}, "utc_offset": -25200, "lang": "en", "default_profile": true, "entities": {"description": {"urls": []}, "url": {"urls": [{"indices": [0, 22], "url": "http://t.co/MBuagCc1vd", "display_url": "twitter.com/wales4me", "expanded_url": "https://twitter.com/wales4me"}]}}, "notifications": false, "created_at": "Wed Mar 11 16:07:12 +0000 2009", "contributors_enabled": false, "profile_link_color": "1DA1F2", "translator_type": "none", "profile_background_image_url_https": "https://abs.twimg.com/images/themes/theme1/bg.png", "profile_image_url_https": "https://pbs.twimg.com/profile_images/1479734318/IMG04_normal.JPG", "profile_sidebar_fill_color": "DDEEF6", "location": "Concord, California", "friends_count": 37, "listed_count": 0, "protected": false, "profile_use_background_image": true, "statuses_count": 31, "name": "Don", "profile_image_url": "http://pbs.twimg.com/profile_images/1479734318/IMG04_normal.JPG"}
2017-11-04T09:00:03.985784	{"time_zone": "Pacific Time (US & Canada)", "geo_enabled": false, "verified": false, "profile_background_color": "C0DEED", "profile_background_tile": false, "status": {"is_quote_status": false, "retweeted": false, "favorited": false, "in_reply_to_status_id": 923181896858824705, "entities": {"hashtags": [], "user_mentions": [{"name": "Andy", "screen_name": "frostycamel", "id_str": "905095603297943554", "id": 905095603297943554, "indices": [0, 12]}, {"name": "Trumpism\u2122", "screen_name": "Team_Trump45", "id_str": "3580248555", "id": 3580248555, "indices": [13, 26]}, {"name": "Donald J. Trump", "screen_name": "realDonaldTrump", "id_str": "25073877", "id": 25073877, "indices": [27, 43]}], "urls": [], "symbols": []}, "in_reply_to_user_id_str": "905095603297943554", "truncated": false, "coordinates": null, "geo": null, "place": null, "in_reply_to_status_id_str": "923181896858824705", "in_reply_to_screen_name": "frostycamel", "id_str": "923725041036136448", "text": "@frostycamel @Team_Trump45 @realDonaldTrump Details.", "id": 923725041036136448, "lang": "en", "created_at": "Fri Oct 27 01:36:26 +0000 2017", "source": "<a href=\"http://twitter.com/download/android\" rel=\"nofollow\">Twitter for Android</a>", "retweet_count": 0, "favorite_count": 0, "contributors": null, "in_reply_to_user_id": 905095603297943554}, "default_profile_image": false, "following": false, "followers_count": 1, "is_translator": false, "notifications": false, "entities": {"url": {"urls": [{"expanded_url": "https://twitter.com/wales4me", "url": "http://t.co/MBuagCc1vd", "display_url": "twitter.com/wales4me", "indices": [0, 22]}]}, "description": {"urls": []}}, "profile_use_background_image": true, "statuses_count": 31, "utc_offset": -25200, "profile_background_image_url": "http://abs.twimg.com/images/themes/theme1/bg.png", "profile_text_color": "333333", "profile_image_url_https": "https://pbs.twimg.com/profile_images/1479734318/IMG04_normal.JPG", "translator_type": "none", "name": "Don", "url": "http://t.co/MBuagCc1vd", "description": "Enjoying retirement", "id_str": "23783299", "contributors_enabled": false, "profile_image_url": "http://pbs.twimg.com/profile_images/1479734318/IMG04_normal.JPG", "profile_link_color": "1DA1F2", "id": 23783299, "listed_count": 0, "profile_background_image_url_https": "https://abs.twimg.com/images/themes/theme1/bg.png", "lang": "en", "created_at": "Wed Mar 11 16:07:12 +0000 2009", "friends_count": 37, "protected": false, "is_translation_enabled": false, "screen_name": "wales4me", "has_extended_profile": false, "profile_sidebar_border_color": "C0DEED", "location": "Concord, California", "profile_sidebar_fill_color": "DDEEF6", "follow_request_sent": false, "favourites_count": 20, "default_profile": true}
2017-11-04T10:00:04.510308	{"entities": {"url": {"urls": [{"indices": [0, 22], "url": "http://t.co/MBuagCc1vd", "display_url": "twitter.com/wales4me", "expanded_url": "https://twitter.com/wales4me"}]}, "description": {"urls": []}}, "profile_image_url_https": "https://pbs.twimg.com/profile_images/1479734318/IMG04_normal.JPG", "verified": false, "lang": "en", "is_translation_enabled": false, "follow_request_sent": false, "description": "Enjoying retirement", "contributors_enabled": false, "profile_sidebar_border_color": "C0DEED", "profile_image_url": "http://pbs.twimg.com/profile_images/1479734318/IMG04_normal.JPG", "geo_enabled": false, "time_zone": "Pacific Time (US & Canada)", "notifications": false, "screen_name": "wales4me", "profile_background_image_url_https": "https://abs.twimg.com/images/themes/theme1/bg.png", "default_profile_image": false, "default_profile": true, "friends_count": 37, "id_str": "23783299", "profile_background_color": "C0DEED", "followers_count": 1, "utc_offset": -25200, "is_translator": false, "status": {"entities": {"symbols": [], "user_mentions": [{"id_str": "905095603297943554", "indices": [0, 12], "screen_name": "frostycamel", "name": "Andy", "id": 905095603297943554}, {"id_str": "3580248555", "indices": [13, 26], "screen_name": "Team_Trump45", "name": "Trumpism\u2122", "id": 3580248555}, {"id_str": "25073877", "indices": [27, 43], "screen_name": "realDonaldTrump", "name": "Donald J. Trump", "id": 25073877}], "urls": [], "hashtags": []}, "contributors": null, "in_reply_to_user_id": 905095603297943554, "lang": "en", "favorited": false, "retweeted": false, "retweet_count": 0, "geo": null, "text": "@frostycamel @Team_Trump45 @realDonaldTrump Details.", "favorite_count": 0, "id_str": "923725041036136448", "in_reply_to_screen_name": "frostycamel", "in_reply_to_user_id_str": "905095603297943554", "place": null, "in_reply_to_status_id": 923181896858824705, "created_at": "Fri Oct 27 01:36:26 +0000 2017", "id": 923725041036136448, "is_quote_status": false, "in_reply_to_status_id_str": "923181896858824705", "coordinates": null, "truncated": false, "source": "<a href=\"http://twitter.com/download/android\" rel=\"nofollow\">Twitter for Android</a>"}, "following": false, "statuses_count": 31, "profile_link_color": "1DA1F2", "profile_sidebar_fill_color": "DDEEF6", "protected": false, "profile_background_image_url": "http://abs.twimg.com/images/themes/theme1/bg.png", "created_at": "Wed Mar 11 16:07:12 +0000 2009", "id": 23783299, "location": "Concord, California", "translator_type": "none", "name": "Don", "profile_background_tile": false, "listed_count": 0, "profile_text_color": "333333", "url": "http://t.co/MBuagCc1vd", "favourites_count": 20, "has_extended_profile": false, "profile_use_background_image": true}
2017-11-04T11:00:04.708892	{"utc_offset": -25200, "lang": "en", "statuses_count": 31, "is_translator": false, "default_profile": true, "friends_count": 37, "verified": false, "is_translation_enabled": false, "created_at": "Wed Mar 11 16:07:12 +0000 2009", "status": {"lang": "en", "contributors": null, "text": "@frostycamel @Team_Trump45 @realDonaldTrump Details.", "in_reply_to_screen_name": "frostycamel", "created_at": "Fri Oct 27 01:36:26 +0000 2017", "id": 923725041036136448, "favorited": false, "entities": {"symbols": [], "user_mentions": [{"screen_name": "frostycamel", "name": "Andy", "id_str": "905095603297943554", "indices": [0, 12], "id": 905095603297943554}, {"screen_name": "Team_Trump45", "name": "Trumpism\u2122", "id_str": "3580248555", "indices": [13, 26], "id": 3580248555}, {"screen_name": "realDonaldTrump", "name": "Donald J. Trump", "id_str": "25073877", "indices": [27, 43], "id": 25073877}], "hashtags": [], "urls": []}, "truncated": false, "geo": null, "in_reply_to_status_id_str": "923181896858824705", "coordinates": null, "is_quote_status": false, "id_str": "923725041036136448", "favorite_count": 0, "retweet_count": 0, "in_reply_to_user_id": 905095603297943554, "in_reply_to_status_id": 923181896858824705, "source": "<a href=\"http://twitter.com/download/android\" rel=\"nofollow\">Twitter for Android</a>", "retweeted": false, "place": null, "in_reply_to_user_id_str": "905095603297943554"}, "listed_count": 0, "id": 23783299, "profile_sidebar_fill_color": "DDEEF6", "following": false, "entities": {"url": {"urls": [{"display_url": "twitter.com/wales4me", "expanded_url": "https://twitter.com/wales4me", "url": "http://t.co/MBuagCc1vd", "indices": [0, 22]}]}, "description": {"urls": []}}, "contributors_enabled": false, "profile_background_tile": false, "profile_background_image_url_https": "https://abs.twimg.com/images/themes/theme1/bg.png", "notifications": false, "followers_count": 1, "profile_use_background_image": true, "favourites_count": 20, "follow_request_sent": false, "url": "http://t.co/MBuagCc1vd", "location": "Concord, California", "screen_name": "wales4me", "name": "Don", "geo_enabled": false, "profile_background_image_url": "http://abs.twimg.com/images/themes/theme1/bg.png", "profile_image_url": "http://pbs.twimg.com/profile_images/1479734318/IMG04_normal.JPG", "profile_text_color": "333333", "profile_link_color": "1DA1F2", "id_str": "23783299", "default_profile_image": false, "has_extended_profile": false, "translator_type": "none", "profile_image_url_https": "https://pbs.twimg.com/profile_images/1479734318/IMG04_normal.JPG", "description": "Enjoying retirement", "time_zone": "Pacific Time (US & Canada)", "profile_sidebar_border_color": "C0DEED", "profile_background_color": "C0DEED", "protected": false}
2017-11-04T12:00:04.292405	{"profile_background_image_url": "http://abs.twimg.com/images/themes/theme1/bg.png", "friends_count": 37, "verified": false, "has_extended_profile": false, "status": {"in_reply_to_screen_name": "frostycamel", "truncated": false, "geo": null, "in_reply_to_user_id_str": "905095603297943554", "coordinates": null, "id_str": "923725041036136448", "is_quote_status": false, "created_at": "Fri Oct 27 01:36:26 +0000 2017", "id": 923725041036136448, "in_reply_to_status_id_str": "923181896858824705", "retweeted": false, "source": "<a href=\"http://twitter.com/download/android\" rel=\"nofollow\">Twitter for Android</a>", "favorited": false, "retweet_count": 0, "entities": {"user_mentions": [{"name": "Andy", "id": 905095603297943554, "id_str": "905095603297943554", "screen_name": "frostycamel", "indices": [0, 12]}, {"name": "Trumpism\u2122", "id": 3580248555, "id_str": "3580248555", "screen_name": "Team_Trump45", "indices": [13, 26]}, {"name": "Donald J. Trump", "id": 25073877, "id_str": "25073877", "screen_name": "realDonaldTrump", "indices": [27, 43]}], "urls": [], "hashtags": [], "symbols": []}, "contributors": null, "text": "@frostycamel @Team_Trump45 @realDonaldTrump Details.", "in_reply_to_status_id": 923181896858824705, "in_reply_to_user_id": 905095603297943554, "place": null, "favorite_count": 0, "lang": "en"}, "profile_background_tile": false, "follow_request_sent": false, "listed_count": 0, "time_zone": "Pacific Time (US & Canada)", "profile_image_url": "http://pbs.twimg.com/profile_images/1479734318/IMG04_normal.JPG", "url": "http://t.co/MBuagCc1vd", "default_profile": true, "profile_background_color": "C0DEED", "profile_image_url_https": "https://pbs.twimg.com/profile_images/1479734318/IMG04_normal.JPG", "id_str": "23783299", "following": false, "name": "Don", "profile_link_color": "1DA1F2", "is_translator": false, "favourites_count": 20, "contributors_enabled": false, "default_profile_image": false, "created_at": "Wed Mar 11 16:07:12 +0000 2009", "profile_use_background_image": true, "protected": false, "description": "Enjoying retirement", "profile_text_color": "333333", "screen_name": "wales4me", "profile_background_image_url_https": "https://abs.twimg.com/images/themes/theme1/bg.png", "translator_type": "none", "location": "Concord, California", "profile_sidebar_fill_color": "DDEEF6", "geo_enabled": false, "followers_count": 1, "statuses_count": 31, "entities": {"url": {"urls": [{"url": "http://t.co/MBuagCc1vd", "indices": [0, 22], "display_url": "twitter.com/wales4me", "expanded_url": "https://twitter.com/wales4me"}]}, "description": {"urls": []}}, "is_translation_enabled": false, "utc_offset": -25200, "notifications": false, "lang": "en", "id": 23783299, "profile_sidebar_border_color": "C0DEED"}
2017-11-04T13:00:04.345513	{"location": "Concord, California", "time_zone": "Pacific Time (US & Canada)", "favourites_count": 20, "created_at": "Wed Mar 11 16:07:12 +0000 2009", "friends_count": 37, "entities": {"description": {"urls": []}, "url": {"urls": [{"url": "http://t.co/MBuagCc1vd", "expanded_url": "https://twitter.com/wales4me", "indices": [0, 22], "display_url": "twitter.com/wales4me"}]}}, "followers_count": 1, "profile_background_tile": false, "notifications": false, "profile_use_background_image": true, "profile_background_image_url": "http://abs.twimg.com/images/themes/theme1/bg.png", "profile_sidebar_border_color": "C0DEED", "contributors_enabled": false, "profile_text_color": "333333", "profile_image_url_https": "https://pbs.twimg.com/profile_images/1479734318/IMG04_normal.JPG", "id": 23783299, "screen_name": "wales4me", "profile_link_color": "1DA1F2", "name": "Don", "listed_count": 0, "protected": false, "statuses_count": 31, "geo_enabled": false, "profile_image_url": "http://pbs.twimg.com/profile_images/1479734318/IMG04_normal.JPG", "follow_request_sent": false, "lang": "en", "verified": false, "description": "Enjoying retirement", "url": "http://t.co/MBuagCc1vd", "utc_offset": -25200, "following": false, "profile_sidebar_fill_color": "DDEEF6", "has_extended_profile": false, "is_translation_enabled": false, "id_str": "23783299", "status": {"place": null, "created_at": "Fri Oct 27 01:36:26 +0000 2017", "text": "@frostycamel @Team_Trump45 @realDonaldTrump Details.", "entities": {"urls": [], "symbols": [], "user_mentions": [{"indices": [0, 12], "name": "Andy", "id": 905095603297943554, "screen_name": "frostycamel", "id_str": "905095603297943554"}, {"indices": [13, 26], "name": "Trumpism\u2122", "id": 3580248555, "screen_name": "Team_Trump45", "id_str": "3580248555"}, {"indices": [27, 43], "name": "Donald J. Trump", "id": 25073877, "screen_name": "realDonaldTrump", "id_str": "25073877"}], "hashtags": []}, "favorite_count": 0, "in_reply_to_status_id_str": "923181896858824705", "truncated": false, "in_reply_to_screen_name": "frostycamel", "id": 923725041036136448, "source": "<a href=\"http://twitter.com/download/android\" rel=\"nofollow\">Twitter for Android</a>", "retweet_count": 0, "retweeted": false, "in_reply_to_user_id": 905095603297943554, "in_reply_to_status_id": 923181896858824705, "favorited": false, "coordinates": null, "is_quote_status": false, "geo": null, "lang": "en", "in_reply_to_user_id_str": "905095603297943554", "id_str": "923725041036136448", "contributors": null}, "profile_background_color": "C0DEED", "profile_background_image_url_https": "https://abs.twimg.com/images/themes/theme1/bg.png", "is_translator": false, "default_profile_image": false, "translator_type": "none", "default_profile": true}
2017-11-04T14:00:05.205659	{"location": "Concord, California", "notifications": false, "protected": false, "default_profile": true, "verified": false, "time_zone": "Pacific Time (US & Canada)", "profile_sidebar_fill_color": "DDEEF6", "statuses_count": 31, "profile_background_image_url": "http://abs.twimg.com/images/themes/theme1/bg.png", "utc_offset": -25200, "default_profile_image": false, "profile_use_background_image": true, "name": "Don", "friends_count": 37, "profile_background_tile": false, "status": {"retweeted": false, "in_reply_to_user_id_str": "905095603297943554", "truncated": false, "in_reply_to_user_id": 905095603297943554, "favorited": false, "retweet_count": 0, "favorite_count": 0, "coordinates": null, "lang": "en", "is_quote_status": false, "entities": {"user_mentions": [{"name": "Andy", "screen_name": "frostycamel", "id_str": "905095603297943554", "indices": [0, 12], "id": 905095603297943554}, {"name": "Trumpism\u2122", "screen_name": "Team_Trump45", "id_str": "3580248555", "indices": [13, 26], "id": 3580248555}, {"name": "Donald J. Trump", "screen_name": "realDonaldTrump", "id_str": "25073877", "indices": [27, 43], "id": 25073877}], "urls": [], "symbols": [], "hashtags": []}, "in_reply_to_status_id_str": "923181896858824705", "contributors": null, "source": "<a href=\"http://twitter.com/download/android\" rel=\"nofollow\">Twitter for Android</a>", "created_at": "Fri Oct 27 01:36:26 +0000 2017", "id_str": "923725041036136448", "in_reply_to_screen_name": "frostycamel", "id": 923725041036136448, "in_reply_to_status_id": 923181896858824705, "text": "@frostycamel @Team_Trump45 @realDonaldTrump Details.", "geo": null, "place": null}, "profile_background_image_url_https": "https://abs.twimg.com/images/themes/theme1/bg.png", "lang": "en", "followers_count": 1, "translator_type": "none", "listed_count": 0, "profile_image_url_https": "https://pbs.twimg.com/profile_images/1479734318/IMG04_normal.JPG", "url": "http://t.co/MBuagCc1vd", "profile_text_color": "333333", "is_translation_enabled": false, "contributors_enabled": false, "profile_link_color": "1DA1F2", "created_at": "Wed Mar 11 16:07:12 +0000 2009", "geo_enabled": false, "screen_name": "wales4me", "favourites_count": 20, "id_str": "23783299", "has_extended_profile": false, "id": 23783299, "follow_request_sent": false, "entities": {"url": {"urls": [{"url": "http://t.co/MBuagCc1vd", "indices": [0, 22], "display_url": "twitter.com/wales4me", "expanded_url": "https://twitter.com/wales4me"}]}, "description": {"urls": []}}, "description": "Enjoying retirement", "following": false, "is_translator": false, "profile_background_color": "C0DEED", "profile_sidebar_border_color": "C0DEED", "profile_image_url": "http://pbs.twimg.com/profile_images/1479734318/IMG04_normal.JPG"}
2017-11-04T15:00:04.923819	{"profile_sidebar_border_color": "C0DEED", "screen_name": "wales4me", "lang": "en", "listed_count": 0, "name": "Don", "entities": {"description": {"urls": []}, "url": {"urls": [{"indices": [0, 22], "expanded_url": "https://twitter.com/wales4me", "url": "http://t.co/MBuagCc1vd", "display_url": "twitter.com/wales4me"}]}}, "profile_background_color": "C0DEED", "notifications": false, "has_extended_profile": false, "profile_background_image_url": "http://abs.twimg.com/images/themes/theme1/bg.png", "followers_count": 1, "statuses_count": 31, "id_str": "23783299", "id": 23783299, "default_profile_image": false, "url": "http://t.co/MBuagCc1vd", "profile_background_image_url_https": "https://abs.twimg.com/images/themes/theme1/bg.png", "is_translation_enabled": false, "default_profile": true, "translator_type": "none", "is_translator": false, "profile_text_color": "333333", "profile_link_color": "1DA1F2", "favourites_count": 20, "status": {"entities": {"hashtags": [], "urls": [], "symbols": [], "user_mentions": [{"id": 905095603297943554, "screen_name": "frostycamel", "indices": [0, 12], "name": "Andy", "id_str": "905095603297943554"}, {"id": 3580248555, "screen_name": "Team_Trump45", "indices": [13, 26], "name": "Trumpism\u2122", "id_str": "3580248555"}, {"id": 25073877, "screen_name": "realDonaldTrump", "indices": [27, 43], "name": "Donald J. Trump", "id_str": "25073877"}]}, "retweeted": false, "geo": null, "in_reply_to_user_id_str": "905095603297943554", "id_str": "923725041036136448", "id": 923725041036136448, "coordinates": null, "contributors": null, "in_reply_to_user_id": 905095603297943554, "in_reply_to_status_id_str": "923181896858824705", "retweet_count": 0, "place": null, "in_reply_to_status_id": 923181896858824705, "lang": "en", "created_at": "Fri Oct 27 01:36:26 +0000 2017", "is_quote_status": false, "truncated": false, "favorited": false, "text": "@frostycamel @Team_Trump45 @realDonaldTrump Details.", "favorite_count": 0, "in_reply_to_screen_name": "frostycamel", "source": "<a href=\"http://twitter.com/download/android\" rel=\"nofollow\">Twitter for Android</a>"}, "created_at": "Wed Mar 11 16:07:12 +0000 2009", "verified": false, "contributors_enabled": false, "follow_request_sent": false, "friends_count": 37, "description": "Enjoying retirement", "following": false, "profile_use_background_image": true, "profile_image_url": "http://pbs.twimg.com/profile_images/1479734318/IMG04_normal.JPG", "protected": false, "utc_offset": -25200, "profile_sidebar_fill_color": "DDEEF6", "time_zone": "Pacific Time (US & Canada)", "profile_image_url_https": "https://pbs.twimg.com/profile_images/1479734318/IMG04_normal.JPG", "location": "Concord, California", "profile_background_tile": false, "geo_enabled": false}
2017-11-04T16:00:04.868579	{"id_str": "23783299", "followers_count": 1, "protected": false, "profile_image_url_https": "https://pbs.twimg.com/profile_images/1479734318/IMG04_normal.JPG", "is_translation_enabled": false, "follow_request_sent": false, "created_at": "Wed Mar 11 16:07:12 +0000 2009", "location": "Concord, California", "status": {"id_str": "923725041036136448", "geo": null, "in_reply_to_status_id_str": "923181896858824705", "created_at": "Fri Oct 27 01:36:26 +0000 2017", "entities": {"symbols": [], "urls": [], "user_mentions": [{"screen_name": "frostycamel", "id_str": "905095603297943554", "id": 905095603297943554, "indices": [0, 12], "name": "Andy"}, {"screen_name": "Team_Trump45", "id_str": "3580248555", "id": 3580248555, "indices": [13, 26], "name": "Trumpism\u2122"}, {"screen_name": "realDonaldTrump", "id_str": "25073877", "id": 25073877, "indices": [27, 43], "name": "Donald J. Trump"}], "hashtags": []}, "id": 923725041036136448, "favorite_count": 0, "retweeted": false, "text": "@frostycamel @Team_Trump45 @realDonaldTrump Details.", "source": "<a href=\"http://twitter.com/download/android\" rel=\"nofollow\">Twitter for Android</a>", "retweet_count": 0, "in_reply_to_status_id": 923181896858824705, "lang": "en", "is_quote_status": false, "in_reply_to_user_id": 905095603297943554, "truncated": false, "in_reply_to_user_id_str": "905095603297943554", "contributors": null, "place": null, "in_reply_to_screen_name": "frostycamel", "favorited": false, "coordinates": null}, "entities": {"description": {"urls": []}, "url": {"urls": [{"display_url": "twitter.com/wales4me", "expanded_url": "https://twitter.com/wales4me", "indices": [0, 22], "url": "http://t.co/MBuagCc1vd"}]}}, "utc_offset": -25200, "friends_count": 37, "statuses_count": 31, "profile_link_color": "1DA1F2", "following": false, "default_profile": true, "name": "Don", "notifications": false, "profile_background_image_url_https": "https://abs.twimg.com/images/themes/theme1/bg.png", "id": 23783299, "profile_background_image_url": "http://abs.twimg.com/images/themes/theme1/bg.png", "profile_use_background_image": true, "profile_text_color": "333333", "is_translator": false, "profile_background_color": "C0DEED", "has_extended_profile": false, "default_profile_image": false, "listed_count": 0, "verified": false, "screen_name": "wales4me", "profile_sidebar_border_color": "C0DEED", "geo_enabled": false, "contributors_enabled": false, "profile_sidebar_fill_color": "DDEEF6", "favourites_count": 20, "profile_background_tile": false, "description": "Enjoying retirement", "translator_type": "none", "profile_image_url": "http://pbs.twimg.com/profile_images/1479734318/IMG04_normal.JPG", "lang": "en", "time_zone": "Pacific Time (US & Canada)", "url": "http://t.co/MBuagCc1vd"}
2017-11-04T17:00:04.520117	{"profile_use_background_image": true, "statuses_count": 31, "protected": false, "geo_enabled": false, "followers_count": 1, "entities": {"description": {"urls": []}, "url": {"urls": [{"indices": [0, 22], "url": "http://t.co/MBuagCc1vd", "display_url": "twitter.com/wales4me", "expanded_url": "https://twitter.com/wales4me"}]}}, "screen_name": "wales4me", "is_translation_enabled": false, "listed_count": 0, "profile_background_tile": false, "profile_sidebar_fill_color": "DDEEF6", "location": "Concord, California", "status": {"favorited": false, "geo": null, "entities": {"symbols": [], "urls": [], "user_mentions": [{"indices": [0, 12], "screen_name": "frostycamel", "id_str": "905095603297943554", "id": 905095603297943554, "name": "Andy"}, {"indices": [13, 26], "screen_name": "Team_Trump45", "id_str": "3580248555", "id": 3580248555, "name": "Trumpism\u2122"}, {"indices": [27, 43], "screen_name": "realDonaldTrump", "id_str": "25073877", "id": 25073877, "name": "Donald J. Trump"}], "hashtags": []}, "favorite_count": 0, "source": "<a href=\"http://twitter.com/download/android\" rel=\"nofollow\">Twitter for Android</a>", "retweet_count": 0, "retweeted": false, "place": null, "id_str": "923725041036136448", "id": 923725041036136448, "in_reply_to_status_id_str": "923181896858824705", "is_quote_status": false, "coordinates": null, "created_at": "Fri Oct 27 01:36:26 +0000 2017", "in_reply_to_screen_name": "frostycamel", "in_reply_to_status_id": 923181896858824705, "in_reply_to_user_id": 905095603297943554, "truncated": false, "lang": "en", "contributors": null, "text": "@frostycamel @Team_Trump45 @realDonaldTrump Details.", "in_reply_to_user_id_str": "905095603297943554"}, "has_extended_profile": false, "profile_sidebar_border_color": "C0DEED", "is_translator": false, "profile_background_image_url_https": "https://abs.twimg.com/images/themes/theme1/bg.png", "id_str": "23783299", "id": 23783299, "time_zone": "Pacific Time (US & Canada)", "profile_link_color": "1DA1F2", "profile_image_url_https": "https://pbs.twimg.com/profile_images/1479734318/IMG04_normal.JPG", "translator_type": "none", "default_profile_image": false, "name": "Don", "contributors_enabled": false, "profile_background_image_url": "http://abs.twimg.com/images/themes/theme1/bg.png", "created_at": "Wed Mar 11 16:07:12 +0000 2009", "profile_text_color": "333333", "verified": false, "default_profile": true, "url": "http://t.co/MBuagCc1vd", "following": false, "utc_offset": -25200, "profile_image_url": "http://pbs.twimg.com/profile_images/1479734318/IMG04_normal.JPG", "profile_background_color": "C0DEED", "friends_count": 37, "lang": "en", "notifications": false, "favourites_count": 20, "description": "Enjoying retirement", "follow_request_sent": false}
2017-11-04T18:00:04.700996	{"notifications": false, "utc_offset": -25200, "profile_image_url": "http://pbs.twimg.com/profile_images/1479734318/IMG04_normal.JPG", "listed_count": 0, "profile_background_image_url": "http://abs.twimg.com/images/themes/theme1/bg.png", "following": false, "time_zone": "Pacific Time (US & Canada)", "friends_count": 37, "lang": "en", "profile_background_tile": false, "geo_enabled": false, "location": "Concord, California", "profile_text_color": "333333", "status": {"retweet_count": 0, "in_reply_to_screen_name": "frostycamel", "in_reply_to_status_id_str": "923181896858824705", "favorited": false, "in_reply_to_user_id_str": "905095603297943554", "lang": "en", "in_reply_to_user_id": 905095603297943554, "geo": null, "in_reply_to_status_id": 923181896858824705, "place": null, "id": 923725041036136448, "id_str": "923725041036136448", "source": "<a href=\"http://twitter.com/download/android\" rel=\"nofollow\">Twitter for Android</a>", "coordinates": null, "retweeted": false, "truncated": false, "entities": {"symbols": [], "hashtags": [], "urls": [], "user_mentions": [{"name": "Andy", "id": 905095603297943554, "id_str": "905095603297943554", "indices": [0, 12], "screen_name": "frostycamel"}, {"name": "Trumpism\u2122", "id": 3580248555, "id_str": "3580248555", "indices": [13, 26], "screen_name": "Team_Trump45"}, {"name": "Donald J. Trump", "id": 25073877, "id_str": "25073877", "indices": [27, 43], "screen_name": "realDonaldTrump"}]}, "created_at": "Fri Oct 27 01:36:26 +0000 2017", "is_quote_status": false, "favorite_count": 0, "contributors": null, "text": "@frostycamel @Team_Trump45 @realDonaldTrump Details."}, "profile_sidebar_fill_color": "DDEEF6", "followers_count": 1, "profile_link_color": "1DA1F2", "name": "Don", "default_profile": true, "id": 23783299, "is_translation_enabled": false, "id_str": "23783299", "favourites_count": 20, "profile_background_color": "C0DEED", "protected": false, "contributors_enabled": false, "has_extended_profile": false, "default_profile_image": false, "follow_request_sent": false, "statuses_count": 31, "entities": {"description": {"urls": []}, "url": {"urls": [{"expanded_url": "https://twitter.com/wales4me", "indices": [0, 22], "display_url": "twitter.com/wales4me", "url": "http://t.co/MBuagCc1vd"}]}}, "screen_name": "wales4me", "verified": false, "created_at": "Wed Mar 11 16:07:12 +0000 2009", "profile_sidebar_border_color": "C0DEED", "profile_use_background_image": true, "url": "http://t.co/MBuagCc1vd", "profile_background_image_url_https": "https://abs.twimg.com/images/themes/theme1/bg.png", "translator_type": "none", "description": "Enjoying retirement", "is_translator": false, "profile_image_url_https": "https://pbs.twimg.com/profile_images/1479734318/IMG04_normal.JPG"}
2017-11-04T19:00:04.458311	{"follow_request_sent": false, "verified": false, "profile_sidebar_border_color": "C0DEED", "default_profile_image": false, "lang": "en", "is_translation_enabled": false, "protected": false, "listed_count": 0, "favourites_count": 20, "friends_count": 37, "id_str": "23783299", "created_at": "Wed Mar 11 16:07:12 +0000 2009", "profile_image_url": "http://pbs.twimg.com/profile_images/1479734318/IMG04_normal.JPG", "profile_link_color": "1DA1F2", "statuses_count": 31, "entities": {"description": {"urls": []}, "url": {"urls": [{"display_url": "twitter.com/wales4me", "indices": [0, 22], "expanded_url": "https://twitter.com/wales4me", "url": "http://t.co/MBuagCc1vd"}]}}, "followers_count": 1, "is_translator": false, "name": "Don", "profile_sidebar_fill_color": "DDEEF6", "geo_enabled": false, "profile_text_color": "333333", "notifications": false, "profile_background_tile": false, "profile_background_color": "C0DEED", "description": "Enjoying retirement", "has_extended_profile": false, "time_zone": "Pacific Time (US & Canada)", "profile_image_url_https": "https://pbs.twimg.com/profile_images/1479734318/IMG04_normal.JPG", "url": "http://t.co/MBuagCc1vd", "utc_offset": -25200, "profile_use_background_image": true, "default_profile": true, "screen_name": "wales4me", "id": 23783299, "location": "Concord, California", "following": false, "profile_background_image_url_https": "https://abs.twimg.com/images/themes/theme1/bg.png", "profile_background_image_url": "http://abs.twimg.com/images/themes/theme1/bg.png", "translator_type": "none", "contributors_enabled": false, "status": {"entities": {"user_mentions": [{"indices": [0, 12], "name": "Andy", "id_str": "905095603297943554", "screen_name": "frostycamel", "id": 905095603297943554}, {"indices": [13, 26], "name": "Trumpism\u2122", "id_str": "3580248555", "screen_name": "Team_Trump45", "id": 3580248555}, {"indices": [27, 43], "name": "Donald J. Trump", "id_str": "25073877", "screen_name": "realDonaldTrump", "id": 25073877}], "hashtags": [], "symbols": [], "urls": []}, "lang": "en", "favorite_count": 0, "created_at": "Fri Oct 27 01:36:26 +0000 2017", "id_str": "923725041036136448", "in_reply_to_status_id": 923181896858824705, "place": null, "retweeted": false, "source": "<a href=\"http://twitter.com/download/android\" rel=\"nofollow\">Twitter for Android</a>", "id": 923725041036136448, "truncated": false, "coordinates": null, "favorited": false, "geo": null, "in_reply_to_screen_name": "frostycamel", "in_reply_to_user_id_str": "905095603297943554", "is_quote_status": false, "in_reply_to_user_id": 905095603297943554, "in_reply_to_status_id_str": "923181896858824705", "retweet_count": 0, "contributors": null, "text": "@frostycamel @Team_Trump45 @realDonaldTrump Details."}}
2017-11-04T20:00:04.749319	{"profile_image_url": "http://pbs.twimg.com/profile_images/1479734318/IMG04_normal.JPG", "following": false, "id_str": "23783299", "translator_type": "none", "description": "Enjoying retirement", "is_translation_enabled": false, "has_extended_profile": false, "verified": false, "entities": {"description": {"urls": []}, "url": {"urls": [{"expanded_url": "https://twitter.com/wales4me", "url": "http://t.co/MBuagCc1vd", "indices": [0, 22], "display_url": "twitter.com/wales4me"}]}}, "profile_image_url_https": "https://pbs.twimg.com/profile_images/1479734318/IMG04_normal.JPG", "followers_count": 1, "listed_count": 0, "statuses_count": 31, "name": "Don", "profile_background_image_url_https": "https://abs.twimg.com/images/themes/theme1/bg.png", "profile_background_image_url": "http://abs.twimg.com/images/themes/theme1/bg.png", "default_profile": true, "geo_enabled": false, "created_at": "Wed Mar 11 16:07:12 +0000 2009", "location": "Concord, California", "contributors_enabled": false, "protected": false, "url": "http://t.co/MBuagCc1vd", "profile_link_color": "1DA1F2", "profile_sidebar_border_color": "C0DEED", "utc_offset": -25200, "profile_use_background_image": true, "profile_sidebar_fill_color": "DDEEF6", "follow_request_sent": false, "friends_count": 37, "screen_name": "wales4me", "profile_text_color": "333333", "status": {"in_reply_to_user_id": 905095603297943554, "id_str": "923725041036136448", "is_quote_status": false, "entities": {"user_mentions": [{"name": "Andy", "id_str": "905095603297943554", "screen_name": "frostycamel", "indices": [0, 12], "id": 905095603297943554}, {"name": "Trumpism\u2122", "id_str": "3580248555", "screen_name": "Team_Trump45", "indices": [13, 26], "id": 3580248555}, {"name": "Donald J. Trump", "id_str": "25073877", "screen_name": "realDonaldTrump", "indices": [27, 43], "id": 25073877}], "symbols": [], "hashtags": [], "urls": []}, "in_reply_to_status_id_str": "923181896858824705", "lang": "en", "geo": null, "favorited": false, "retweeted": false, "created_at": "Fri Oct 27 01:36:26 +0000 2017", "favorite_count": 0, "retweet_count": 0, "coordinates": null, "in_reply_to_user_id_str": "905095603297943554", "source": "<a href=\"http://twitter.com/download/android\" rel=\"nofollow\">Twitter for Android</a>", "text": "@frostycamel @Team_Trump45 @realDonaldTrump Details.", "in_reply_to_screen_name": "frostycamel", "contributors": null, "in_reply_to_status_id": 923181896858824705, "place": null, "truncated": false, "id": 923725041036136448}, "lang": "en", "profile_background_tile": false, "default_profile_image": false, "time_zone": "Pacific Time (US & Canada)", "is_translator": false, "profile_background_color": "C0DEED", "notifications": false, "favourites_count": 20, "id": 23783299}
2017-11-04T21:00:04.912520	{"time_zone": "Pacific Time (US & Canada)", "profile_background_image_url_https": "https://abs.twimg.com/images/themes/theme1/bg.png", "id_str": "23783299", "screen_name": "wales4me", "profile_image_url_https": "https://pbs.twimg.com/profile_images/1479734318/IMG04_normal.JPG", "entities": {"url": {"urls": [{"display_url": "twitter.com/wales4me", "indices": [0, 22], "expanded_url": "https://twitter.com/wales4me", "url": "http://t.co/MBuagCc1vd"}]}, "description": {"urls": []}}, "listed_count": 0, "profile_sidebar_border_color": "C0DEED", "utc_offset": -25200, "follow_request_sent": false, "translator_type": "none", "is_translation_enabled": false, "lang": "en", "verified": false, "profile_image_url": "http://pbs.twimg.com/profile_images/1479734318/IMG04_normal.JPG", "profile_background_image_url": "http://abs.twimg.com/images/themes/theme1/bg.png", "favourites_count": 20, "name": "Don", "status": {"id_str": "923725041036136448", "favorite_count": 0, "in_reply_to_status_id": 923181896858824705, "entities": {"urls": [], "user_mentions": [{"indices": [0, 12], "name": "Andy", "id_str": "905095603297943554", "screen_name": "frostycamel", "id": 905095603297943554}, {"indices": [13, 26], "name": "Trumpism\u2122", "id_str": "3580248555", "screen_name": "Team_Trump45", "id": 3580248555}, {"indices": [27, 43], "name": "Donald J. Trump", "id_str": "25073877", "screen_name": "realDonaldTrump", "id": 25073877}], "hashtags": [], "symbols": []}, "lang": "en", "in_reply_to_user_id": 905095603297943554, "source": "<a href=\"http://twitter.com/download/android\" rel=\"nofollow\">Twitter for Android</a>", "retweet_count": 0, "retweeted": false, "favorited": false, "in_reply_to_screen_name": "frostycamel", "place": null, "contributors": null, "in_reply_to_user_id_str": "905095603297943554", "created_at": "Fri Oct 27 01:36:26 +0000 2017", "id": 923725041036136448, "is_quote_status": false, "coordinates": null, "truncated": false, "in_reply_to_status_id_str": "923181896858824705", "geo": null, "text": "@frostycamel @Team_Trump45 @realDonaldTrump Details."}, "notifications": false, "is_translator": false, "geo_enabled": false, "default_profile_image": false, "profile_background_tile": false, "location": "Concord, California", "url": "http://t.co/MBuagCc1vd", "created_at": "Wed Mar 11 16:07:12 +0000 2009", "id": 23783299, "profile_use_background_image": true, "contributors_enabled": false, "profile_text_color": "333333", "protected": false, "has_extended_profile": false, "statuses_count": 31, "profile_background_color": "C0DEED", "friends_count": 37, "default_profile": true, "followers_count": 1, "following": false, "profile_sidebar_fill_color": "DDEEF6", "description": "Enjoying retirement", "profile_link_color": "1DA1F2"}
2017-11-04T22:00:04.912615	{"screen_name": "wales4me", "is_translator": false, "follow_request_sent": false, "profile_sidebar_fill_color": "DDEEF6", "profile_background_tile": false, "contributors_enabled": false, "translator_type": "none", "profile_use_background_image": true, "is_translation_enabled": false, "profile_sidebar_border_color": "C0DEED", "created_at": "Wed Mar 11 16:07:12 +0000 2009", "has_extended_profile": false, "listed_count": 0, "status": {"coordinates": null, "favorite_count": 0, "truncated": false, "is_quote_status": false, "created_at": "Fri Oct 27 01:36:26 +0000 2017", "retweeted": false, "source": "<a href=\"http://twitter.com/download/android\" rel=\"nofollow\">Twitter for Android</a>", "entities": {"symbols": [], "hashtags": [], "user_mentions": [{"screen_name": "frostycamel", "id": 905095603297943554, "indices": [0, 12], "name": "Andy", "id_str": "905095603297943554"}, {"screen_name": "Team_Trump45", "id": 3580248555, "indices": [13, 26], "name": "Trumpism\u2122", "id_str": "3580248555"}, {"screen_name": "realDonaldTrump", "id": 25073877, "indices": [27, 43], "name": "Donald J. Trump", "id_str": "25073877"}], "urls": []}, "geo": null, "in_reply_to_status_id": 923181896858824705, "in_reply_to_user_id": 905095603297943554, "place": null, "in_reply_to_screen_name": "frostycamel", "text": "@frostycamel @Team_Trump45 @realDonaldTrump Details.", "id": 923725041036136448, "retweet_count": 0, "favorited": false, "contributors": null, "in_reply_to_user_id_str": "905095603297943554", "lang": "en", "in_reply_to_status_id_str": "923181896858824705", "id_str": "923725041036136448"}, "entities": {"description": {"urls": []}, "url": {"urls": [{"display_url": "twitter.com/wales4me", "indices": [0, 22], "url": "http://t.co/MBuagCc1vd", "expanded_url": "https://twitter.com/wales4me"}]}}, "profile_background_image_url": "http://abs.twimg.com/images/themes/theme1/bg.png", "profile_image_url_https": "https://pbs.twimg.com/profile_images/1479734318/IMG04_normal.JPG", "description": "Enjoying retirement", "time_zone": "Pacific Time (US & Canada)", "verified": false, "profile_background_image_url_https": "https://abs.twimg.com/images/themes/theme1/bg.png", "profile_link_color": "1DA1F2", "location": "Concord, California", "profile_text_color": "333333", "name": "Don", "default_profile_image": false, "followers_count": 1, "notifications": false, "lang": "en", "profile_background_color": "C0DEED", "following": false, "protected": false, "id": 23783299, "geo_enabled": false, "utc_offset": -25200, "friends_count": 37, "url": "http://t.co/MBuagCc1vd", "statuses_count": 31, "favourites_count": 20, "profile_image_url": "http://pbs.twimg.com/profile_images/1479734318/IMG04_normal.JPG", "default_profile": true, "id_str": "23783299"}
2017-11-04T23:00:04.996740	{"screen_name": "wales4me", "entities": {"description": {"urls": []}, "url": {"urls": [{"display_url": "twitter.com/wales4me", "indices": [0, 22], "url": "http://t.co/MBuagCc1vd", "expanded_url": "https://twitter.com/wales4me"}]}}, "is_translation_enabled": false, "profile_image_url": "http://pbs.twimg.com/profile_images/1479734318/IMG04_normal.JPG", "profile_text_color": "333333", "profile_background_color": "C0DEED", "notifications": false, "time_zone": "Pacific Time (US & Canada)", "profile_background_image_url_https": "https://abs.twimg.com/images/themes/theme1/bg.png", "profile_sidebar_border_color": "C0DEED", "verified": false, "favourites_count": 20, "profile_sidebar_fill_color": "DDEEF6", "follow_request_sent": false, "statuses_count": 31, "is_translator": false, "following": false, "id": 23783299, "listed_count": 0, "profile_link_color": "1DA1F2", "status": {"in_reply_to_user_id_str": "905095603297943554", "is_quote_status": false, "in_reply_to_user_id": 905095603297943554, "coordinates": null, "in_reply_to_status_id": 923181896858824705, "geo": null, "id": 923725041036136448, "truncated": false, "text": "@frostycamel @Team_Trump45 @realDonaldTrump Details.", "created_at": "Fri Oct 27 01:36:26 +0000 2017", "retweeted": false, "source": "<a href=\"http://twitter.com/download/android\" rel=\"nofollow\">Twitter for Android</a>", "contributors": null, "place": null, "favorite_count": 0, "lang": "en", "in_reply_to_status_id_str": "923181896858824705", "retweet_count": 0, "entities": {"user_mentions": [{"screen_name": "frostycamel", "id_str": "905095603297943554", "id": 905095603297943554, "name": "Andy", "indices": [0, 12]}, {"screen_name": "Team_Trump45", "id_str": "3580248555", "id": 3580248555, "name": "Trumpism\u2122", "indices": [13, 26]}, {"screen_name": "realDonaldTrump", "id_str": "25073877", "id": 25073877, "name": "Donald J. Trump", "indices": [27, 43]}], "urls": [], "symbols": [], "hashtags": []}, "in_reply_to_screen_name": "frostycamel", "id_str": "923725041036136448", "favorited": false}, "created_at": "Wed Mar 11 16:07:12 +0000 2009", "protected": false, "profile_use_background_image": true, "default_profile": true, "profile_background_image_url": "http://abs.twimg.com/images/themes/theme1/bg.png", "followers_count": 1, "id_str": "23783299", "translator_type": "none", "location": "Concord, California", "lang": "en", "profile_background_tile": false, "has_extended_profile": false, "default_profile_image": false, "contributors_enabled": false, "url": "http://t.co/MBuagCc1vd", "profile_image_url_https": "https://pbs.twimg.com/profile_images/1479734318/IMG04_normal.JPG", "utc_offset": -25200, "friends_count": 37, "description": "Enjoying retirement", "geo_enabled": false, "name": "Don"}
2017-11-05T00:00:04.913924	{"status": {"in_reply_to_user_id_str": "905095603297943554", "id_str": "923725041036136448", "is_quote_status": false, "in_reply_to_status_id": 923181896858824705, "favorite_count": 0, "favorited": false, "lang": "en", "truncated": false, "id": 923725041036136448, "in_reply_to_user_id": 905095603297943554, "retweet_count": 0, "text": "@frostycamel @Team_Trump45 @realDonaldTrump Details.", "source": "<a href=\"http://twitter.com/download/android\" rel=\"nofollow\">Twitter for Android</a>", "entities": {"urls": [], "symbols": [], "user_mentions": [{"indices": [0, 12], "screen_name": "frostycamel", "id_str": "905095603297943554", "name": "Andy", "id": 905095603297943554}, {"indices": [13, 26], "screen_name": "Team_Trump45", "id_str": "3580248555", "name": "Trumpism\u2122", "id": 3580248555}, {"indices": [27, 43], "screen_name": "realDonaldTrump", "id_str": "25073877", "name": "Donald J. Trump", "id": 25073877}], "hashtags": []}, "in_reply_to_screen_name": "frostycamel", "contributors": null, "in_reply_to_status_id_str": "923181896858824705", "geo": null, "created_at": "Fri Oct 27 01:36:26 +0000 2017", "retweeted": false, "place": null, "coordinates": null}, "default_profile": true, "time_zone": "Pacific Time (US & Canada)", "screen_name": "wales4me", "contributors_enabled": false, "statuses_count": 31, "protected": false, "profile_background_color": "C0DEED", "id_str": "23783299", "url": "http://t.co/MBuagCc1vd", "is_translator": false, "default_profile_image": false, "notifications": false, "verified": false, "geo_enabled": false, "lang": "en", "profile_background_tile": false, "follow_request_sent": false, "translator_type": "none", "following": false, "is_translation_enabled": false, "name": "Don", "has_extended_profile": false, "favourites_count": 20, "profile_use_background_image": true, "profile_text_color": "333333", "listed_count": 0, "followers_count": 1, "profile_background_image_url_https": "https://abs.twimg.com/images/themes/theme1/bg.png", "description": "Enjoying retirement", "entities": {"description": {"urls": []}, "url": {"urls": [{"indices": [0, 22], "expanded_url": "https://twitter.com/wales4me", "display_url": "twitter.com/wales4me", "url": "http://t.co/MBuagCc1vd"}]}}, "profile_sidebar_fill_color": "DDEEF6", "id": 23783299, "profile_link_color": "1DA1F2", "profile_sidebar_border_color": "C0DEED", "location": "Concord, California", "friends_count": 37, "profile_image_url_https": "https://pbs.twimg.com/profile_images/1479734318/IMG04_normal.JPG", "profile_image_url": "http://pbs.twimg.com/profile_images/1479734318/IMG04_normal.JPG", "created_at": "Wed Mar 11 16:07:12 +0000 2009", "profile_background_image_url": "http://abs.twimg.com/images/themes/theme1/bg.png", "utc_offset": -25200}
2017-11-05T01:00:04.267308	{"has_extended_profile": false, "time_zone": "Pacific Time (US & Canada)", "lang": "en", "profile_sidebar_fill_color": "DDEEF6", "translator_type": "none", "profile_background_tile": false, "verified": false, "geo_enabled": false, "screen_name": "wales4me", "profile_background_image_url_https": "https://abs.twimg.com/images/themes/theme1/bg.png", "is_translator": false, "description": "Enjoying retirement", "listed_count": 0, "created_at": "Wed Mar 11 16:07:12 +0000 2009", "is_translation_enabled": false, "profile_text_color": "333333", "id_str": "23783299", "location": "Concord, California", "following": false, "favourites_count": 20, "followers_count": 1, "notifications": false, "profile_use_background_image": true, "follow_request_sent": false, "profile_background_color": "C0DEED", "id": 23783299, "default_profile": true, "default_profile_image": false, "url": "http://t.co/MBuagCc1vd", "profile_image_url": "http://pbs.twimg.com/profile_images/1479734318/IMG04_normal.JPG", "statuses_count": 31, "entities": {"description": {"urls": []}, "url": {"urls": [{"indices": [0, 22], "expanded_url": "https://twitter.com/wales4me", "url": "http://t.co/MBuagCc1vd", "display_url": "twitter.com/wales4me"}]}}, "friends_count": 37, "profile_image_url_https": "https://pbs.twimg.com/profile_images/1479734318/IMG04_normal.JPG", "profile_background_image_url": "http://abs.twimg.com/images/themes/theme1/bg.png", "protected": false, "profile_sidebar_border_color": "C0DEED", "status": {"lang": "en", "text": "@frostycamel @Team_Trump45 @realDonaldTrump Details.", "favorited": false, "in_reply_to_screen_name": "frostycamel", "geo": null, "created_at": "Fri Oct 27 01:36:26 +0000 2017", "is_quote_status": false, "retweeted": false, "favorite_count": 0, "id_str": "923725041036136448", "in_reply_to_user_id_str": "905095603297943554", "place": null, "entities": {"symbols": [], "urls": [], "hashtags": [], "user_mentions": [{"screen_name": "frostycamel", "indices": [0, 12], "id": 905095603297943554, "name": "Andy", "id_str": "905095603297943554"}, {"screen_name": "Team_Trump45", "indices": [13, 26], "id": 3580248555, "name": "Trumpism\u2122", "id_str": "3580248555"}, {"screen_name": "realDonaldTrump", "indices": [27, 43], "id": 25073877, "name": "Donald J. Trump", "id_str": "25073877"}]}, "id": 923725041036136448, "coordinates": null, "retweet_count": 0, "contributors": null, "in_reply_to_status_id_str": "923181896858824705", "in_reply_to_user_id": 905095603297943554, "truncated": false, "source": "<a href=\"http://twitter.com/download/android\" rel=\"nofollow\">Twitter for Android</a>", "in_reply_to_status_id": 923181896858824705}, "profile_link_color": "1DA1F2", "utc_offset": -25200, "name": "Don", "contributors_enabled": false}
2017-11-05T02:00:04.575210	{"listed_count": 0, "profile_background_image_url_https": "https://abs.twimg.com/images/themes/theme1/bg.png", "profile_background_color": "C0DEED", "profile_text_color": "333333", "profile_sidebar_fill_color": "DDEEF6", "id_str": "23783299", "contributors_enabled": false, "following": false, "is_translation_enabled": false, "id": 23783299, "profile_use_background_image": true, "notifications": false, "time_zone": "Pacific Time (US & Canada)", "followers_count": 1, "entities": {"url": {"urls": [{"url": "http://t.co/MBuagCc1vd", "display_url": "twitter.com/wales4me", "indices": [0, 22], "expanded_url": "https://twitter.com/wales4me"}]}, "description": {"urls": []}}, "has_extended_profile": false, "default_profile_image": false, "location": "Concord, California", "is_translator": false, "protected": false, "status": {"source": "<a href=\"http://twitter.com/download/android\" rel=\"nofollow\">Twitter for Android</a>", "in_reply_to_status_id_str": "923181896858824705", "contributors": null, "id_str": "923725041036136448", "place": null, "in_reply_to_user_id_str": "905095603297943554", "coordinates": null, "id": 923725041036136448, "favorited": false, "entities": {"symbols": [], "urls": [], "user_mentions": [{"indices": [0, 12], "name": "Andy", "id": 905095603297943554, "id_str": "905095603297943554", "screen_name": "frostycamel"}, {"indices": [13, 26], "name": "Trumpism\u2122", "id": 3580248555, "id_str": "3580248555", "screen_name": "Team_Trump45"}, {"indices": [27, 43], "name": "Donald J. Trump", "id": 25073877, "id_str": "25073877", "screen_name": "realDonaldTrump"}], "hashtags": []}, "is_quote_status": false, "created_at": "Fri Oct 27 01:36:26 +0000 2017", "favorite_count": 0, "in_reply_to_status_id": 923181896858824705, "lang": "en", "text": "@frostycamel @Team_Trump45 @realDonaldTrump Details.", "in_reply_to_screen_name": "frostycamel", "retweet_count": 0, "geo": null, "in_reply_to_user_id": 905095603297943554, "truncated": false, "retweeted": false}, "name": "Don", "created_at": "Wed Mar 11 16:07:12 +0000 2009", "profile_background_tile": false, "profile_sidebar_border_color": "C0DEED", "friends_count": 37, "profile_background_image_url": "http://abs.twimg.com/images/themes/theme1/bg.png", "geo_enabled": false, "default_profile": true, "profile_link_color": "1DA1F2", "profile_image_url": "http://pbs.twimg.com/profile_images/1479734318/IMG04_normal.JPG", "follow_request_sent": false, "lang": "en", "translator_type": "none", "url": "http://t.co/MBuagCc1vd", "profile_image_url_https": "https://pbs.twimg.com/profile_images/1479734318/IMG04_normal.JPG", "description": "Enjoying retirement", "screen_name": "wales4me", "utc_offset": -25200, "verified": false, "statuses_count": 31, "favourites_count": 20}
2017-11-05T03:00:04.322324	{"url": "http://t.co/MBuagCc1vd", "favourites_count": 20, "default_profile_image": false, "has_extended_profile": false, "friends_count": 37, "location": "Concord, California", "profile_link_color": "1DA1F2", "translator_type": "none", "geo_enabled": false, "notifications": false, "description": "Enjoying retirement", "profile_background_tile": false, "contributors_enabled": false, "followers_count": 1, "screen_name": "wales4me", "statuses_count": 31, "default_profile": true, "status": {"retweeted": false, "in_reply_to_screen_name": "frostycamel", "retweet_count": 0, "text": "@frostycamel @Team_Trump45 @realDonaldTrump Details.", "in_reply_to_user_id": 905095603297943554, "source": "<a href=\"http://twitter.com/download/android\" rel=\"nofollow\">Twitter for Android</a>", "in_reply_to_status_id_str": "923181896858824705", "coordinates": null, "truncated": false, "place": null, "id_str": "923725041036136448", "is_quote_status": false, "id": 923725041036136448, "entities": {"urls": [], "user_mentions": [{"id": 905095603297943554, "name": "Andy", "indices": [0, 12], "screen_name": "frostycamel", "id_str": "905095603297943554"}, {"id": 3580248555, "name": "Trumpism\u2122", "indices": [13, 26], "screen_name": "Team_Trump45", "id_str": "3580248555"}, {"id": 25073877, "name": "Donald J. Trump", "indices": [27, 43], "screen_name": "realDonaldTrump", "id_str": "25073877"}], "hashtags": [], "symbols": []}, "in_reply_to_user_id_str": "905095603297943554", "contributors": null, "lang": "en", "in_reply_to_status_id": 923181896858824705, "created_at": "Fri Oct 27 01:36:26 +0000 2017", "favorited": false, "favorite_count": 0, "geo": null}, "profile_image_url_https": "https://pbs.twimg.com/profile_images/1479734318/IMG04_normal.JPG", "profile_background_image_url_https": "https://abs.twimg.com/images/themes/theme1/bg.png", "is_translation_enabled": false, "id_str": "23783299", "utc_offset": -25200, "name": "Don", "profile_image_url": "http://pbs.twimg.com/profile_images/1479734318/IMG04_normal.JPG", "profile_text_color": "333333", "entities": {"url": {"urls": [{"url": "http://t.co/MBuagCc1vd", "display_url": "twitter.com/wales4me", "indices": [0, 22], "expanded_url": "https://twitter.com/wales4me"}]}, "description": {"urls": []}}, "following": false, "profile_sidebar_border_color": "C0DEED", "profile_background_color": "C0DEED", "profile_background_image_url": "http://abs.twimg.com/images/themes/theme1/bg.png", "created_at": "Wed Mar 11 16:07:12 +0000 2009", "profile_use_background_image": true, "time_zone": "Pacific Time (US & Canada)", "id": 23783299, "profile_sidebar_fill_color": "DDEEF6", "listed_count": 0, "protected": false, "follow_request_sent": false, "is_translator": false, "verified": false, "lang": "en"}
2017-11-05T04:00:04.789173	{"profile_image_url_https": "https://pbs.twimg.com/profile_images/1479734318/IMG04_normal.JPG", "geo_enabled": false, "profile_link_color": "1DA1F2", "profile_background_image_url": "http://abs.twimg.com/images/themes/theme1/bg.png", "name": "Don", "is_translator": false, "following": false, "status": {"in_reply_to_status_id": 923181896858824705, "place": null, "geo": null, "entities": {"urls": [], "symbols": [], "user_mentions": [{"id": 905095603297943554, "screen_name": "frostycamel", "name": "Andy", "indices": [0, 12], "id_str": "905095603297943554"}, {"id": 3580248555, "screen_name": "Team_Trump45", "name": "Trumpism\u2122", "indices": [13, 26], "id_str": "3580248555"}, {"id": 25073877, "screen_name": "realDonaldTrump", "name": "Donald J. Trump", "indices": [27, 43], "id_str": "25073877"}], "hashtags": []}, "in_reply_to_screen_name": "frostycamel", "favorite_count": 0, "text": "@frostycamel @Team_Trump45 @realDonaldTrump Details.", "created_at": "Fri Oct 27 01:36:26 +0000 2017", "lang": "en", "favorited": false, "retweeted": false, "id_str": "923725041036136448", "contributors": null, "id": 923725041036136448, "is_quote_status": false, "source": "<a href=\"http://twitter.com/download/android\" rel=\"nofollow\">Twitter for Android</a>", "coordinates": null, "truncated": false, "in_reply_to_user_id": 905095603297943554, "in_reply_to_user_id_str": "905095603297943554", "retweet_count": 0, "in_reply_to_status_id_str": "923181896858824705"}, "friends_count": 37, "listed_count": 0, "entities": {"description": {"urls": []}, "url": {"urls": [{"expanded_url": "https://twitter.com/wales4me", "display_url": "twitter.com/wales4me", "indices": [0, 22], "url": "http://t.co/MBuagCc1vd"}]}}, "followers_count": 1, "created_at": "Wed Mar 11 16:07:12 +0000 2009", "utc_offset": -25200, "lang": "en", "default_profile_image": false, "screen_name": "wales4me", "location": "Concord, California", "url": "http://t.co/MBuagCc1vd", "id_str": "23783299", "contributors_enabled": false, "id": 23783299, "has_extended_profile": false, "profile_sidebar_border_color": "C0DEED", "verified": false, "default_profile": true, "statuses_count": 31, "profile_image_url": "http://pbs.twimg.com/profile_images/1479734318/IMG04_normal.JPG", "profile_background_tile": false, "profile_background_color": "C0DEED", "profile_text_color": "333333", "favourites_count": 20, "is_translation_enabled": false, "profile_sidebar_fill_color": "DDEEF6", "profile_background_image_url_https": "https://abs.twimg.com/images/themes/theme1/bg.png", "notifications": false, "follow_request_sent": false, "protected": false, "time_zone": "Pacific Time (US & Canada)", "profile_use_background_image": true, "description": "Enjoying retirement", "translator_type": "none"}
2017-11-05T05:00:04.877736	{"has_extended_profile": false, "created_at": "Wed Mar 11 16:07:12 +0000 2009", "favourites_count": 20, "translator_type": "none", "profile_background_color": "C0DEED", "following": false, "lang": "en", "is_translation_enabled": false, "status": {"in_reply_to_screen_name": "frostycamel", "created_at": "Fri Oct 27 01:36:26 +0000 2017", "source": "<a href=\"http://twitter.com/download/android\" rel=\"nofollow\">Twitter for Android</a>", "place": null, "text": "@frostycamel @Team_Trump45 @realDonaldTrump Details.", "lang": "en", "is_quote_status": false, "in_reply_to_status_id": 923181896858824705, "truncated": false, "retweet_count": 0, "favorite_count": 0, "favorited": false, "coordinates": null, "retweeted": false, "in_reply_to_status_id_str": "923181896858824705", "geo": null, "in_reply_to_user_id_str": "905095603297943554", "entities": {"hashtags": [], "urls": [], "user_mentions": [{"screen_name": "frostycamel", "id": 905095603297943554, "id_str": "905095603297943554", "indices": [0, 12], "name": "Andy"}, {"screen_name": "Team_Trump45", "id": 3580248555, "id_str": "3580248555", "indices": [13, 26], "name": "Trumpism\u2122"}, {"screen_name": "realDonaldTrump", "id": 25073877, "id_str": "25073877", "indices": [27, 43], "name": "Donald J. Trump"}], "symbols": []}, "id": 923725041036136448, "in_reply_to_user_id": 905095603297943554, "contributors": null, "id_str": "923725041036136448"}, "profile_image_url_https": "https://pbs.twimg.com/profile_images/1479734318/IMG04_normal.JPG", "time_zone": "Pacific Time (US & Canada)", "listed_count": 0, "statuses_count": 31, "description": "Enjoying retirement", "contributors_enabled": false, "profile_link_color": "1DA1F2", "url": "http://t.co/MBuagCc1vd", "geo_enabled": false, "default_profile_image": false, "utc_offset": -25200, "is_translator": false, "profile_background_image_url_https": "https://abs.twimg.com/images/themes/theme1/bg.png", "follow_request_sent": false, "followers_count": 1, "verified": false, "screen_name": "wales4me", "name": "Don", "notifications": false, "profile_text_color": "333333", "friends_count": 37, "entities": {"url": {"urls": [{"url": "http://t.co/MBuagCc1vd", "display_url": "twitter.com/wales4me", "indices": [0, 22], "expanded_url": "https://twitter.com/wales4me"}]}, "description": {"urls": []}}, "profile_background_image_url": "http://abs.twimg.com/images/themes/theme1/bg.png", "profile_sidebar_fill_color": "DDEEF6", "id": 23783299, "protected": false, "default_profile": true, "profile_use_background_image": true, "profile_background_tile": false, "id_str": "23783299", "profile_sidebar_border_color": "C0DEED", "location": "Concord, California", "profile_image_url": "http://pbs.twimg.com/profile_images/1479734318/IMG04_normal.JPG"}
2017-11-05T06:00:04.650458	{"utc_offset": -25200, "status": {"coordinates": null, "in_reply_to_user_id": 905095603297943554, "favorited": false, "id": 923725041036136448, "in_reply_to_status_id_str": "923181896858824705", "created_at": "Fri Oct 27 01:36:26 +0000 2017", "id_str": "923725041036136448", "favorite_count": 0, "in_reply_to_screen_name": "frostycamel", "truncated": false, "source": "<a href=\"http://twitter.com/download/android\" rel=\"nofollow\">Twitter for Android</a>", "is_quote_status": false, "geo": null, "entities": {"symbols": [], "hashtags": [], "urls": [], "user_mentions": [{"name": "Andy", "indices": [0, 12], "id_str": "905095603297943554", "screen_name": "frostycamel", "id": 905095603297943554}, {"name": "Trumpism\u2122", "indices": [13, 26], "id_str": "3580248555", "screen_name": "Team_Trump45", "id": 3580248555}, {"name": "Donald J. Trump", "indices": [27, 43], "id_str": "25073877", "screen_name": "realDonaldTrump", "id": 25073877}]}, "retweet_count": 0, "in_reply_to_status_id": 923181896858824705, "in_reply_to_user_id_str": "905095603297943554", "retweeted": false, "text": "@frostycamel @Team_Trump45 @realDonaldTrump Details.", "lang": "en", "contributors": null, "place": null}, "lang": "en", "friends_count": 37, "listed_count": 0, "verified": false, "profile_background_image_url": "http://abs.twimg.com/images/themes/theme1/bg.png", "translator_type": "none", "favourites_count": 20, "profile_background_image_url_https": "https://abs.twimg.com/images/themes/theme1/bg.png", "entities": {"description": {"urls": []}, "url": {"urls": [{"expanded_url": "https://twitter.com/wales4me", "indices": [0, 22], "display_url": "twitter.com/wales4me", "url": "http://t.co/MBuagCc1vd"}]}}, "id_str": "23783299", "default_profile_image": false, "created_at": "Wed Mar 11 16:07:12 +0000 2009", "profile_image_url": "http://pbs.twimg.com/profile_images/1479734318/IMG04_normal.JPG", "has_extended_profile": false, "screen_name": "wales4me", "following": false, "follow_request_sent": false, "name": "Don", "default_profile": true, "url": "http://t.co/MBuagCc1vd", "profile_image_url_https": "https://pbs.twimg.com/profile_images/1479734318/IMG04_normal.JPG", "id": 23783299, "protected": false, "description": "Enjoying retirement", "profile_background_color": "C0DEED", "is_translation_enabled": false, "geo_enabled": false, "profile_use_background_image": true, "contributors_enabled": false, "profile_background_tile": false, "statuses_count": 31, "profile_link_color": "1DA1F2", "location": "Concord, California", "notifications": false, "followers_count": 1, "is_translator": false, "time_zone": "Pacific Time (US & Canada)", "profile_sidebar_fill_color": "DDEEF6", "profile_sidebar_border_color": "C0DEED", "profile_text_color": "333333"}
2017-11-05T07:00:04.418982	{"default_profile": true, "profile_sidebar_border_color": "C0DEED", "name": "Don", "listed_count": 0, "profile_background_image_url_https": "https://abs.twimg.com/images/themes/theme1/bg.png", "profile_link_color": "1DA1F2", "profile_text_color": "333333", "status": {"in_reply_to_user_id": 905095603297943554, "source": "<a href=\"http://twitter.com/download/android\" rel=\"nofollow\">Twitter for Android</a>", "in_reply_to_status_id_str": "923181896858824705", "text": "@frostycamel @Team_Trump45 @realDonaldTrump Details.", "favorite_count": 0, "retweeted": false, "retweet_count": 0, "created_at": "Fri Oct 27 01:36:26 +0000 2017", "entities": {"hashtags": [], "user_mentions": [{"id": 905095603297943554, "id_str": "905095603297943554", "name": "Andy", "indices": [0, 12], "screen_name": "frostycamel"}, {"id": 3580248555, "id_str": "3580248555", "name": "Trumpism\u2122", "indices": [13, 26], "screen_name": "Team_Trump45"}, {"id": 25073877, "id_str": "25073877", "name": "Donald J. Trump", "indices": [27, 43], "screen_name": "realDonaldTrump"}], "urls": [], "symbols": []}, "truncated": false, "place": null, "contributors": null, "in_reply_to_screen_name": "frostycamel", "in_reply_to_user_id_str": "905095603297943554", "coordinates": null, "in_reply_to_status_id": 923181896858824705, "favorited": false, "id_str": "923725041036136448", "lang": "en", "geo": null, "is_quote_status": false, "id": 923725041036136448}, "id": 23783299, "location": "Concord, California", "screen_name": "wales4me", "description": "Enjoying retirement", "following": false, "is_translation_enabled": false, "profile_background_color": "C0DEED", "created_at": "Wed Mar 11 16:07:12 +0000 2009", "profile_background_tile": false, "protected": false, "utc_offset": -25200, "url": "http://t.co/MBuagCc1vd", "has_extended_profile": false, "profile_use_background_image": true, "is_translator": false, "contributors_enabled": false, "statuses_count": 31, "followers_count": 1, "default_profile_image": false, "profile_background_image_url": "http://abs.twimg.com/images/themes/theme1/bg.png", "profile_image_url": "http://pbs.twimg.com/profile_images/1479734318/IMG04_normal.JPG", "verified": false, "id_str": "23783299", "profile_sidebar_fill_color": "DDEEF6", "follow_request_sent": false, "favourites_count": 20, "notifications": false, "lang": "en", "translator_type": "none", "entities": {"url": {"urls": [{"url": "http://t.co/MBuagCc1vd", "indices": [0, 22], "display_url": "twitter.com/wales4me", "expanded_url": "https://twitter.com/wales4me"}]}, "description": {"urls": []}}, "friends_count": 37, "time_zone": "Pacific Time (US & Canada)", "profile_image_url_https": "https://pbs.twimg.com/profile_images/1479734318/IMG04_normal.JPG", "geo_enabled": false}
2017-11-05T08:00:04.961674	{"following": false, "default_profile": true, "protected": false, "is_translation_enabled": false, "translator_type": "none", "description": "Enjoying retirement", "screen_name": "wales4me", "profile_background_image_url_https": "https://abs.twimg.com/images/themes/theme1/bg.png", "profile_image_url_https": "https://pbs.twimg.com/profile_images/1479734318/IMG04_normal.JPG", "profile_sidebar_border_color": "C0DEED", "favourites_count": 20, "profile_sidebar_fill_color": "DDEEF6", "profile_background_color": "C0DEED", "id": 23783299, "contributors_enabled": false, "name": "Don", "entities": {"description": {"urls": []}, "url": {"urls": [{"display_url": "twitter.com/wales4me", "url": "http://t.co/MBuagCc1vd", "expanded_url": "https://twitter.com/wales4me", "indices": [0, 22]}]}}, "has_extended_profile": false, "default_profile_image": false, "url": "http://t.co/MBuagCc1vd", "status": {"in_reply_to_status_id": 923181896858824705, "source": "<a href=\"http://twitter.com/download/android\" rel=\"nofollow\">Twitter for Android</a>", "geo": null, "place": null, "retweet_count": 0, "is_quote_status": false, "coordinates": null, "id": 923725041036136448, "in_reply_to_user_id": 905095603297943554, "entities": {"urls": [], "user_mentions": [{"name": "Andy", "screen_name": "frostycamel", "id_str": "905095603297943554", "id": 905095603297943554, "indices": [0, 12]}, {"name": "Trumpism\u2122", "screen_name": "Team_Trump45", "id_str": "3580248555", "id": 3580248555, "indices": [13, 26]}, {"name": "Donald J. Trump", "screen_name": "realDonaldTrump", "id_str": "25073877", "id": 25073877, "indices": [27, 43]}], "hashtags": [], "symbols": []}, "retweeted": false, "favorited": false, "in_reply_to_status_id_str": "923181896858824705", "truncated": false, "text": "@frostycamel @Team_Trump45 @realDonaldTrump Details.", "in_reply_to_user_id_str": "905095603297943554", "favorite_count": 0, "in_reply_to_screen_name": "frostycamel", "lang": "en", "contributors": null, "created_at": "Fri Oct 27 01:36:26 +0000 2017", "id_str": "923725041036136448"}, "notifications": false, "profile_link_color": "1DA1F2", "time_zone": "Pacific Time (US & Canada)", "follow_request_sent": false, "verified": false, "profile_use_background_image": true, "lang": "en", "profile_background_tile": false, "utc_offset": -25200, "friends_count": 37, "profile_background_image_url": "http://abs.twimg.com/images/themes/theme1/bg.png", "is_translator": false, "location": "Concord, California", "listed_count": 0, "geo_enabled": false, "created_at": "Wed Mar 11 16:07:12 +0000 2009", "profile_image_url": "http://pbs.twimg.com/profile_images/1479734318/IMG04_normal.JPG", "followers_count": 1, "id_str": "23783299", "statuses_count": 31, "profile_text_color": "333333"}
2017-11-05T09:00:04.201358	{"id": 23783299, "id_str": "23783299", "profile_sidebar_border_color": "C0DEED", "is_translator": false, "followers_count": 1, "has_extended_profile": false, "profile_text_color": "333333", "screen_name": "wales4me", "name": "Don", "friends_count": 37, "entities": {"url": {"urls": [{"url": "http://t.co/MBuagCc1vd", "indices": [0, 22], "expanded_url": "https://twitter.com/wales4me", "display_url": "twitter.com/wales4me"}]}, "description": {"urls": []}}, "following": false, "favourites_count": 20, "statuses_count": 31, "follow_request_sent": false, "profile_image_url_https": "https://pbs.twimg.com/profile_images/1479734318/IMG04_normal.JPG", "verified": false, "profile_background_tile": false, "profile_background_color": "C0DEED", "listed_count": 0, "status": {"id": 923725041036136448, "id_str": "923725041036136448", "is_quote_status": false, "in_reply_to_user_id": 905095603297943554, "truncated": false, "entities": {"user_mentions": [{"id": 905095603297943554, "id_str": "905095603297943554", "screen_name": "frostycamel", "name": "Andy", "indices": [0, 12]}, {"id": 3580248555, "id_str": "3580248555", "screen_name": "Team_Trump45", "name": "Trumpism\u2122", "indices": [13, 26]}, {"id": 25073877, "id_str": "25073877", "screen_name": "realDonaldTrump", "name": "Donald J. Trump", "indices": [27, 43]}], "urls": [], "symbols": [], "hashtags": []}, "favorite_count": 0, "text": "@frostycamel @Team_Trump45 @realDonaldTrump Details.", "place": null, "created_at": "Fri Oct 27 01:36:26 +0000 2017", "retweet_count": 0, "retweeted": false, "lang": "en", "in_reply_to_status_id": 923181896858824705, "in_reply_to_screen_name": "frostycamel", "geo": null, "source": "<a href=\"http://twitter.com/download/android\" rel=\"nofollow\">Twitter for Android</a>", "in_reply_to_status_id_str": "923181896858824705", "favorited": false, "coordinates": null, "in_reply_to_user_id_str": "905095603297943554", "contributors": null}, "is_translation_enabled": false, "created_at": "Wed Mar 11 16:07:12 +0000 2009", "profile_use_background_image": true, "lang": "en", "notifications": false, "translator_type": "none", "profile_background_image_url": "http://abs.twimg.com/images/themes/theme1/bg.png", "utc_offset": -28800, "profile_link_color": "1DA1F2", "default_profile_image": false, "url": "http://t.co/MBuagCc1vd", "contributors_enabled": false, "geo_enabled": false, "profile_sidebar_fill_color": "DDEEF6", "protected": false, "description": "Enjoying retirement", "location": "Concord, California", "profile_image_url": "http://pbs.twimg.com/profile_images/1479734318/IMG04_normal.JPG", "profile_background_image_url_https": "https://abs.twimg.com/images/themes/theme1/bg.png", "time_zone": "Pacific Time (US & Canada)", "default_profile": true}
2017-11-05T10:00:04.544690	{"statuses_count": 31, "profile_background_image_url": "http://abs.twimg.com/images/themes/theme1/bg.png", "profile_use_background_image": true, "profile_image_url": "http://pbs.twimg.com/profile_images/1479734318/IMG04_normal.JPG", "following": false, "listed_count": 0, "default_profile": true, "geo_enabled": false, "lang": "en", "has_extended_profile": false, "notifications": false, "is_translation_enabled": false, "profile_background_image_url_https": "https://abs.twimg.com/images/themes/theme1/bg.png", "profile_text_color": "333333", "default_profile_image": false, "time_zone": "Pacific Time (US & Canada)", "created_at": "Wed Mar 11 16:07:12 +0000 2009", "follow_request_sent": false, "location": "Concord, California", "translator_type": "none", "profile_image_url_https": "https://pbs.twimg.com/profile_images/1479734318/IMG04_normal.JPG", "protected": false, "profile_background_tile": false, "description": "Enjoying retirement", "favourites_count": 20, "status": {"source": "<a href=\"http://twitter.com/download/android\" rel=\"nofollow\">Twitter for Android</a>", "contributors": null, "favorite_count": 0, "coordinates": null, "favorited": false, "in_reply_to_user_id": 905095603297943554, "retweeted": false, "created_at": "Fri Oct 27 01:36:26 +0000 2017", "retweet_count": 0, "geo": null, "in_reply_to_status_id_str": "923181896858824705", "id_str": "923725041036136448", "text": "@frostycamel @Team_Trump45 @realDonaldTrump Details.", "in_reply_to_user_id_str": "905095603297943554", "id": 923725041036136448, "truncated": false, "entities": {"user_mentions": [{"name": "Andy", "id": 905095603297943554, "screen_name": "frostycamel", "id_str": "905095603297943554", "indices": [0, 12]}, {"name": "Trumpism\u2122", "id": 3580248555, "screen_name": "Team_Trump45", "id_str": "3580248555", "indices": [13, 26]}, {"name": "Donald J. Trump", "id": 25073877, "screen_name": "realDonaldTrump", "id_str": "25073877", "indices": [27, 43]}], "symbols": [], "urls": [], "hashtags": []}, "place": null, "in_reply_to_screen_name": "frostycamel", "is_quote_status": false, "lang": "en", "in_reply_to_status_id": 923181896858824705}, "profile_background_color": "C0DEED", "profile_link_color": "1DA1F2", "followers_count": 1, "id": 23783299, "url": "http://t.co/MBuagCc1vd", "verified": false, "friends_count": 37, "is_translator": false, "id_str": "23783299", "contributors_enabled": false, "entities": {"url": {"urls": [{"url": "http://t.co/MBuagCc1vd", "expanded_url": "https://twitter.com/wales4me", "indices": [0, 22], "display_url": "twitter.com/wales4me"}]}, "description": {"urls": []}}, "profile_sidebar_border_color": "C0DEED", "profile_sidebar_fill_color": "DDEEF6", "name": "Don", "utc_offset": -28800, "screen_name": "wales4me"}
2017-11-05T11:00:05.310986	{"utc_offset": -28800, "profile_use_background_image": true, "url": "http://t.co/MBuagCc1vd", "geo_enabled": false, "statuses_count": 31, "has_extended_profile": false, "profile_sidebar_border_color": "C0DEED", "followers_count": 1, "profile_sidebar_fill_color": "DDEEF6", "time_zone": "Pacific Time (US & Canada)", "translator_type": "none", "profile_link_color": "1DA1F2", "friends_count": 37, "protected": false, "listed_count": 0, "is_translation_enabled": false, "description": "Enjoying retirement", "location": "Concord, California", "id": 23783299, "profile_background_color": "C0DEED", "profile_image_url_https": "https://pbs.twimg.com/profile_images/1479734318/IMG04_normal.JPG", "favourites_count": 20, "follow_request_sent": false, "lang": "en", "profile_background_image_url_https": "https://abs.twimg.com/images/themes/theme1/bg.png", "entities": {"description": {"urls": []}, "url": {"urls": [{"indices": [0, 22], "url": "http://t.co/MBuagCc1vd", "expanded_url": "https://twitter.com/wales4me", "display_url": "twitter.com/wales4me"}]}}, "notifications": false, "is_translator": false, "verified": false, "profile_text_color": "333333", "profile_background_tile": false, "following": false, "id_str": "23783299", "name": "Don", "profile_background_image_url": "http://abs.twimg.com/images/themes/theme1/bg.png", "profile_image_url": "http://pbs.twimg.com/profile_images/1479734318/IMG04_normal.JPG", "created_at": "Wed Mar 11 16:07:12 +0000 2009", "default_profile": true, "default_profile_image": false, "contributors_enabled": false, "status": {"retweeted": false, "geo": null, "contributors": null, "place": null, "favorited": false, "source": "<a href=\"http://twitter.com/download/android\" rel=\"nofollow\">Twitter for Android</a>", "in_reply_to_user_id_str": "905095603297943554", "id": 923725041036136448, "in_reply_to_screen_name": "frostycamel", "text": "@frostycamel @Team_Trump45 @realDonaldTrump Details.", "entities": {"hashtags": [], "symbols": [], "user_mentions": [{"indices": [0, 12], "id": 905095603297943554, "name": "Andy", "screen_name": "frostycamel", "id_str": "905095603297943554"}, {"indices": [13, 26], "id": 3580248555, "name": "Trumpism\u2122", "screen_name": "Team_Trump45", "id_str": "3580248555"}, {"indices": [27, 43], "id": 25073877, "name": "Donald J. Trump", "screen_name": "realDonaldTrump", "id_str": "25073877"}], "urls": []}, "is_quote_status": false, "retweet_count": 0, "id_str": "923725041036136448", "in_reply_to_user_id": 905095603297943554, "truncated": false, "created_at": "Fri Oct 27 01:36:26 +0000 2017", "in_reply_to_status_id_str": "923181896858824705", "lang": "en", "coordinates": null, "favorite_count": 0, "in_reply_to_status_id": 923181896858824705}, "screen_name": "wales4me"}
2017-11-05T12:00:04.910097	{"protected": false, "friends_count": 37, "description": "Enjoying retirement", "profile_use_background_image": true, "is_translator": false, "statuses_count": 31, "profile_link_color": "1DA1F2", "lang": "en", "profile_text_color": "333333", "followers_count": 1, "created_at": "Wed Mar 11 16:07:12 +0000 2009", "listed_count": 0, "location": "Concord, California", "id_str": "23783299", "profile_sidebar_fill_color": "DDEEF6", "profile_sidebar_border_color": "C0DEED", "entities": {"description": {"urls": []}, "url": {"urls": [{"indices": [0, 22], "display_url": "twitter.com/wales4me", "expanded_url": "https://twitter.com/wales4me", "url": "http://t.co/MBuagCc1vd"}]}}, "time_zone": "Pacific Time (US & Canada)", "default_profile": true, "has_extended_profile": false, "favourites_count": 20, "screen_name": "wales4me", "id": 23783299, "follow_request_sent": false, "default_profile_image": false, "status": {"in_reply_to_status_id_str": "923181896858824705", "coordinates": null, "truncated": false, "in_reply_to_user_id_str": "905095603297943554", "favorited": false, "source": "<a href=\"http://twitter.com/download/android\" rel=\"nofollow\">Twitter for Android</a>", "in_reply_to_user_id": 905095603297943554, "place": null, "geo": null, "id_str": "923725041036136448", "is_quote_status": false, "in_reply_to_status_id": 923181896858824705, "retweet_count": 0, "contributors": null, "text": "@frostycamel @Team_Trump45 @realDonaldTrump Details.", "id": 923725041036136448, "lang": "en", "retweeted": false, "entities": {"hashtags": [], "symbols": [], "user_mentions": [{"name": "Andy", "screen_name": "frostycamel", "id": 905095603297943554, "id_str": "905095603297943554", "indices": [0, 12]}, {"name": "Trumpism\u2122", "screen_name": "Team_Trump45", "id": 3580248555, "id_str": "3580248555", "indices": [13, 26]}, {"name": "Donald J. Trump", "screen_name": "realDonaldTrump", "id": 25073877, "id_str": "25073877", "indices": [27, 43]}], "urls": []}, "created_at": "Fri Oct 27 01:36:26 +0000 2017", "in_reply_to_screen_name": "frostycamel", "favorite_count": 0}, "geo_enabled": false, "profile_image_url_https": "https://pbs.twimg.com/profile_images/1479734318/IMG04_normal.JPG", "notifications": false, "profile_background_image_url": "http://abs.twimg.com/images/themes/theme1/bg.png", "profile_background_image_url_https": "https://abs.twimg.com/images/themes/theme1/bg.png", "profile_image_url": "http://pbs.twimg.com/profile_images/1479734318/IMG04_normal.JPG", "name": "Don", "utc_offset": -28800, "following": false, "profile_background_color": "C0DEED", "url": "http://t.co/MBuagCc1vd", "profile_background_tile": false, "verified": false, "contributors_enabled": false, "translator_type": "none", "is_translation_enabled": false}
2017-11-05T13:00:04.901601	{"profile_image_url": "http://pbs.twimg.com/profile_images/1479734318/IMG04_normal.JPG", "profile_background_image_url": "http://abs.twimg.com/images/themes/theme1/bg.png", "following": false, "profile_background_color": "C0DEED", "default_profile": true, "lang": "en", "id": 23783299, "created_at": "Wed Mar 11 16:07:12 +0000 2009", "favourites_count": 20, "friends_count": 37, "followers_count": 1, "screen_name": "wales4me", "status": {"in_reply_to_status_id": 923181896858824705, "in_reply_to_user_id": 905095603297943554, "source": "<a href=\"http://twitter.com/download/android\" rel=\"nofollow\">Twitter for Android</a>", "coordinates": null, "id": 923725041036136448, "created_at": "Fri Oct 27 01:36:26 +0000 2017", "retweet_count": 0, "contributors": null, "in_reply_to_screen_name": "frostycamel", "truncated": false, "place": null, "favorite_count": 0, "lang": "en", "entities": {"hashtags": [], "symbols": [], "urls": [], "user_mentions": [{"indices": [0, 12], "name": "Andy", "id": 905095603297943554, "id_str": "905095603297943554", "screen_name": "frostycamel"}, {"indices": [13, 26], "name": "Trumpism\u2122", "id": 3580248555, "id_str": "3580248555", "screen_name": "Team_Trump45"}, {"indices": [27, 43], "name": "Donald J. Trump", "id": 25073877, "id_str": "25073877", "screen_name": "realDonaldTrump"}]}, "geo": null, "id_str": "923725041036136448", "in_reply_to_status_id_str": "923181896858824705", "text": "@frostycamel @Team_Trump45 @realDonaldTrump Details.", "retweeted": false, "in_reply_to_user_id_str": "905095603297943554", "is_quote_status": false, "favorited": false}, "profile_image_url_https": "https://pbs.twimg.com/profile_images/1479734318/IMG04_normal.JPG", "is_translator": false, "listed_count": 0, "statuses_count": 31, "is_translation_enabled": false, "follow_request_sent": false, "contributors_enabled": false, "utc_offset": -28800, "profile_background_tile": false, "verified": false, "url": "http://t.co/MBuagCc1vd", "profile_text_color": "333333", "time_zone": "Pacific Time (US & Canada)", "profile_sidebar_fill_color": "DDEEF6", "entities": {"description": {"urls": []}, "url": {"urls": [{"expanded_url": "https://twitter.com/wales4me", "display_url": "twitter.com/wales4me", "url": "http://t.co/MBuagCc1vd", "indices": [0, 22]}]}}, "profile_link_color": "1DA1F2", "notifications": false, "location": "Concord, California", "id_str": "23783299", "name": "Don", "description": "Enjoying retirement", "profile_background_image_url_https": "https://abs.twimg.com/images/themes/theme1/bg.png", "default_profile_image": false, "profile_use_background_image": true, "has_extended_profile": false, "protected": false, "profile_sidebar_border_color": "C0DEED", "translator_type": "none", "geo_enabled": false}
2017-11-05T14:00:04.981416	{"profile_sidebar_fill_color": "DDEEF6", "follow_request_sent": false, "screen_name": "wales4me", "profile_text_color": "333333", "time_zone": "Pacific Time (US & Canada)", "utc_offset": -28800, "statuses_count": 31, "profile_link_color": "1DA1F2", "verified": false, "protected": false, "contributors_enabled": false, "default_profile_image": false, "profile_background_image_url_https": "https://abs.twimg.com/images/themes/theme1/bg.png", "notifications": false, "profile_background_tile": false, "default_profile": true, "geo_enabled": false, "following": false, "location": "Concord, California", "status": {"in_reply_to_user_id": 905095603297943554, "in_reply_to_status_id": 923181896858824705, "favorite_count": 0, "text": "@frostycamel @Team_Trump45 @realDonaldTrump Details.", "in_reply_to_status_id_str": "923181896858824705", "favorited": false, "geo": null, "source": "<a href=\"http://twitter.com/download/android\" rel=\"nofollow\">Twitter for Android</a>", "in_reply_to_screen_name": "frostycamel", "retweet_count": 0, "created_at": "Fri Oct 27 01:36:26 +0000 2017", "retweeted": false, "id": 923725041036136448, "in_reply_to_user_id_str": "905095603297943554", "is_quote_status": false, "truncated": false, "contributors": null, "id_str": "923725041036136448", "coordinates": null, "place": null, "entities": {"user_mentions": [{"id": 905095603297943554, "id_str": "905095603297943554", "name": "Andy", "screen_name": "frostycamel", "indices": [0, 12]}, {"id": 3580248555, "id_str": "3580248555", "name": "Trumpism\u2122", "screen_name": "Team_Trump45", "indices": [13, 26]}, {"id": 25073877, "id_str": "25073877", "name": "Donald J. Trump", "screen_name": "realDonaldTrump", "indices": [27, 43]}], "symbols": [], "hashtags": [], "urls": []}, "lang": "en"}, "listed_count": 0, "created_at": "Wed Mar 11 16:07:12 +0000 2009", "profile_image_url": "http://pbs.twimg.com/profile_images/1479734318/IMG04_normal.JPG", "profile_sidebar_border_color": "C0DEED", "friends_count": 37, "has_extended_profile": false, "entities": {"description": {"urls": []}, "url": {"urls": [{"expanded_url": "https://twitter.com/wales4me", "url": "http://t.co/MBuagCc1vd", "display_url": "twitter.com/wales4me", "indices": [0, 22]}]}}, "id": 23783299, "is_translation_enabled": false, "url": "http://t.co/MBuagCc1vd", "favourites_count": 20, "profile_image_url_https": "https://pbs.twimg.com/profile_images/1479734318/IMG04_normal.JPG", "translator_type": "none", "is_translator": false, "name": "Don", "id_str": "23783299", "followers_count": 1, "profile_background_image_url": "http://abs.twimg.com/images/themes/theme1/bg.png", "profile_use_background_image": true, "description": "Enjoying retirement", "lang": "en", "profile_background_color": "C0DEED"}
2017-11-05T15:00:04.793370	{"utc_offset": -28800, "is_translator": false, "favourites_count": 20, "notifications": false, "geo_enabled": false, "protected": false, "translator_type": "none", "has_extended_profile": false, "statuses_count": 31, "default_profile_image": false, "lang": "en", "name": "Don", "profile_link_color": "1DA1F2", "followers_count": 1, "time_zone": "Pacific Time (US & Canada)", "profile_sidebar_border_color": "C0DEED", "screen_name": "wales4me", "profile_background_color": "C0DEED", "id": 23783299, "created_at": "Wed Mar 11 16:07:12 +0000 2009", "is_translation_enabled": false, "verified": false, "profile_image_url": "http://pbs.twimg.com/profile_images/1479734318/IMG04_normal.JPG", "default_profile": true, "contributors_enabled": false, "following": false, "listed_count": 0, "profile_background_image_url": "http://abs.twimg.com/images/themes/theme1/bg.png", "friends_count": 37, "description": "Enjoying retirement", "entities": {"description": {"urls": []}, "url": {"urls": [{"expanded_url": "https://twitter.com/wales4me", "indices": [0, 22], "display_url": "twitter.com/wales4me", "url": "http://t.co/MBuagCc1vd"}]}}, "profile_text_color": "333333", "id_str": "23783299", "profile_background_tile": false, "status": {"truncated": false, "favorited": false, "place": null, "in_reply_to_screen_name": "frostycamel", "lang": "en", "retweeted": false, "favorite_count": 0, "in_reply_to_status_id_str": "923181896858824705", "id": 923725041036136448, "text": "@frostycamel @Team_Trump45 @realDonaldTrump Details.", "created_at": "Fri Oct 27 01:36:26 +0000 2017", "in_reply_to_user_id_str": "905095603297943554", "contributors": null, "retweet_count": 0, "entities": {"urls": [], "hashtags": [], "symbols": [], "user_mentions": [{"screen_name": "frostycamel", "name": "Andy", "indices": [0, 12], "id": 905095603297943554, "id_str": "905095603297943554"}, {"screen_name": "Team_Trump45", "name": "Trumpism\u2122", "indices": [13, 26], "id": 3580248555, "id_str": "3580248555"}, {"screen_name": "realDonaldTrump", "name": "Donald J. Trump", "indices": [27, 43], "id": 25073877, "id_str": "25073877"}]}, "id_str": "923725041036136448", "source": "<a href=\"http://twitter.com/download/android\" rel=\"nofollow\">Twitter for Android</a>", "is_quote_status": false, "in_reply_to_user_id": 905095603297943554, "geo": null, "coordinates": null, "in_reply_to_status_id": 923181896858824705}, "profile_sidebar_fill_color": "DDEEF6", "profile_image_url_https": "https://pbs.twimg.com/profile_images/1479734318/IMG04_normal.JPG", "profile_background_image_url_https": "https://abs.twimg.com/images/themes/theme1/bg.png", "profile_use_background_image": true, "follow_request_sent": false, "url": "http://t.co/MBuagCc1vd", "location": "Concord, California"}
2017-11-05T16:00:04.714098	{"location": "Concord, California", "default_profile": true, "utc_offset": -28800, "listed_count": 0, "is_translator": false, "profile_background_image_url_https": "https://abs.twimg.com/images/themes/theme1/bg.png", "created_at": "Wed Mar 11 16:07:12 +0000 2009", "contributors_enabled": false, "screen_name": "wales4me", "following": false, "profile_link_color": "1DA1F2", "statuses_count": 31, "id_str": "23783299", "followers_count": 1, "description": "Enjoying retirement", "follow_request_sent": false, "profile_image_url_https": "https://pbs.twimg.com/profile_images/1479734318/IMG04_normal.JPG", "profile_background_tile": false, "id": 23783299, "profile_sidebar_fill_color": "DDEEF6", "protected": false, "translator_type": "none", "time_zone": "Pacific Time (US & Canada)", "profile_background_image_url": "http://abs.twimg.com/images/themes/theme1/bg.png", "verified": false, "url": "http://t.co/MBuagCc1vd", "entities": {"description": {"urls": []}, "url": {"urls": [{"url": "http://t.co/MBuagCc1vd", "display_url": "twitter.com/wales4me", "expanded_url": "https://twitter.com/wales4me", "indices": [0, 22]}]}}, "name": "Don", "profile_use_background_image": true, "is_translation_enabled": false, "favourites_count": 20, "lang": "en", "profile_sidebar_border_color": "C0DEED", "geo_enabled": false, "notifications": false, "profile_background_color": "C0DEED", "default_profile_image": false, "profile_image_url": "http://pbs.twimg.com/profile_images/1479734318/IMG04_normal.JPG", "status": {"text": "@frostycamel @Team_Trump45 @realDonaldTrump Details.", "in_reply_to_status_id_str": "923181896858824705", "contributors": null, "id_str": "923725041036136448", "is_quote_status": false, "in_reply_to_user_id_str": "905095603297943554", "in_reply_to_status_id": 923181896858824705, "coordinates": null, "id": 923725041036136448, "favorite_count": 0, "truncated": false, "retweet_count": 0, "place": null, "created_at": "Fri Oct 27 01:36:26 +0000 2017", "entities": {"symbols": [], "user_mentions": [{"indices": [0, 12], "screen_name": "frostycamel", "id_str": "905095603297943554", "name": "Andy", "id": 905095603297943554}, {"indices": [13, 26], "screen_name": "Team_Trump45", "id_str": "3580248555", "name": "Trumpism\u2122", "id": 3580248555}, {"indices": [27, 43], "screen_name": "realDonaldTrump", "id_str": "25073877", "name": "Donald J. Trump", "id": 25073877}], "hashtags": [], "urls": []}, "in_reply_to_user_id": 905095603297943554, "in_reply_to_screen_name": "frostycamel", "lang": "en", "source": "<a href=\"http://twitter.com/download/android\" rel=\"nofollow\">Twitter for Android</a>", "retweeted": false, "geo": null, "favorited": false}, "has_extended_profile": false, "profile_text_color": "333333", "friends_count": 37}
2017-11-05T17:00:04.399656	{"description": "Enjoying retirement", "favourites_count": 20, "statuses_count": 31, "profile_text_color": "333333", "time_zone": "Pacific Time (US & Canada)", "default_profile": true, "translator_type": "none", "contributors_enabled": false, "url": "http://t.co/MBuagCc1vd", "profile_use_background_image": true, "id": 23783299, "utc_offset": -28800, "screen_name": "wales4me", "protected": false, "created_at": "Wed Mar 11 16:07:12 +0000 2009", "following": false, "followers_count": 1, "default_profile_image": false, "profile_link_color": "1DA1F2", "follow_request_sent": false, "lang": "en", "status": {"contributors": null, "text": "@frostycamel @Team_Trump45 @realDonaldTrump Details.", "in_reply_to_screen_name": "frostycamel", "source": "<a href=\"http://twitter.com/download/android\" rel=\"nofollow\">Twitter for Android</a>", "in_reply_to_status_id_str": "923181896858824705", "place": null, "created_at": "Fri Oct 27 01:36:26 +0000 2017", "truncated": false, "is_quote_status": false, "lang": "en", "favorited": false, "in_reply_to_status_id": 923181896858824705, "entities": {"hashtags": [], "symbols": [], "urls": [], "user_mentions": [{"name": "Andy", "id_str": "905095603297943554", "id": 905095603297943554, "screen_name": "frostycamel", "indices": [0, 12]}, {"name": "Trumpism\u2122", "id_str": "3580248555", "id": 3580248555, "screen_name": "Team_Trump45", "indices": [13, 26]}, {"name": "Donald J. Trump", "id_str": "25073877", "id": 25073877, "screen_name": "realDonaldTrump", "indices": [27, 43]}]}, "id_str": "923725041036136448", "in_reply_to_user_id": 905095603297943554, "geo": null, "retweet_count": 0, "in_reply_to_user_id_str": "905095603297943554", "retweeted": false, "coordinates": null, "favorite_count": 0, "id": 923725041036136448}, "is_translator": false, "listed_count": 0, "geo_enabled": false, "name": "Don", "profile_background_tile": false, "profile_sidebar_fill_color": "DDEEF6", "profile_background_color": "C0DEED", "profile_sidebar_border_color": "C0DEED", "id_str": "23783299", "profile_image_url": "http://pbs.twimg.com/profile_images/1479734318/IMG04_normal.JPG", "entities": {"description": {"urls": []}, "url": {"urls": [{"expanded_url": "https://twitter.com/wales4me", "display_url": "twitter.com/wales4me", "indices": [0, 22], "url": "http://t.co/MBuagCc1vd"}]}}, "location": "Concord, California", "profile_image_url_https": "https://pbs.twimg.com/profile_images/1479734318/IMG04_normal.JPG", "verified": false, "is_translation_enabled": false, "notifications": false, "friends_count": 37, "has_extended_profile": false, "profile_background_image_url": "http://abs.twimg.com/images/themes/theme1/bg.png", "profile_background_image_url_https": "https://abs.twimg.com/images/themes/theme1/bg.png"}
2017-11-05T18:00:04.720218	{"contributors_enabled": false, "profile_link_color": "1DA1F2", "profile_background_image_url_https": "https://abs.twimg.com/images/themes/theme1/bg.png", "id_str": "23783299", "description": "Enjoying retirement", "notifications": false, "utc_offset": -28800, "profile_use_background_image": true, "listed_count": 0, "favourites_count": 20, "screen_name": "wales4me", "location": "Concord, California", "is_translator": false, "profile_image_url_https": "https://pbs.twimg.com/profile_images/1479734318/IMG04_normal.JPG", "id": 23783299, "statuses_count": 31, "status": {"in_reply_to_status_id": 923181896858824705, "id_str": "923725041036136448", "lang": "en", "in_reply_to_status_id_str": "923181896858824705", "place": null, "source": "<a href=\"http://twitter.com/download/android\" rel=\"nofollow\">Twitter for Android</a>", "favorite_count": 0, "entities": {"user_mentions": [{"indices": [0, 12], "id": 905095603297943554, "id_str": "905095603297943554", "screen_name": "frostycamel", "name": "Andy"}, {"indices": [13, 26], "id": 3580248555, "id_str": "3580248555", "screen_name": "Team_Trump45", "name": "Trumpism\u2122"}, {"indices": [27, 43], "id": 25073877, "id_str": "25073877", "screen_name": "realDonaldTrump", "name": "Donald J. Trump"}], "symbols": [], "urls": [], "hashtags": []}, "truncated": false, "retweet_count": 0, "in_reply_to_screen_name": "frostycamel", "created_at": "Fri Oct 27 01:36:26 +0000 2017", "text": "@frostycamel @Team_Trump45 @realDonaldTrump Details.", "id": 923725041036136448, "retweeted": false, "geo": null, "is_quote_status": false, "in_reply_to_user_id_str": "905095603297943554", "coordinates": null, "contributors": null, "favorited": false, "in_reply_to_user_id": 905095603297943554}, "translator_type": "none", "has_extended_profile": false, "follow_request_sent": false, "followers_count": 1, "profile_text_color": "333333", "profile_background_tile": false, "entities": {"url": {"urls": [{"expanded_url": "https://twitter.com/wales4me", "display_url": "twitter.com/wales4me", "url": "http://t.co/MBuagCc1vd", "indices": [0, 22]}]}, "description": {"urls": []}}, "name": "Don", "profile_sidebar_border_color": "C0DEED", "profile_image_url": "http://pbs.twimg.com/profile_images/1479734318/IMG04_normal.JPG", "verified": false, "default_profile": true, "default_profile_image": false, "profile_sidebar_fill_color": "DDEEF6", "lang": "en", "protected": false, "created_at": "Wed Mar 11 16:07:12 +0000 2009", "profile_background_image_url": "http://abs.twimg.com/images/themes/theme1/bg.png", "profile_background_color": "C0DEED", "url": "http://t.co/MBuagCc1vd", "friends_count": 37, "time_zone": "Pacific Time (US & Canada)", "geo_enabled": false, "following": false, "is_translation_enabled": false}
2017-11-05T19:00:04.675583	{"protected": false, "favourites_count": 20, "following": false, "verified": false, "profile_background_tile": false, "profile_background_image_url_https": "https://abs.twimg.com/images/themes/theme1/bg.png", "profile_sidebar_border_color": "C0DEED", "profile_image_url_https": "https://pbs.twimg.com/profile_images/1479734318/IMG04_normal.JPG", "description": "Enjoying retirement", "time_zone": "Pacific Time (US & Canada)", "followers_count": 1, "friends_count": 37, "is_translation_enabled": false, "screen_name": "wales4me", "is_translator": false, "profile_background_image_url": "http://abs.twimg.com/images/themes/theme1/bg.png", "location": "Concord, California", "profile_image_url": "http://pbs.twimg.com/profile_images/1479734318/IMG04_normal.JPG", "created_at": "Wed Mar 11 16:07:12 +0000 2009", "has_extended_profile": false, "listed_count": 0, "utc_offset": -28800, "id_str": "23783299", "name": "Don", "default_profile": true, "profile_link_color": "1DA1F2", "status": {"lang": "en", "truncated": false, "text": "@frostycamel @Team_Trump45 @realDonaldTrump Details.", "retweeted": false, "contributors": null, "favorited": false, "id": 923725041036136448, "favorite_count": 0, "created_at": "Fri Oct 27 01:36:26 +0000 2017", "place": null, "in_reply_to_status_id": 923181896858824705, "id_str": "923725041036136448", "in_reply_to_user_id_str": "905095603297943554", "source": "<a href=\"http://twitter.com/download/android\" rel=\"nofollow\">Twitter for Android</a>", "coordinates": null, "in_reply_to_screen_name": "frostycamel", "entities": {"hashtags": [], "urls": [], "symbols": [], "user_mentions": [{"indices": [0, 12], "screen_name": "frostycamel", "id_str": "905095603297943554", "name": "Andy", "id": 905095603297943554}, {"indices": [13, 26], "screen_name": "Team_Trump45", "id_str": "3580248555", "name": "Trumpism\u2122", "id": 3580248555}, {"indices": [27, 43], "screen_name": "realDonaldTrump", "id_str": "25073877", "name": "Donald J. Trump", "id": 25073877}]}, "in_reply_to_status_id_str": "923181896858824705", "geo": null, "retweet_count": 0, "is_quote_status": false, "in_reply_to_user_id": 905095603297943554}, "translator_type": "none", "profile_text_color": "333333", "url": "http://t.co/MBuagCc1vd", "id": 23783299, "contributors_enabled": false, "profile_use_background_image": true, "entities": {"url": {"urls": [{"url": "http://t.co/MBuagCc1vd", "indices": [0, 22], "expanded_url": "https://twitter.com/wales4me", "display_url": "twitter.com/wales4me"}]}, "description": {"urls": []}}, "lang": "en", "statuses_count": 31, "profile_background_color": "C0DEED", "profile_sidebar_fill_color": "DDEEF6", "follow_request_sent": false, "default_profile_image": false, "notifications": false, "geo_enabled": false}
2017-11-05T20:00:04.553993	{"profile_text_color": "333333", "translator_type": "none", "profile_sidebar_fill_color": "DDEEF6", "url": "http://t.co/MBuagCc1vd", "protected": false, "verified": false, "created_at": "Wed Mar 11 16:07:12 +0000 2009", "entities": {"description": {"urls": []}, "url": {"urls": [{"expanded_url": "https://twitter.com/wales4me", "indices": [0, 22], "url": "http://t.co/MBuagCc1vd", "display_url": "twitter.com/wales4me"}]}}, "following": false, "profile_background_color": "C0DEED", "profile_background_tile": false, "utc_offset": -28800, "favourites_count": 20, "time_zone": "Pacific Time (US & Canada)", "profile_link_color": "1DA1F2", "name": "Don", "follow_request_sent": false, "id": 23783299, "status": {"is_quote_status": false, "geo": null, "favorite_count": 0, "created_at": "Fri Oct 27 01:36:26 +0000 2017", "entities": {"hashtags": [], "symbols": [], "urls": [], "user_mentions": [{"name": "Andy", "id_str": "905095603297943554", "id": 905095603297943554, "screen_name": "frostycamel", "indices": [0, 12]}, {"name": "Trumpism\u2122", "id_str": "3580248555", "id": 3580248555, "screen_name": "Team_Trump45", "indices": [13, 26]}, {"name": "Donald J. Trump", "id_str": "25073877", "id": 25073877, "screen_name": "realDonaldTrump", "indices": [27, 43]}]}, "retweet_count": 0, "text": "@frostycamel @Team_Trump45 @realDonaldTrump Details.", "truncated": false, "retweeted": false, "source": "<a href=\"http://twitter.com/download/android\" rel=\"nofollow\">Twitter for Android</a>", "id_str": "923725041036136448", "place": null, "id": 923725041036136448, "lang": "en", "in_reply_to_user_id": 905095603297943554, "in_reply_to_status_id": 923181896858824705, "favorited": false, "in_reply_to_screen_name": "frostycamel", "in_reply_to_status_id_str": "923181896858824705", "coordinates": null, "in_reply_to_user_id_str": "905095603297943554", "contributors": null}, "lang": "en", "default_profile": true, "location": "Concord, California", "is_translator": false, "id_str": "23783299", "listed_count": 0, "screen_name": "wales4me", "notifications": false, "description": "Enjoying retirement", "profile_image_url": "http://pbs.twimg.com/profile_images/1479734318/IMG04_normal.JPG", "is_translation_enabled": false, "statuses_count": 31, "profile_sidebar_border_color": "C0DEED", "geo_enabled": false, "profile_background_image_url": "http://abs.twimg.com/images/themes/theme1/bg.png", "profile_image_url_https": "https://pbs.twimg.com/profile_images/1479734318/IMG04_normal.JPG", "contributors_enabled": false, "friends_count": 37, "has_extended_profile": false, "default_profile_image": false, "profile_background_image_url_https": "https://abs.twimg.com/images/themes/theme1/bg.png", "followers_count": 1, "profile_use_background_image": true}
2017-11-05T21:00:04.108313	{"default_profile_image": false, "profile_use_background_image": true, "lang": "en", "status": {"favorite_count": 0, "geo": null, "lang": "en", "place": null, "favorited": false, "id_str": "923725041036136448", "truncated": false, "in_reply_to_status_id": 923181896858824705, "text": "@frostycamel @Team_Trump45 @realDonaldTrump Details.", "contributors": null, "entities": {"hashtags": [], "user_mentions": [{"screen_name": "frostycamel", "id_str": "905095603297943554", "id": 905095603297943554, "indices": [0, 12], "name": "Andy"}, {"screen_name": "Team_Trump45", "id_str": "3580248555", "id": 3580248555, "indices": [13, 26], "name": "Trumpism\u2122"}, {"screen_name": "realDonaldTrump", "id_str": "25073877", "id": 25073877, "indices": [27, 43], "name": "Donald J. Trump"}], "urls": [], "symbols": []}, "retweeted": false, "in_reply_to_status_id_str": "923181896858824705", "retweet_count": 0, "in_reply_to_user_id": 905095603297943554, "coordinates": null, "created_at": "Fri Oct 27 01:36:26 +0000 2017", "in_reply_to_screen_name": "frostycamel", "is_quote_status": false, "id": 923725041036136448, "source": "<a href=\"http://twitter.com/download/android\" rel=\"nofollow\">Twitter for Android</a>", "in_reply_to_user_id_str": "905095603297943554"}, "profile_background_image_url_https": "https://abs.twimg.com/images/themes/theme1/bg.png", "contributors_enabled": false, "screen_name": "wales4me", "profile_background_tile": false, "profile_image_url": "http://pbs.twimg.com/profile_images/1479734318/IMG04_normal.JPG", "notifications": false, "protected": false, "profile_text_color": "333333", "id_str": "23783299", "geo_enabled": false, "statuses_count": 31, "verified": false, "has_extended_profile": false, "translator_type": "none", "entities": {"url": {"urls": [{"display_url": "twitter.com/wales4me", "url": "http://t.co/MBuagCc1vd", "expanded_url": "https://twitter.com/wales4me", "indices": [0, 22]}]}, "description": {"urls": []}}, "description": "Enjoying retirement", "profile_image_url_https": "https://pbs.twimg.com/profile_images/1479734318/IMG04_normal.JPG", "followers_count": 1, "friends_count": 37, "time_zone": "Pacific Time (US & Canada)", "utc_offset": -28800, "location": "Concord, California", "created_at": "Wed Mar 11 16:07:12 +0000 2009", "profile_link_color": "1DA1F2", "is_translator": false, "profile_sidebar_fill_color": "DDEEF6", "follow_request_sent": false, "url": "http://t.co/MBuagCc1vd", "following": false, "profile_sidebar_border_color": "C0DEED", "profile_background_image_url": "http://abs.twimg.com/images/themes/theme1/bg.png", "profile_background_color": "C0DEED", "id": 23783299, "is_translation_enabled": false, "default_profile": true, "favourites_count": 20, "listed_count": 0, "name": "Don"}
2017-11-05T22:00:05.191978	{"id_str": "23783299", "utc_offset": -28800, "profile_sidebar_border_color": "C0DEED", "favourites_count": 20, "time_zone": "Pacific Time (US & Canada)", "has_extended_profile": false, "profile_use_background_image": true, "verified": false, "entities": {"url": {"urls": [{"url": "http://t.co/MBuagCc1vd", "indices": [0, 22], "expanded_url": "https://twitter.com/wales4me", "display_url": "twitter.com/wales4me"}]}, "description": {"urls": []}}, "listed_count": 0, "name": "Don", "profile_image_url_https": "https://pbs.twimg.com/profile_images/1479734318/IMG04_normal.JPG", "status": {"id_str": "923725041036136448", "entities": {"symbols": [], "hashtags": [], "urls": [], "user_mentions": [{"id": 905095603297943554, "screen_name": "frostycamel", "indices": [0, 12], "name": "Andy", "id_str": "905095603297943554"}, {"id": 3580248555, "screen_name": "Team_Trump45", "indices": [13, 26], "name": "Trumpism\u2122", "id_str": "3580248555"}, {"id": 25073877, "screen_name": "realDonaldTrump", "indices": [27, 43], "name": "Donald J. Trump", "id_str": "25073877"}]}, "in_reply_to_screen_name": "frostycamel", "retweeted": false, "lang": "en", "coordinates": null, "favorited": false, "is_quote_status": false, "in_reply_to_user_id": 905095603297943554, "truncated": false, "contributors": null, "favorite_count": 0, "created_at": "Fri Oct 27 01:36:26 +0000 2017", "geo": null, "source": "<a href=\"http://twitter.com/download/android\" rel=\"nofollow\">Twitter for Android</a>", "text": "@frostycamel @Team_Trump45 @realDonaldTrump Details.", "in_reply_to_status_id": 923181896858824705, "retweet_count": 0, "place": null, "id": 923725041036136448, "in_reply_to_status_id_str": "923181896858824705", "in_reply_to_user_id_str": "905095603297943554"}, "followers_count": 1, "profile_text_color": "333333", "default_profile": true, "contributors_enabled": false, "created_at": "Wed Mar 11 16:07:12 +0000 2009", "friends_count": 37, "description": "Enjoying retirement", "notifications": false, "url": "http://t.co/MBuagCc1vd", "following": false, "protected": false, "is_translation_enabled": false, "geo_enabled": false, "default_profile_image": false, "profile_background_color": "C0DEED", "profile_sidebar_fill_color": "DDEEF6", "follow_request_sent": false, "profile_image_url": "http://pbs.twimg.com/profile_images/1479734318/IMG04_normal.JPG", "location": "Concord, California", "profile_background_tile": false, "profile_background_image_url": "http://abs.twimg.com/images/themes/theme1/bg.png", "translator_type": "none", "id": 23783299, "screen_name": "wales4me", "profile_link_color": "1DA1F2", "is_translator": false, "statuses_count": 31, "profile_background_image_url_https": "https://abs.twimg.com/images/themes/theme1/bg.png", "lang": "en"}
2017-11-05T23:00:04.478119	{"profile_text_color": "333333", "contributors_enabled": false, "is_translation_enabled": false, "default_profile_image": false, "has_extended_profile": false, "profile_sidebar_border_color": "C0DEED", "profile_image_url": "http://pbs.twimg.com/profile_images/1479734318/IMG04_normal.JPG", "profile_link_color": "1DA1F2", "default_profile": true, "location": "Concord, California", "statuses_count": 31, "translator_type": "none", "profile_sidebar_fill_color": "DDEEF6", "following": false, "screen_name": "wales4me", "profile_use_background_image": true, "status": {"in_reply_to_user_id_str": "905095603297943554", "contributors": null, "coordinates": null, "in_reply_to_user_id": 905095603297943554, "created_at": "Fri Oct 27 01:36:26 +0000 2017", "source": "<a href=\"http://twitter.com/download/android\" rel=\"nofollow\">Twitter for Android</a>", "retweeted": false, "retweet_count": 0, "truncated": false, "favorite_count": 0, "id_str": "923725041036136448", "entities": {"urls": [], "symbols": [], "hashtags": [], "user_mentions": [{"indices": [0, 12], "id_str": "905095603297943554", "id": 905095603297943554, "name": "Andy", "screen_name": "frostycamel"}, {"indices": [13, 26], "id_str": "3580248555", "id": 3580248555, "name": "Trumpism\u2122", "screen_name": "Team_Trump45"}, {"indices": [27, 43], "id_str": "25073877", "id": 25073877, "name": "Donald J. Trump", "screen_name": "realDonaldTrump"}]}, "text": "@frostycamel @Team_Trump45 @realDonaldTrump Details.", "in_reply_to_status_id_str": "923181896858824705", "place": null, "in_reply_to_status_id": 923181896858824705, "geo": null, "favorited": false, "id": 923725041036136448, "in_reply_to_screen_name": "frostycamel", "is_quote_status": false, "lang": "en"}, "profile_background_image_url": "http://abs.twimg.com/images/themes/theme1/bg.png", "listed_count": 0, "profile_image_url_https": "https://pbs.twimg.com/profile_images/1479734318/IMG04_normal.JPG", "profile_background_color": "C0DEED", "geo_enabled": false, "verified": false, "created_at": "Wed Mar 11 16:07:12 +0000 2009", "is_translator": false, "profile_background_image_url_https": "https://abs.twimg.com/images/themes/theme1/bg.png", "friends_count": 37, "description": "Enjoying retirement", "follow_request_sent": false, "favourites_count": 20, "entities": {"url": {"urls": [{"url": "http://t.co/MBuagCc1vd", "indices": [0, 22], "expanded_url": "https://twitter.com/wales4me", "display_url": "twitter.com/wales4me"}]}, "description": {"urls": []}}, "name": "Don", "protected": false, "notifications": false, "profile_background_tile": false, "time_zone": "Pacific Time (US & Canada)", "followers_count": 1, "utc_offset": -28800, "id_str": "23783299", "url": "http://t.co/MBuagCc1vd", "id": 23783299, "lang": "en"}
2017-11-06T00:00:04.605379	{"has_extended_profile": false, "verified": false, "profile_background_image_url": "http://abs.twimg.com/images/themes/theme1/bg.png", "followers_count": 1, "geo_enabled": false, "profile_text_color": "333333", "profile_background_tile": false, "lang": "en", "listed_count": 0, "profile_background_color": "C0DEED", "status": {"text": "@frostycamel @Team_Trump45 @realDonaldTrump Details.", "id_str": "923725041036136448", "in_reply_to_status_id_str": "923181896858824705", "favorite_count": 0, "lang": "en", "in_reply_to_user_id": 905095603297943554, "favorited": false, "source": "<a href=\"http://twitter.com/download/android\" rel=\"nofollow\">Twitter for Android</a>", "in_reply_to_status_id": 923181896858824705, "coordinates": null, "id": 923725041036136448, "in_reply_to_screen_name": "frostycamel", "contributors": null, "place": null, "entities": {"hashtags": [], "urls": [], "user_mentions": [{"name": "Andy", "screen_name": "frostycamel", "id": 905095603297943554, "indices": [0, 12], "id_str": "905095603297943554"}, {"name": "Trumpism\u2122", "screen_name": "Team_Trump45", "id": 3580248555, "indices": [13, 26], "id_str": "3580248555"}, {"name": "Donald J. Trump", "screen_name": "realDonaldTrump", "id": 25073877, "indices": [27, 43], "id_str": "25073877"}], "symbols": []}, "created_at": "Fri Oct 27 01:36:26 +0000 2017", "is_quote_status": false, "retweeted": false, "truncated": false, "geo": null, "in_reply_to_user_id_str": "905095603297943554", "retweet_count": 0}, "favourites_count": 20, "default_profile": true, "protected": false, "id_str": "23783299", "entities": {"url": {"urls": [{"expanded_url": "https://twitter.com/wales4me", "display_url": "twitter.com/wales4me", "indices": [0, 22], "url": "http://t.co/MBuagCc1vd"}]}, "description": {"urls": []}}, "notifications": false, "url": "http://t.co/MBuagCc1vd", "location": "Concord, California", "created_at": "Wed Mar 11 16:07:12 +0000 2009", "profile_sidebar_fill_color": "DDEEF6", "statuses_count": 31, "profile_link_color": "1DA1F2", "following": false, "description": "Enjoying retirement", "follow_request_sent": false, "profile_sidebar_border_color": "C0DEED", "time_zone": "Pacific Time (US & Canada)", "profile_background_image_url_https": "https://abs.twimg.com/images/themes/theme1/bg.png", "friends_count": 37, "translator_type": "none", "is_translation_enabled": false, "screen_name": "wales4me", "id": 23783299, "contributors_enabled": false, "profile_image_url": "http://pbs.twimg.com/profile_images/1479734318/IMG04_normal.JPG", "utc_offset": -28800, "name": "Don", "profile_image_url_https": "https://pbs.twimg.com/profile_images/1479734318/IMG04_normal.JPG", "default_profile_image": false, "profile_use_background_image": true, "is_translator": false}
2017-11-06T01:00:04.843937	{"profile_sidebar_fill_color": "DDEEF6", "screen_name": "wales4me", "profile_link_color": "1DA1F2", "name": "Don", "friends_count": 37, "id_str": "23783299", "favourites_count": 20, "profile_use_background_image": true, "lang": "en", "created_at": "Wed Mar 11 16:07:12 +0000 2009", "url": "http://t.co/MBuagCc1vd", "profile_background_image_url_https": "https://abs.twimg.com/images/themes/theme1/bg.png", "statuses_count": 31, "following": false, "time_zone": "Pacific Time (US & Canada)", "verified": false, "followers_count": 1, "profile_text_color": "333333", "description": "Enjoying retirement", "profile_sidebar_border_color": "C0DEED", "default_profile": true, "profile_background_color": "C0DEED", "profile_background_image_url": "http://abs.twimg.com/images/themes/theme1/bg.png", "id": 23783299, "contributors_enabled": false, "follow_request_sent": false, "translator_type": "none", "profile_image_url_https": "https://pbs.twimg.com/profile_images/1479734318/IMG04_normal.JPG", "is_translator": false, "location": "Concord, California", "entities": {"description": {"urls": []}, "url": {"urls": [{"display_url": "twitter.com/wales4me", "expanded_url": "https://twitter.com/wales4me", "indices": [0, 22], "url": "http://t.co/MBuagCc1vd"}]}}, "listed_count": 0, "profile_image_url": "http://pbs.twimg.com/profile_images/1479734318/IMG04_normal.JPG", "default_profile_image": false, "profile_background_tile": false, "geo_enabled": false, "status": {"in_reply_to_screen_name": "frostycamel", "source": "<a href=\"http://twitter.com/download/android\" rel=\"nofollow\">Twitter for Android</a>", "id_str": "923725041036136448", "is_quote_status": false, "retweet_count": 0, "in_reply_to_status_id": 923181896858824705, "created_at": "Fri Oct 27 01:36:26 +0000 2017", "favorited": false, "in_reply_to_user_id_str": "905095603297943554", "contributors": null, "lang": "en", "coordinates": null, "id": 923725041036136448, "entities": {"user_mentions": [{"id": 905095603297943554, "name": "Andy", "screen_name": "frostycamel", "indices": [0, 12], "id_str": "905095603297943554"}, {"id": 3580248555, "name": "Trumpism\u2122", "screen_name": "Team_Trump45", "indices": [13, 26], "id_str": "3580248555"}, {"id": 25073877, "name": "Donald J. Trump", "screen_name": "realDonaldTrump", "indices": [27, 43], "id_str": "25073877"}], "hashtags": [], "symbols": [], "urls": []}, "in_reply_to_user_id": 905095603297943554, "geo": null, "text": "@frostycamel @Team_Trump45 @realDonaldTrump Details.", "truncated": false, "in_reply_to_status_id_str": "923181896858824705", "favorite_count": 0, "place": null, "retweeted": false}, "is_translation_enabled": false, "protected": false, "has_extended_profile": false, "notifications": false, "utc_offset": -28800}
2017-11-06T02:00:04.111629	{"following": false, "description": "Enjoying retirement", "profile_use_background_image": true, "protected": false, "favourites_count": 20, "time_zone": "Pacific Time (US & Canada)", "has_extended_profile": false, "profile_image_url": "http://pbs.twimg.com/profile_images/1479734318/IMG04_normal.JPG", "id_str": "23783299", "created_at": "Wed Mar 11 16:07:12 +0000 2009", "profile_background_image_url": "http://abs.twimg.com/images/themes/theme1/bg.png", "geo_enabled": false, "is_translator": false, "lang": "en", "followers_count": 1, "profile_link_color": "1DA1F2", "statuses_count": 31, "profile_text_color": "333333", "entities": {"description": {"urls": []}, "url": {"urls": [{"display_url": "twitter.com/wales4me", "expanded_url": "https://twitter.com/wales4me", "indices": [0, 22], "url": "http://t.co/MBuagCc1vd"}]}}, "verified": false, "default_profile_image": false, "utc_offset": -28800, "screen_name": "wales4me", "profile_background_color": "C0DEED", "name": "Don", "profile_background_image_url_https": "https://abs.twimg.com/images/themes/theme1/bg.png", "profile_image_url_https": "https://pbs.twimg.com/profile_images/1479734318/IMG04_normal.JPG", "profile_sidebar_border_color": "C0DEED", "default_profile": true, "profile_background_tile": false, "translator_type": "none", "status": {"in_reply_to_screen_name": "frostycamel", "place": null, "in_reply_to_user_id": 905095603297943554, "in_reply_to_status_id": 923181896858824705, "text": "@frostycamel @Team_Trump45 @realDonaldTrump Details.", "id_str": "923725041036136448", "retweet_count": 0, "lang": "en", "coordinates": null, "retweeted": false, "entities": {"user_mentions": [{"id": 905095603297943554, "screen_name": "frostycamel", "indices": [0, 12], "name": "Andy", "id_str": "905095603297943554"}, {"id": 3580248555, "screen_name": "Team_Trump45", "indices": [13, 26], "name": "Trumpism\u2122", "id_str": "3580248555"}, {"id": 25073877, "screen_name": "realDonaldTrump", "indices": [27, 43], "name": "Donald J. Trump", "id_str": "25073877"}], "urls": [], "hashtags": [], "symbols": []}, "in_reply_to_status_id_str": "923181896858824705", "source": "<a href=\"http://twitter.com/download/android\" rel=\"nofollow\">Twitter for Android</a>", "truncated": false, "contributors": null, "favorite_count": 0, "created_at": "Fri Oct 27 01:36:26 +0000 2017", "geo": null, "id": 923725041036136448, "in_reply_to_user_id_str": "905095603297943554", "favorited": false, "is_quote_status": false}, "listed_count": 0, "contributors_enabled": false, "location": "Concord, California", "is_translation_enabled": false, "url": "http://t.co/MBuagCc1vd", "notifications": false, "profile_sidebar_fill_color": "DDEEF6", "id": 23783299, "follow_request_sent": false, "friends_count": 37}
2017-11-06T03:00:04.691868	{"geo_enabled": false, "profile_background_image_url_https": "https://abs.twimg.com/images/themes/theme1/bg.png", "is_translator": false, "url": "http://t.co/MBuagCc1vd", "profile_sidebar_fill_color": "DDEEF6", "profile_link_color": "1DA1F2", "description": "Enjoying retirement", "verified": false, "default_profile": true, "default_profile_image": false, "lang": "en", "profile_text_color": "333333", "followers_count": 1, "profile_image_url_https": "https://pbs.twimg.com/profile_images/1479734318/IMG04_normal.JPG", "notifications": false, "profile_background_image_url": "http://abs.twimg.com/images/themes/theme1/bg.png", "statuses_count": 31, "profile_image_url": "http://pbs.twimg.com/profile_images/1479734318/IMG04_normal.JPG", "has_extended_profile": false, "listed_count": 0, "contributors_enabled": false, "entities": {"url": {"urls": [{"url": "http://t.co/MBuagCc1vd", "indices": [0, 22], "display_url": "twitter.com/wales4me", "expanded_url": "https://twitter.com/wales4me"}]}, "description": {"urls": []}}, "created_at": "Wed Mar 11 16:07:12 +0000 2009", "name": "Don", "id": 23783299, "protected": false, "status": {"in_reply_to_user_id": 905095603297943554, "contributors": null, "text": "@frostycamel @Team_Trump45 @realDonaldTrump Details.", "entities": {"user_mentions": [{"name": "Andy", "id": 905095603297943554, "id_str": "905095603297943554", "screen_name": "frostycamel", "indices": [0, 12]}, {"name": "Trumpism\u2122", "id": 3580248555, "id_str": "3580248555", "screen_name": "Team_Trump45", "indices": [13, 26]}, {"name": "Donald J. Trump", "id": 25073877, "id_str": "25073877", "screen_name": "realDonaldTrump", "indices": [27, 43]}], "urls": [], "hashtags": [], "symbols": []}, "in_reply_to_status_id_str": "923181896858824705", "favorite_count": 0, "retweeted": false, "favorited": false, "in_reply_to_user_id_str": "905095603297943554", "geo": null, "source": "<a href=\"http://twitter.com/download/android\" rel=\"nofollow\">Twitter for Android</a>", "coordinates": null, "in_reply_to_screen_name": "frostycamel", "truncated": false, "created_at": "Fri Oct 27 01:36:26 +0000 2017", "id": 923725041036136448, "retweet_count": 0, "lang": "en", "id_str": "923725041036136448", "is_quote_status": false, "place": null, "in_reply_to_status_id": 923181896858824705}, "profile_background_color": "C0DEED", "favourites_count": 20, "translator_type": "none", "time_zone": "Pacific Time (US & Canada)", "id_str": "23783299", "screen_name": "wales4me", "location": "Concord, California", "following": false, "follow_request_sent": false, "profile_sidebar_border_color": "C0DEED", "friends_count": 37, "profile_background_tile": false, "utc_offset": -28800, "is_translation_enabled": false, "profile_use_background_image": true}
2017-11-06T04:00:04.926214	{"profile_text_color": "333333", "default_profile_image": false, "statuses_count": 31, "screen_name": "wales4me", "name": "Don", "utc_offset": -28800, "protected": false, "translator_type": "none", "id_str": "23783299", "description": "Enjoying retirement", "status": {"lang": "en", "id_str": "923725041036136448", "in_reply_to_user_id": 905095603297943554, "favorite_count": 0, "truncated": false, "created_at": "Fri Oct 27 01:36:26 +0000 2017", "retweet_count": 0, "in_reply_to_user_id_str": "905095603297943554", "entities": {"urls": [], "symbols": [], "user_mentions": [{"screen_name": "frostycamel", "indices": [0, 12], "id_str": "905095603297943554", "id": 905095603297943554, "name": "Andy"}, {"screen_name": "Team_Trump45", "indices": [13, 26], "id_str": "3580248555", "id": 3580248555, "name": "Trumpism\u2122"}, {"screen_name": "realDonaldTrump", "indices": [27, 43], "id_str": "25073877", "id": 25073877, "name": "Donald J. Trump"}], "hashtags": []}, "is_quote_status": false, "favorited": false, "source": "<a href=\"http://twitter.com/download/android\" rel=\"nofollow\">Twitter for Android</a>", "id": 923725041036136448, "in_reply_to_status_id": 923181896858824705, "in_reply_to_status_id_str": "923181896858824705", "place": null, "in_reply_to_screen_name": "frostycamel", "geo": null, "retweeted": false, "text": "@frostycamel @Team_Trump45 @realDonaldTrump Details.", "contributors": null, "coordinates": null}, "location": "Concord, California", "profile_image_url_https": "https://pbs.twimg.com/profile_images/1479734318/IMG04_normal.JPG", "id": 23783299, "is_translation_enabled": false, "created_at": "Wed Mar 11 16:07:12 +0000 2009", "lang": "en", "geo_enabled": false, "profile_background_image_url_https": "https://abs.twimg.com/images/themes/theme1/bg.png", "friends_count": 37, "is_translator": false, "entities": {"description": {"urls": []}, "url": {"urls": [{"indices": [0, 22], "display_url": "twitter.com/wales4me", "expanded_url": "https://twitter.com/wales4me", "url": "http://t.co/MBuagCc1vd"}]}}, "time_zone": "Pacific Time (US & Canada)", "profile_background_color": "C0DEED", "profile_sidebar_border_color": "C0DEED", "listed_count": 0, "profile_link_color": "1DA1F2", "profile_sidebar_fill_color": "DDEEF6", "contributors_enabled": false, "profile_background_tile": false, "url": "http://t.co/MBuagCc1vd", "followers_count": 1, "favourites_count": 20, "default_profile": true, "profile_use_background_image": true, "notifications": false, "follow_request_sent": false, "verified": false, "profile_background_image_url": "http://abs.twimg.com/images/themes/theme1/bg.png", "has_extended_profile": false, "profile_image_url": "http://pbs.twimg.com/profile_images/1479734318/IMG04_normal.JPG", "following": false}
2017-11-06T05:00:04.975719	{"id": 23783299, "profile_sidebar_border_color": "C0DEED", "profile_background_color": "C0DEED", "following": false, "verified": false, "friends_count": 37, "time_zone": "Pacific Time (US & Canada)", "follow_request_sent": false, "default_profile_image": false, "lang": "en", "profile_text_color": "333333", "profile_use_background_image": true, "id_str": "23783299", "listed_count": 0, "profile_background_tile": false, "status": {"id": 923725041036136448, "truncated": false, "favorite_count": 0, "in_reply_to_user_id": 905095603297943554, "text": "@frostycamel @Team_Trump45 @realDonaldTrump Details.", "place": null, "lang": "en", "source": "<a href=\"http://twitter.com/download/android\" rel=\"nofollow\">Twitter for Android</a>", "id_str": "923725041036136448", "favorited": false, "coordinates": null, "in_reply_to_screen_name": "frostycamel", "retweeted": false, "created_at": "Fri Oct 27 01:36:26 +0000 2017", "in_reply_to_status_id": 923181896858824705, "in_reply_to_status_id_str": "923181896858824705", "contributors": null, "in_reply_to_user_id_str": "905095603297943554", "geo": null, "entities": {"urls": [], "symbols": [], "user_mentions": [{"id": 905095603297943554, "id_str": "905095603297943554", "indices": [0, 12], "screen_name": "frostycamel", "name": "Andy"}, {"id": 3580248555, "id_str": "3580248555", "indices": [13, 26], "screen_name": "Team_Trump45", "name": "Trumpism\u2122"}, {"id": 25073877, "id_str": "25073877", "indices": [27, 43], "screen_name": "realDonaldTrump", "name": "Donald J. Trump"}], "hashtags": []}, "is_quote_status": false, "retweet_count": 0}, "url": "http://t.co/MBuagCc1vd", "statuses_count": 31, "created_at": "Wed Mar 11 16:07:12 +0000 2009", "notifications": false, "profile_image_url_https": "https://pbs.twimg.com/profile_images/1479734318/IMG04_normal.JPG", "is_translator": false, "has_extended_profile": false, "geo_enabled": false, "profile_sidebar_fill_color": "DDEEF6", "contributors_enabled": false, "favourites_count": 20, "screen_name": "wales4me", "location": "Concord, California", "profile_image_url": "http://pbs.twimg.com/profile_images/1479734318/IMG04_normal.JPG", "profile_background_image_url": "http://abs.twimg.com/images/themes/theme1/bg.png", "description": "Enjoying retirement", "protected": false, "utc_offset": -28800, "is_translation_enabled": false, "entities": {"description": {"urls": []}, "url": {"urls": [{"url": "http://t.co/MBuagCc1vd", "expanded_url": "https://twitter.com/wales4me", "indices": [0, 22], "display_url": "twitter.com/wales4me"}]}}, "profile_link_color": "1DA1F2", "translator_type": "none", "default_profile": true, "profile_background_image_url_https": "https://abs.twimg.com/images/themes/theme1/bg.png", "followers_count": 1, "name": "Don"}
2017-11-06T06:00:04.060423	{"profile_background_image_url": "http://abs.twimg.com/images/themes/theme1/bg.png", "profile_sidebar_fill_color": "DDEEF6", "statuses_count": 31, "profile_background_image_url_https": "https://abs.twimg.com/images/themes/theme1/bg.png", "created_at": "Wed Mar 11 16:07:12 +0000 2009", "profile_sidebar_border_color": "C0DEED", "entities": {"url": {"urls": [{"url": "http://t.co/MBuagCc1vd", "expanded_url": "https://twitter.com/wales4me", "display_url": "twitter.com/wales4me", "indices": [0, 22]}]}, "description": {"urls": []}}, "protected": false, "has_extended_profile": false, "following": false, "followers_count": 1, "profile_background_color": "C0DEED", "lang": "en", "default_profile": true, "follow_request_sent": false, "description": "Enjoying retirement", "profile_text_color": "333333", "profile_link_color": "1DA1F2", "id_str": "23783299", "location": "Concord, California", "name": "Don", "status": {"lang": "en", "place": null, "created_at": "Fri Oct 27 01:36:26 +0000 2017", "source": "<a href=\"http://twitter.com/download/android\" rel=\"nofollow\">Twitter for Android</a>", "in_reply_to_status_id_str": "923181896858824705", "retweet_count": 0, "in_reply_to_user_id_str": "905095603297943554", "is_quote_status": false, "id_str": "923725041036136448", "truncated": false, "in_reply_to_status_id": 923181896858824705, "in_reply_to_user_id": 905095603297943554, "retweeted": false, "geo": null, "contributors": null, "id": 923725041036136448, "favorited": false, "in_reply_to_screen_name": "frostycamel", "entities": {"user_mentions": [{"name": "Andy", "id": 905095603297943554, "id_str": "905095603297943554", "screen_name": "frostycamel", "indices": [0, 12]}, {"name": "Trumpism\u2122", "id": 3580248555, "id_str": "3580248555", "screen_name": "Team_Trump45", "indices": [13, 26]}, {"name": "Donald J. Trump", "id": 25073877, "id_str": "25073877", "screen_name": "realDonaldTrump", "indices": [27, 43]}], "symbols": [], "urls": [], "hashtags": []}, "favorite_count": 0, "coordinates": null, "text": "@frostycamel @Team_Trump45 @realDonaldTrump Details."}, "profile_image_url_https": "https://pbs.twimg.com/profile_images/1479734318/IMG04_normal.JPG", "notifications": false, "profile_use_background_image": true, "url": "http://t.co/MBuagCc1vd", "profile_background_tile": false, "id": 23783299, "translator_type": "none", "default_profile_image": false, "profile_image_url": "http://pbs.twimg.com/profile_images/1479734318/IMG04_normal.JPG", "favourites_count": 20, "is_translation_enabled": false, "friends_count": 37, "screen_name": "wales4me", "listed_count": 0, "is_translator": false, "verified": false, "contributors_enabled": false, "geo_enabled": false, "time_zone": "Pacific Time (US & Canada)", "utc_offset": -28800}
2017-11-06T07:00:04.251065	{"is_translator": false, "profile_text_color": "333333", "location": "Concord, California", "profile_link_color": "1DA1F2", "utc_offset": -28800, "friends_count": 37, "contributors_enabled": false, "id_str": "23783299", "default_profile_image": false, "id": 23783299, "verified": false, "has_extended_profile": false, "follow_request_sent": false, "translator_type": "none", "profile_image_url_https": "https://pbs.twimg.com/profile_images/1479734318/IMG04_normal.JPG", "default_profile": true, "profile_background_tile": false, "entities": {"description": {"urls": []}, "url": {"urls": [{"expanded_url": "https://twitter.com/wales4me", "url": "http://t.co/MBuagCc1vd", "display_url": "twitter.com/wales4me", "indices": [0, 22]}]}}, "description": "Enjoying retirement", "followers_count": 1, "url": "http://t.co/MBuagCc1vd", "lang": "en", "favourites_count": 20, "profile_sidebar_fill_color": "DDEEF6", "created_at": "Wed Mar 11 16:07:12 +0000 2009", "screen_name": "wales4me", "profile_sidebar_border_color": "C0DEED", "geo_enabled": false, "profile_background_color": "C0DEED", "profile_background_image_url": "http://abs.twimg.com/images/themes/theme1/bg.png", "statuses_count": 31, "name": "Don", "profile_image_url": "http://pbs.twimg.com/profile_images/1479734318/IMG04_normal.JPG", "following": false, "profile_background_image_url_https": "https://abs.twimg.com/images/themes/theme1/bg.png", "status": {"in_reply_to_status_id_str": "923181896858824705", "created_at": "Fri Oct 27 01:36:26 +0000 2017", "source": "<a href=\"http://twitter.com/download/android\" rel=\"nofollow\">Twitter for Android</a>", "id": 923725041036136448, "retweeted": false, "favorited": false, "in_reply_to_screen_name": "frostycamel", "retweet_count": 0, "text": "@frostycamel @Team_Trump45 @realDonaldTrump Details.", "entities": {"hashtags": [], "urls": [], "symbols": [], "user_mentions": [{"id_str": "905095603297943554", "name": "Andy", "screen_name": "frostycamel", "indices": [0, 12], "id": 905095603297943554}, {"id_str": "3580248555", "name": "Trumpism\u2122", "screen_name": "Team_Trump45", "indices": [13, 26], "id": 3580248555}, {"id_str": "25073877", "name": "Donald J. Trump", "screen_name": "realDonaldTrump", "indices": [27, 43], "id": 25073877}]}, "lang": "en", "in_reply_to_user_id_str": "905095603297943554", "in_reply_to_user_id": 905095603297943554, "place": null, "contributors": null, "coordinates": null, "in_reply_to_status_id": 923181896858824705, "favorite_count": 0, "is_quote_status": false, "truncated": false, "geo": null, "id_str": "923725041036136448"}, "profile_use_background_image": true, "listed_count": 0, "protected": false, "is_translation_enabled": false, "notifications": false, "time_zone": "Pacific Time (US & Canada)"}
2017-11-06T08:00:05.021037	{"default_profile": true, "profile_use_background_image": true, "profile_background_color": "C0DEED", "default_profile_image": false, "favourites_count": 20, "notifications": false, "url": "http://t.co/MBuagCc1vd", "description": "Enjoying retirement", "follow_request_sent": false, "contributors_enabled": false, "has_extended_profile": false, "status": {"in_reply_to_user_id": 905095603297943554, "in_reply_to_screen_name": "frostycamel", "retweet_count": 0, "in_reply_to_status_id": 923181896858824705, "entities": {"symbols": [], "user_mentions": [{"indices": [0, 12], "name": "Andy", "screen_name": "frostycamel", "id": 905095603297943554, "id_str": "905095603297943554"}, {"indices": [13, 26], "name": "Trumpism\u2122", "screen_name": "Team_Trump45", "id": 3580248555, "id_str": "3580248555"}, {"indices": [27, 43], "name": "Donald J. Trump", "screen_name": "realDonaldTrump", "id": 25073877, "id_str": "25073877"}], "urls": [], "hashtags": []}, "text": "@frostycamel @Team_Trump45 @realDonaldTrump Details.", "id": 923725041036136448, "geo": null, "lang": "en", "created_at": "Fri Oct 27 01:36:26 +0000 2017", "contributors": null, "in_reply_to_user_id_str": "905095603297943554", "source": "<a href=\"http://twitter.com/download/android\" rel=\"nofollow\">Twitter for Android</a>", "coordinates": null, "retweeted": false, "favorited": false, "in_reply_to_status_id_str": "923181896858824705", "place": null, "favorite_count": 0, "id_str": "923725041036136448", "truncated": false, "is_quote_status": false}, "statuses_count": 31, "profile_text_color": "333333", "entities": {"description": {"urls": []}, "url": {"urls": [{"indices": [0, 22], "display_url": "twitter.com/wales4me", "expanded_url": "https://twitter.com/wales4me", "url": "http://t.co/MBuagCc1vd"}]}}, "utc_offset": -28800, "profile_link_color": "1DA1F2", "screen_name": "wales4me", "id": 23783299, "followers_count": 1, "verified": false, "geo_enabled": false, "lang": "en", "is_translation_enabled": false, "friends_count": 37, "time_zone": "Pacific Time (US & Canada)", "is_translator": false, "translator_type": "none", "profile_sidebar_border_color": "C0DEED", "profile_image_url": "http://pbs.twimg.com/profile_images/1479734318/IMG04_normal.JPG", "profile_background_image_url_https": "https://abs.twimg.com/images/themes/theme1/bg.png", "profile_image_url_https": "https://pbs.twimg.com/profile_images/1479734318/IMG04_normal.JPG", "profile_background_tile": false, "listed_count": 0, "profile_sidebar_fill_color": "DDEEF6", "id_str": "23783299", "protected": false, "profile_background_image_url": "http://abs.twimg.com/images/themes/theme1/bg.png", "name": "Don", "created_at": "Wed Mar 11 16:07:12 +0000 2009", "following": false, "location": "Concord, California"}
2017-11-06T09:00:04.344732	{"profile_background_color": "C0DEED", "translator_type": "none", "is_translator": false, "profile_sidebar_border_color": "C0DEED", "lang": "en", "contributors_enabled": false, "id_str": "23783299", "profile_image_url": "http://pbs.twimg.com/profile_images/1479734318/IMG04_normal.JPG", "screen_name": "wales4me", "time_zone": "Pacific Time (US & Canada)", "status": {"geo": null, "text": "@frostycamel @Team_Trump45 @realDonaldTrump Details.", "entities": {"user_mentions": [{"id_str": "905095603297943554", "name": "Andy", "id": 905095603297943554, "indices": [0, 12], "screen_name": "frostycamel"}, {"id_str": "3580248555", "name": "Trumpism\u2122", "id": 3580248555, "indices": [13, 26], "screen_name": "Team_Trump45"}, {"id_str": "25073877", "name": "Donald J. Trump", "id": 25073877, "indices": [27, 43], "screen_name": "realDonaldTrump"}], "urls": [], "hashtags": [], "symbols": []}, "id_str": "923725041036136448", "favorite_count": 0, "created_at": "Fri Oct 27 01:36:26 +0000 2017", "truncated": false, "id": 923725041036136448, "place": null, "source": "<a href=\"http://twitter.com/download/android\" rel=\"nofollow\">Twitter for Android</a>", "in_reply_to_status_id_str": "923181896858824705", "coordinates": null, "retweet_count": 0, "is_quote_status": false, "favorited": false, "contributors": null, "in_reply_to_user_id": 905095603297943554, "in_reply_to_screen_name": "frostycamel", "lang": "en", "retweeted": false, "in_reply_to_user_id_str": "905095603297943554", "in_reply_to_status_id": 923181896858824705}, "name": "Don", "statuses_count": 31, "has_extended_profile": false, "notifications": false, "followers_count": 1, "utc_offset": -28800, "profile_use_background_image": true, "created_at": "Wed Mar 11 16:07:12 +0000 2009", "description": "Enjoying retirement", "default_profile": true, "following": false, "location": "Concord, California", "profile_link_color": "1DA1F2", "profile_background_image_url": "http://abs.twimg.com/images/themes/theme1/bg.png", "protected": false, "profile_sidebar_fill_color": "DDEEF6", "follow_request_sent": false, "profile_background_image_url_https": "https://abs.twimg.com/images/themes/theme1/bg.png", "profile_text_color": "333333", "is_translation_enabled": false, "profile_image_url_https": "https://pbs.twimg.com/profile_images/1479734318/IMG04_normal.JPG", "verified": false, "geo_enabled": false, "url": "http://t.co/MBuagCc1vd", "default_profile_image": false, "favourites_count": 20, "id": 23783299, "friends_count": 37, "listed_count": 0, "entities": {"description": {"urls": []}, "url": {"urls": [{"expanded_url": "https://twitter.com/wales4me", "display_url": "twitter.com/wales4me", "url": "http://t.co/MBuagCc1vd", "indices": [0, 22]}]}}, "profile_background_tile": false}
2017-11-06T10:00:05.039974	{"is_translation_enabled": false, "profile_sidebar_fill_color": "DDEEF6", "profile_image_url": "http://pbs.twimg.com/profile_images/1479734318/IMG04_normal.JPG", "listed_count": 0, "url": "http://t.co/MBuagCc1vd", "profile_sidebar_border_color": "C0DEED", "default_profile_image": false, "friends_count": 37, "created_at": "Wed Mar 11 16:07:12 +0000 2009", "profile_image_url_https": "https://pbs.twimg.com/profile_images/1479734318/IMG04_normal.JPG", "profile_background_image_url": "http://abs.twimg.com/images/themes/theme1/bg.png", "verified": false, "followers_count": 1, "translator_type": "none", "status": {"source": "<a href=\"http://twitter.com/download/android\" rel=\"nofollow\">Twitter for Android</a>", "retweeted": false, "favorited": false, "created_at": "Fri Oct 27 01:36:26 +0000 2017", "favorite_count": 0, "lang": "en", "in_reply_to_status_id_str": "923181896858824705", "in_reply_to_status_id": 923181896858824705, "retweet_count": 0, "is_quote_status": false, "id_str": "923725041036136448", "place": null, "geo": null, "in_reply_to_user_id": 905095603297943554, "id": 923725041036136448, "truncated": false, "coordinates": null, "contributors": null, "text": "@frostycamel @Team_Trump45 @realDonaldTrump Details.", "entities": {"user_mentions": [{"id_str": "905095603297943554", "id": 905095603297943554, "screen_name": "frostycamel", "indices": [0, 12], "name": "Andy"}, {"id_str": "3580248555", "id": 3580248555, "screen_name": "Team_Trump45", "indices": [13, 26], "name": "Trumpism\u2122"}, {"id_str": "25073877", "id": 25073877, "screen_name": "realDonaldTrump", "indices": [27, 43], "name": "Donald J. Trump"}], "hashtags": [], "symbols": [], "urls": []}, "in_reply_to_user_id_str": "905095603297943554", "in_reply_to_screen_name": "frostycamel"}, "profile_link_color": "1DA1F2", "geo_enabled": false, "follow_request_sent": false, "favourites_count": 20, "default_profile": true, "description": "Enjoying retirement", "statuses_count": 31, "lang": "en", "profile_background_image_url_https": "https://abs.twimg.com/images/themes/theme1/bg.png", "profile_background_color": "C0DEED", "name": "Don", "notifications": false, "id": 23783299, "following": false, "contributors_enabled": false, "time_zone": "Pacific Time (US & Canada)", "is_translator": false, "id_str": "23783299", "profile_use_background_image": true, "profile_text_color": "333333", "has_extended_profile": false, "location": "Concord, California", "entities": {"description": {"urls": []}, "url": {"urls": [{"indices": [0, 22], "expanded_url": "https://twitter.com/wales4me", "display_url": "twitter.com/wales4me", "url": "http://t.co/MBuagCc1vd"}]}}, "screen_name": "wales4me", "utc_offset": -28800, "profile_background_tile": false, "protected": false}
2017-11-06T11:00:04.933983	{"profile_image_url": "http://pbs.twimg.com/profile_images/1479734318/IMG04_normal.JPG", "status": {"geo": null, "retweet_count": 0, "favorited": false, "text": "@frostycamel @Team_Trump45 @realDonaldTrump Details.", "entities": {"symbols": [], "urls": [], "hashtags": [], "user_mentions": [{"id": 905095603297943554, "screen_name": "frostycamel", "name": "Andy", "id_str": "905095603297943554", "indices": [0, 12]}, {"id": 3580248555, "screen_name": "Team_Trump45", "name": "Trumpism\u2122", "id_str": "3580248555", "indices": [13, 26]}, {"id": 25073877, "screen_name": "realDonaldTrump", "name": "Donald J. Trump", "id_str": "25073877", "indices": [27, 43]}]}, "id": 923725041036136448, "in_reply_to_user_id_str": "905095603297943554", "is_quote_status": false, "coordinates": null, "id_str": "923725041036136448", "contributors": null, "place": null, "in_reply_to_status_id": 923181896858824705, "retweeted": false, "lang": "en", "favorite_count": 0, "source": "<a href=\"http://twitter.com/download/android\" rel=\"nofollow\">Twitter for Android</a>", "in_reply_to_user_id": 905095603297943554, "truncated": false, "in_reply_to_screen_name": "frostycamel", "in_reply_to_status_id_str": "923181896858824705", "created_at": "Fri Oct 27 01:36:26 +0000 2017"}, "profile_background_image_url_https": "https://abs.twimg.com/images/themes/theme1/bg.png", "profile_background_tile": false, "favourites_count": 20, "geo_enabled": false, "default_profile": true, "entities": {"url": {"urls": [{"display_url": "twitter.com/wales4me", "url": "http://t.co/MBuagCc1vd", "expanded_url": "https://twitter.com/wales4me", "indices": [0, 22]}]}, "description": {"urls": []}}, "following": false, "profile_image_url_https": "https://pbs.twimg.com/profile_images/1479734318/IMG04_normal.JPG", "is_translator": false, "id": 23783299, "profile_sidebar_border_color": "C0DEED", "location": "Concord, California", "statuses_count": 31, "url": "http://t.co/MBuagCc1vd", "time_zone": "Pacific Time (US & Canada)", "translator_type": "none", "default_profile_image": false, "verified": false, "screen_name": "wales4me", "listed_count": 0, "profile_link_color": "1DA1F2", "friends_count": 37, "lang": "en", "utc_offset": -28800, "profile_background_color": "C0DEED", "followers_count": 1, "profile_background_image_url": "http://abs.twimg.com/images/themes/theme1/bg.png", "profile_text_color": "333333", "profile_use_background_image": true, "has_extended_profile": false, "follow_request_sent": false, "description": "Enjoying retirement", "profile_sidebar_fill_color": "DDEEF6", "is_translation_enabled": false, "notifications": false, "contributors_enabled": false, "name": "Don", "id_str": "23783299", "protected": false, "created_at": "Wed Mar 11 16:07:12 +0000 2009"}
2017-11-06T12:00:05.322317	{"description": "Enjoying retirement", "profile_background_image_url_https": "https://abs.twimg.com/images/themes/theme1/bg.png", "listed_count": 0, "statuses_count": 31, "url": "http://t.co/MBuagCc1vd", "entities": {"description": {"urls": []}, "url": {"urls": [{"indices": [0, 22], "expanded_url": "https://twitter.com/wales4me", "url": "http://t.co/MBuagCc1vd", "display_url": "twitter.com/wales4me"}]}}, "contributors_enabled": false, "profile_image_url": "http://pbs.twimg.com/profile_images/1479734318/IMG04_normal.JPG", "following": false, "status": {"is_quote_status": false, "place": null, "in_reply_to_screen_name": "frostycamel", "in_reply_to_user_id_str": "905095603297943554", "entities": {"symbols": [], "hashtags": [], "urls": [], "user_mentions": [{"id": 905095603297943554, "screen_name": "frostycamel", "indices": [0, 12], "name": "Andy", "id_str": "905095603297943554"}, {"id": 3580248555, "screen_name": "Team_Trump45", "indices": [13, 26], "name": "Trumpism\u2122", "id_str": "3580248555"}, {"id": 25073877, "screen_name": "realDonaldTrump", "indices": [27, 43], "name": "Donald J. Trump", "id_str": "25073877"}]}, "id": 923725041036136448, "favorite_count": 0, "in_reply_to_status_id_str": "923181896858824705", "in_reply_to_status_id": 923181896858824705, "id_str": "923725041036136448", "truncated": false, "created_at": "Fri Oct 27 01:36:26 +0000 2017", "coordinates": null, "source": "<a href=\"http://twitter.com/download/android\" rel=\"nofollow\">Twitter for Android</a>", "retweet_count": 0, "in_reply_to_user_id": 905095603297943554, "retweeted": false, "favorited": false, "text": "@frostycamel @Team_Trump45 @realDonaldTrump Details.", "contributors": null, "lang": "en", "geo": null}, "profile_background_tile": false, "profile_sidebar_border_color": "C0DEED", "follow_request_sent": false, "id": 23783299, "profile_background_image_url": "http://abs.twimg.com/images/themes/theme1/bg.png", "location": "Concord, California", "has_extended_profile": false, "verified": false, "profile_image_url_https": "https://pbs.twimg.com/profile_images/1479734318/IMG04_normal.JPG", "is_translation_enabled": false, "id_str": "23783299", "profile_link_color": "1DA1F2", "utc_offset": -28800, "created_at": "Wed Mar 11 16:07:12 +0000 2009", "is_translator": false, "favourites_count": 20, "protected": false, "default_profile_image": false, "name": "Don", "default_profile": true, "friends_count": 37, "notifications": false, "profile_use_background_image": true, "translator_type": "none", "profile_background_color": "C0DEED", "geo_enabled": false, "screen_name": "wales4me", "followers_count": 1, "profile_text_color": "333333", "lang": "en", "time_zone": "Pacific Time (US & Canada)", "profile_sidebar_fill_color": "DDEEF6"}
2017-11-06T13:00:04.874451	{"verified": false, "translator_type": "none", "protected": false, "time_zone": "Pacific Time (US & Canada)", "id": 23783299, "screen_name": "wales4me", "utc_offset": -28800, "profile_sidebar_border_color": "C0DEED", "profile_background_image_url_https": "https://abs.twimg.com/images/themes/theme1/bg.png", "notifications": false, "lang": "en", "profile_link_color": "1DA1F2", "is_translator": false, "location": "Concord, California", "entities": {"description": {"urls": []}, "url": {"urls": [{"display_url": "twitter.com/wales4me", "indices": [0, 22], "url": "http://t.co/MBuagCc1vd", "expanded_url": "https://twitter.com/wales4me"}]}}, "created_at": "Wed Mar 11 16:07:12 +0000 2009", "id_str": "23783299", "profile_sidebar_fill_color": "DDEEF6", "following": false, "followers_count": 1, "favourites_count": 20, "profile_image_url": "http://pbs.twimg.com/profile_images/1479734318/IMG04_normal.JPG", "profile_background_color": "C0DEED", "profile_text_color": "333333", "status": {"in_reply_to_user_id": 905095603297943554, "coordinates": null, "id": 923725041036136448, "source": "<a href=\"http://twitter.com/download/android\" rel=\"nofollow\">Twitter for Android</a>", "text": "@frostycamel @Team_Trump45 @realDonaldTrump Details.", "in_reply_to_screen_name": "frostycamel", "entities": {"symbols": [], "urls": [], "user_mentions": [{"indices": [0, 12], "id_str": "905095603297943554", "name": "Andy", "screen_name": "frostycamel", "id": 905095603297943554}, {"indices": [13, 26], "id_str": "3580248555", "name": "Trumpism\u2122", "screen_name": "Team_Trump45", "id": 3580248555}, {"indices": [27, 43], "id_str": "25073877", "name": "Donald J. Trump", "screen_name": "realDonaldTrump", "id": 25073877}], "hashtags": []}, "created_at": "Fri Oct 27 01:36:26 +0000 2017", "favorited": false, "in_reply_to_status_id_str": "923181896858824705", "is_quote_status": false, "contributors": null, "lang": "en", "id_str": "923725041036136448", "truncated": false, "in_reply_to_status_id": 923181896858824705, "in_reply_to_user_id_str": "905095603297943554", "place": null, "retweet_count": 0, "retweeted": false, "favorite_count": 0, "geo": null}, "listed_count": 0, "friends_count": 37, "profile_background_tile": false, "default_profile": true, "name": "Don", "statuses_count": 31, "description": "Enjoying retirement", "profile_image_url_https": "https://pbs.twimg.com/profile_images/1479734318/IMG04_normal.JPG", "profile_use_background_image": true, "default_profile_image": false, "is_translation_enabled": false, "profile_background_image_url": "http://abs.twimg.com/images/themes/theme1/bg.png", "follow_request_sent": false, "has_extended_profile": false, "url": "http://t.co/MBuagCc1vd", "contributors_enabled": false, "geo_enabled": false}
2017-11-06T14:00:05.216951	{"profile_text_color": "333333", "following": false, "location": "Concord, California", "friends_count": 37, "profile_background_image_url": "http://abs.twimg.com/images/themes/theme1/bg.png", "profile_background_color": "C0DEED", "followers_count": 1, "verified": false, "utc_offset": -28800, "contributors_enabled": false, "profile_link_color": "1DA1F2", "follow_request_sent": false, "time_zone": "Pacific Time (US & Canada)", "geo_enabled": false, "id": 23783299, "is_translator": false, "status": {"in_reply_to_user_id": 905095603297943554, "entities": {"symbols": [], "hashtags": [], "urls": [], "user_mentions": [{"id_str": "905095603297943554", "indices": [0, 12], "screen_name": "frostycamel", "id": 905095603297943554, "name": "Andy"}, {"id_str": "3580248555", "indices": [13, 26], "screen_name": "Team_Trump45", "id": 3580248555, "name": "Trumpism\u2122"}, {"id_str": "25073877", "indices": [27, 43], "screen_name": "realDonaldTrump", "id": 25073877, "name": "Donald J. Trump"}]}, "coordinates": null, "place": null, "favorite_count": 0, "is_quote_status": false, "truncated": false, "source": "<a href=\"http://twitter.com/download/android\" rel=\"nofollow\">Twitter for Android</a>", "id": 923725041036136448, "in_reply_to_screen_name": "frostycamel", "created_at": "Fri Oct 27 01:36:26 +0000 2017", "id_str": "923725041036136448", "lang": "en", "favorited": false, "retweet_count": 0, "retweeted": false, "in_reply_to_status_id": 923181896858824705, "in_reply_to_user_id_str": "905095603297943554", "geo": null, "in_reply_to_status_id_str": "923181896858824705", "text": "@frostycamel @Team_Trump45 @realDonaldTrump Details.", "contributors": null}, "created_at": "Wed Mar 11 16:07:12 +0000 2009", "profile_image_url_https": "https://pbs.twimg.com/profile_images/1479734318/IMG04_normal.JPG", "profile_sidebar_fill_color": "DDEEF6", "has_extended_profile": false, "id_str": "23783299", "url": "http://t.co/MBuagCc1vd", "default_profile_image": false, "profile_image_url": "http://pbs.twimg.com/profile_images/1479734318/IMG04_normal.JPG", "protected": false, "statuses_count": 31, "is_translation_enabled": false, "lang": "en", "profile_background_image_url_https": "https://abs.twimg.com/images/themes/theme1/bg.png", "entities": {"url": {"urls": [{"url": "http://t.co/MBuagCc1vd", "display_url": "twitter.com/wales4me", "expanded_url": "https://twitter.com/wales4me", "indices": [0, 22]}]}, "description": {"urls": []}}, "name": "Don", "translator_type": "none", "listed_count": 0, "notifications": false, "screen_name": "wales4me", "profile_use_background_image": true, "favourites_count": 20, "profile_sidebar_border_color": "C0DEED", "description": "Enjoying retirement", "profile_background_tile": false, "default_profile": true}
2017-11-06T15:00:05.229774	{"has_extended_profile": false, "following": false, "profile_link_color": "1DA1F2", "statuses_count": 31, "notifications": false, "contributors_enabled": false, "translator_type": "none", "is_translator": false, "profile_sidebar_border_color": "C0DEED", "default_profile_image": false, "is_translation_enabled": false, "default_profile": true, "utc_offset": -28800, "geo_enabled": false, "entities": {"description": {"urls": []}, "url": {"urls": [{"expanded_url": "https://twitter.com/wales4me", "display_url": "twitter.com/wales4me", "indices": [0, 22], "url": "http://t.co/MBuagCc1vd"}]}}, "screen_name": "wales4me", "status": {"place": null, "text": "@frostycamel @Team_Trump45 @realDonaldTrump Details.", "favorited": false, "contributors": null, "geo": null, "retweet_count": 0, "created_at": "Fri Oct 27 01:36:26 +0000 2017", "in_reply_to_status_id_str": "923181896858824705", "in_reply_to_user_id": 905095603297943554, "id_str": "923725041036136448", "truncated": false, "id": 923725041036136448, "in_reply_to_status_id": 923181896858824705, "favorite_count": 0, "entities": {"hashtags": [], "symbols": [], "urls": [], "user_mentions": [{"name": "Andy", "id": 905095603297943554, "screen_name": "frostycamel", "indices": [0, 12], "id_str": "905095603297943554"}, {"name": "Trumpism\u2122", "id": 3580248555, "screen_name": "Team_Trump45", "indices": [13, 26], "id_str": "3580248555"}, {"name": "Donald J. Trump", "id": 25073877, "screen_name": "realDonaldTrump", "indices": [27, 43], "id_str": "25073877"}]}, "source": "<a href=\"http://twitter.com/download/android\" rel=\"nofollow\">Twitter for Android</a>", "is_quote_status": false, "in_reply_to_user_id_str": "905095603297943554", "lang": "en", "retweeted": false, "in_reply_to_screen_name": "frostycamel", "coordinates": null}, "id_str": "23783299", "profile_background_color": "C0DEED", "followers_count": 1, "id": 23783299, "description": "Enjoying retirement", "profile_use_background_image": true, "friends_count": 37, "location": "Concord, California", "profile_background_image_url": "http://abs.twimg.com/images/themes/theme1/bg.png", "name": "Don", "created_at": "Wed Mar 11 16:07:12 +0000 2009", "verified": false, "protected": false, "listed_count": 0, "follow_request_sent": false, "url": "http://t.co/MBuagCc1vd", "profile_text_color": "333333", "profile_background_tile": false, "lang": "en", "profile_image_url": "http://pbs.twimg.com/profile_images/1479734318/IMG04_normal.JPG", "profile_background_image_url_https": "https://abs.twimg.com/images/themes/theme1/bg.png", "time_zone": "Pacific Time (US & Canada)", "favourites_count": 20, "profile_image_url_https": "https://pbs.twimg.com/profile_images/1479734318/IMG04_normal.JPG", "profile_sidebar_fill_color": "DDEEF6"}
2017-11-06T16:00:04.507711	{"notifications": false, "contributors_enabled": false, "profile_background_image_url_https": "https://abs.twimg.com/images/themes/theme1/bg.png", "url": "http://t.co/MBuagCc1vd", "is_translation_enabled": false, "profile_link_color": "1DA1F2", "listed_count": 0, "profile_use_background_image": true, "profile_sidebar_border_color": "C0DEED", "entities": {"url": {"urls": [{"expanded_url": "https://twitter.com/wales4me", "display_url": "twitter.com/wales4me", "url": "http://t.co/MBuagCc1vd", "indices": [0, 22]}]}, "description": {"urls": []}}, "profile_image_url_https": "https://pbs.twimg.com/profile_images/1479734318/IMG04_normal.JPG", "is_translator": false, "profile_text_color": "333333", "name": "Don", "profile_background_image_url": "http://abs.twimg.com/images/themes/theme1/bg.png", "screen_name": "wales4me", "follow_request_sent": false, "created_at": "Wed Mar 11 16:07:12 +0000 2009", "status": {"lang": "en", "retweeted": false, "geo": null, "in_reply_to_user_id": 905095603297943554, "in_reply_to_status_id": 923181896858824705, "entities": {"symbols": [], "urls": [], "hashtags": [], "user_mentions": [{"name": "Andy", "id_str": "905095603297943554", "screen_name": "frostycamel", "indices": [0, 12], "id": 905095603297943554}, {"name": "Trumpism\u2122", "id_str": "3580248555", "screen_name": "Team_Trump45", "indices": [13, 26], "id": 3580248555}, {"name": "Donald J. Trump", "id_str": "25073877", "screen_name": "realDonaldTrump", "indices": [27, 43], "id": 25073877}]}, "favorite_count": 0, "contributors": null, "source": "<a href=\"http://twitter.com/download/android\" rel=\"nofollow\">Twitter for Android</a>", "truncated": false, "created_at": "Fri Oct 27 01:36:26 +0000 2017", "retweet_count": 0, "id_str": "923725041036136448", "in_reply_to_user_id_str": "905095603297943554", "coordinates": null, "in_reply_to_status_id_str": "923181896858824705", "in_reply_to_screen_name": "frostycamel", "text": "@frostycamel @Team_Trump45 @realDonaldTrump Details.", "id": 923725041036136448, "is_quote_status": false, "place": null, "favorited": false}, "following": false, "default_profile_image": false, "time_zone": "Pacific Time (US & Canada)", "lang": "en", "protected": false, "statuses_count": 31, "has_extended_profile": false, "default_profile": true, "translator_type": "none", "followers_count": 1, "id_str": "23783299", "geo_enabled": false, "friends_count": 37, "profile_sidebar_fill_color": "DDEEF6", "favourites_count": 20, "profile_image_url": "http://pbs.twimg.com/profile_images/1479734318/IMG04_normal.JPG", "location": "Concord, California", "description": "Enjoying retirement", "id": 23783299, "verified": false, "profile_background_color": "C0DEED", "profile_background_tile": false, "utc_offset": -28800}
2017-11-06T17:00:04.567844	{"has_extended_profile": false, "profile_use_background_image": true, "created_at": "Wed Mar 11 16:07:12 +0000 2009", "id_str": "23783299", "profile_sidebar_border_color": "C0DEED", "location": "Concord, California", "status": {"created_at": "Fri Oct 27 01:36:26 +0000 2017", "text": "@frostycamel @Team_Trump45 @realDonaldTrump Details.", "geo": null, "retweeted": false, "id": 923725041036136448, "in_reply_to_user_id_str": "905095603297943554", "in_reply_to_status_id": 923181896858824705, "contributors": null, "favorited": false, "place": null, "source": "<a href=\"http://twitter.com/download/android\" rel=\"nofollow\">Twitter for Android</a>", "in_reply_to_user_id": 905095603297943554, "entities": {"hashtags": [], "user_mentions": [{"id": 905095603297943554, "indices": [0, 12], "name": "Andy", "screen_name": "frostycamel", "id_str": "905095603297943554"}, {"id": 3580248555, "indices": [13, 26], "name": "Trumpism\u2122", "screen_name": "Team_Trump45", "id_str": "3580248555"}, {"id": 25073877, "indices": [27, 43], "name": "Donald J. Trump", "screen_name": "realDonaldTrump", "id_str": "25073877"}], "symbols": [], "urls": []}, "retweet_count": 0, "lang": "en", "truncated": false, "in_reply_to_status_id_str": "923181896858824705", "favorite_count": 0, "is_quote_status": false, "id_str": "923725041036136448", "coordinates": null, "in_reply_to_screen_name": "frostycamel"}, "utc_offset": -28800, "protected": false, "time_zone": "Pacific Time (US & Canada)", "friends_count": 37, "id": 23783299, "profile_image_url": "http://pbs.twimg.com/profile_images/1479734318/IMG04_normal.JPG", "follow_request_sent": false, "screen_name": "wales4me", "followers_count": 1, "profile_background_image_url_https": "https://abs.twimg.com/images/themes/theme1/bg.png", "verified": false, "profile_link_color": "1DA1F2", "profile_text_color": "333333", "translator_type": "none", "contributors_enabled": false, "notifications": false, "following": false, "is_translation_enabled": false, "geo_enabled": false, "default_profile": true, "profile_background_image_url": "http://abs.twimg.com/images/themes/theme1/bg.png", "entities": {"description": {"urls": []}, "url": {"urls": [{"indices": [0, 22], "display_url": "twitter.com/wales4me", "url": "http://t.co/MBuagCc1vd", "expanded_url": "https://twitter.com/wales4me"}]}}, "description": "Enjoying retirement", "lang": "en", "listed_count": 0, "default_profile_image": false, "profile_background_tile": false, "url": "http://t.co/MBuagCc1vd", "statuses_count": 31, "is_translator": false, "profile_image_url_https": "https://pbs.twimg.com/profile_images/1479734318/IMG04_normal.JPG", "profile_background_color": "C0DEED", "name": "Don", "favourites_count": 20, "profile_sidebar_fill_color": "DDEEF6"}
2017-11-06T18:00:04.991705	{"status": {"in_reply_to_screen_name": "frostycamel", "is_quote_status": false, "id_str": "923725041036136448", "in_reply_to_user_id": 905095603297943554, "text": "@frostycamel @Team_Trump45 @realDonaldTrump Details.", "lang": "en", "favorite_count": 0, "in_reply_to_status_id_str": "923181896858824705", "geo": null, "entities": {"urls": [], "symbols": [], "hashtags": [], "user_mentions": [{"name": "Andy", "screen_name": "frostycamel", "indices": [0, 12], "id": 905095603297943554, "id_str": "905095603297943554"}, {"name": "Trumpism\u2122", "screen_name": "Team_Trump45", "indices": [13, 26], "id": 3580248555, "id_str": "3580248555"}, {"name": "Donald J. Trump", "screen_name": "realDonaldTrump", "indices": [27, 43], "id": 25073877, "id_str": "25073877"}]}, "id": 923725041036136448, "source": "<a href=\"http://twitter.com/download/android\" rel=\"nofollow\">Twitter for Android</a>", "contributors": null, "in_reply_to_status_id": 923181896858824705, "retweet_count": 0, "in_reply_to_user_id_str": "905095603297943554", "created_at": "Fri Oct 27 01:36:26 +0000 2017", "coordinates": null, "place": null, "truncated": false, "favorited": false, "retweeted": false}, "notifications": false, "followers_count": 1, "is_translation_enabled": false, "screen_name": "wales4me", "has_extended_profile": false, "profile_link_color": "1DA1F2", "id_str": "23783299", "contributors_enabled": false, "utc_offset": -28800, "protected": false, "following": false, "location": "Concord, California", "profile_image_url": "http://pbs.twimg.com/profile_images/1479734318/IMG04_normal.JPG", "lang": "en", "default_profile_image": false, "geo_enabled": false, "profile_background_image_url_https": "https://abs.twimg.com/images/themes/theme1/bg.png", "is_translator": false, "profile_background_tile": false, "time_zone": "Pacific Time (US & Canada)", "profile_text_color": "333333", "profile_sidebar_border_color": "C0DEED", "url": "http://t.co/MBuagCc1vd", "name": "Don", "profile_sidebar_fill_color": "DDEEF6", "description": "Enjoying retirement", "verified": false, "id": 23783299, "follow_request_sent": false, "translator_type": "none", "listed_count": 0, "entities": {"description": {"urls": []}, "url": {"urls": [{"display_url": "twitter.com/wales4me", "indices": [0, 22], "expanded_url": "https://twitter.com/wales4me", "url": "http://t.co/MBuagCc1vd"}]}}, "default_profile": true, "statuses_count": 31, "favourites_count": 20, "created_at": "Wed Mar 11 16:07:12 +0000 2009", "friends_count": 37, "profile_background_color": "C0DEED", "profile_background_image_url": "http://abs.twimg.com/images/themes/theme1/bg.png", "profile_image_url_https": "https://pbs.twimg.com/profile_images/1479734318/IMG04_normal.JPG", "profile_use_background_image": true}
2017-11-06T19:00:04.637380	{"lang": "en", "profile_background_tile": false, "utc_offset": -28800, "profile_background_color": "C0DEED", "location": "Concord, California", "screen_name": "wales4me", "verified": false, "followers_count": 1, "notifications": false, "description": "Enjoying retirement", "profile_link_color": "1DA1F2", "default_profile_image": false, "statuses_count": 31, "id": 23783299, "profile_background_image_url_https": "https://abs.twimg.com/images/themes/theme1/bg.png", "profile_sidebar_fill_color": "DDEEF6", "translator_type": "none", "default_profile": true, "time_zone": "Pacific Time (US & Canada)", "profile_sidebar_border_color": "C0DEED", "protected": false, "is_translation_enabled": false, "entities": {"url": {"urls": [{"display_url": "twitter.com/wales4me", "url": "http://t.co/MBuagCc1vd", "expanded_url": "https://twitter.com/wales4me", "indices": [0, 22]}]}, "description": {"urls": []}}, "status": {"lang": "en", "coordinates": null, "truncated": false, "text": "@frostycamel @Team_Trump45 @realDonaldTrump Details.", "in_reply_to_user_id_str": "905095603297943554", "in_reply_to_user_id": 905095603297943554, "id": 923725041036136448, "in_reply_to_screen_name": "frostycamel", "retweet_count": 0, "contributors": null, "entities": {"hashtags": [], "symbols": [], "urls": [], "user_mentions": [{"name": "Andy", "id": 905095603297943554, "screen_name": "frostycamel", "id_str": "905095603297943554", "indices": [0, 12]}, {"name": "Trumpism\u2122", "id": 3580248555, "screen_name": "Team_Trump45", "id_str": "3580248555", "indices": [13, 26]}, {"name": "Donald J. Trump", "id": 25073877, "screen_name": "realDonaldTrump", "id_str": "25073877", "indices": [27, 43]}]}, "in_reply_to_status_id_str": "923181896858824705", "created_at": "Fri Oct 27 01:36:26 +0000 2017", "favorited": false, "geo": null, "is_quote_status": false, "place": null, "in_reply_to_status_id": 923181896858824705, "source": "<a href=\"http://twitter.com/download/android\" rel=\"nofollow\">Twitter for Android</a>", "favorite_count": 0, "retweeted": false, "id_str": "923725041036136448"}, "created_at": "Wed Mar 11 16:07:12 +0000 2009", "name": "Don", "follow_request_sent": false, "listed_count": 0, "geo_enabled": false, "following": false, "profile_background_image_url": "http://abs.twimg.com/images/themes/theme1/bg.png", "has_extended_profile": false, "url": "http://t.co/MBuagCc1vd", "profile_image_url": "http://pbs.twimg.com/profile_images/1479734318/IMG04_normal.JPG", "profile_use_background_image": true, "is_translator": false, "profile_text_color": "333333", "contributors_enabled": false, "favourites_count": 20, "profile_image_url_https": "https://pbs.twimg.com/profile_images/1479734318/IMG04_normal.JPG", "id_str": "23783299", "friends_count": 37}
2017-11-06T20:00:04.848031	{"profile_background_image_url": "http://abs.twimg.com/images/themes/theme1/bg.png", "contributors_enabled": false, "description": "Enjoying retirement", "geo_enabled": false, "status": {"is_quote_status": false, "truncated": false, "in_reply_to_user_id": 905095603297943554, "geo": null, "coordinates": null, "retweet_count": 0, "id_str": "923725041036136448", "favorited": false, "retweeted": false, "in_reply_to_status_id_str": "923181896858824705", "source": "<a href=\"http://twitter.com/download/android\" rel=\"nofollow\">Twitter for Android</a>", "lang": "en", "text": "@frostycamel @Team_Trump45 @realDonaldTrump Details.", "place": null, "favorite_count": 0, "created_at": "Fri Oct 27 01:36:26 +0000 2017", "in_reply_to_user_id_str": "905095603297943554", "in_reply_to_screen_name": "frostycamel", "in_reply_to_status_id": 923181896858824705, "id": 923725041036136448, "entities": {"symbols": [], "user_mentions": [{"screen_name": "frostycamel", "id_str": "905095603297943554", "name": "Andy", "indices": [0, 12], "id": 905095603297943554}, {"screen_name": "Team_Trump45", "id_str": "3580248555", "name": "Trumpism\u2122", "indices": [13, 26], "id": 3580248555}, {"screen_name": "realDonaldTrump", "id_str": "25073877", "name": "Donald J. Trump", "indices": [27, 43], "id": 25073877}], "urls": [], "hashtags": []}, "contributors": null}, "followers_count": 1, "profile_background_image_url_https": "https://abs.twimg.com/images/themes/theme1/bg.png", "profile_use_background_image": true, "translator_type": "none", "id_str": "23783299", "name": "Don", "profile_sidebar_fill_color": "DDEEF6", "follow_request_sent": false, "profile_image_url_https": "https://pbs.twimg.com/profile_images/1479734318/IMG04_normal.JPG", "statuses_count": 31, "protected": false, "lang": "en", "is_translation_enabled": false, "screen_name": "wales4me", "notifications": false, "profile_link_color": "1DA1F2", "profile_background_color": "C0DEED", "url": "http://t.co/MBuagCc1vd", "friends_count": 37, "default_profile": true, "id": 23783299, "profile_image_url": "http://pbs.twimg.com/profile_images/1479734318/IMG04_normal.JPG", "default_profile_image": false, "utc_offset": -28800, "time_zone": "Pacific Time (US & Canada)", "has_extended_profile": false, "location": "Concord, California", "created_at": "Wed Mar 11 16:07:12 +0000 2009", "profile_sidebar_border_color": "C0DEED", "is_translator": false, "profile_background_tile": false, "verified": false, "listed_count": 0, "profile_text_color": "333333", "favourites_count": 20, "entities": {"description": {"urls": []}, "url": {"urls": [{"display_url": "twitter.com/wales4me", "expanded_url": "https://twitter.com/wales4me", "url": "http://t.co/MBuagCc1vd", "indices": [0, 22]}]}}, "following": false}
2017-11-06T21:00:04.952744	{"name": "Don", "followers_count": 1, "profile_image_url": "http://pbs.twimg.com/profile_images/1479734318/IMG04_normal.JPG", "profile_link_color": "1DA1F2", "verified": false, "profile_background_color": "C0DEED", "screen_name": "wales4me", "listed_count": 0, "created_at": "Wed Mar 11 16:07:12 +0000 2009", "description": "Enjoying retirement", "profile_background_image_url_https": "https://abs.twimg.com/images/themes/theme1/bg.png", "protected": false, "profile_background_image_url": "http://abs.twimg.com/images/themes/theme1/bg.png", "profile_background_tile": false, "is_translation_enabled": false, "profile_text_color": "333333", "entities": {"url": {"urls": [{"display_url": "twitter.com/wales4me", "url": "http://t.co/MBuagCc1vd", "indices": [0, 22], "expanded_url": "https://twitter.com/wales4me"}]}, "description": {"urls": []}}, "utc_offset": -28800, "statuses_count": 31, "friends_count": 37, "default_profile_image": false, "status": {"source": "<a href=\"http://twitter.com/download/android\" rel=\"nofollow\">Twitter for Android</a>", "is_quote_status": false, "created_at": "Fri Oct 27 01:36:26 +0000 2017", "lang": "en", "geo": null, "place": null, "entities": {"urls": [], "symbols": [], "user_mentions": [{"name": "Andy", "id_str": "905095603297943554", "indices": [0, 12], "id": 905095603297943554, "screen_name": "frostycamel"}, {"name": "Trumpism\u2122", "id_str": "3580248555", "indices": [13, 26], "id": 3580248555, "screen_name": "Team_Trump45"}, {"name": "Donald J. Trump", "id_str": "25073877", "indices": [27, 43], "id": 25073877, "screen_name": "realDonaldTrump"}], "hashtags": []}, "favorite_count": 0, "text": "@frostycamel @Team_Trump45 @realDonaldTrump Details.", "coordinates": null, "contributors": null, "truncated": false, "id_str": "923725041036136448", "in_reply_to_status_id": 923181896858824705, "retweet_count": 0, "id": 923725041036136448, "retweeted": false, "in_reply_to_status_id_str": "923181896858824705", "in_reply_to_screen_name": "frostycamel", "in_reply_to_user_id": 905095603297943554, "in_reply_to_user_id_str": "905095603297943554", "favorited": false}, "geo_enabled": false, "lang": "en", "id_str": "23783299", "profile_use_background_image": true, "id": 23783299, "time_zone": "Pacific Time (US & Canada)", "profile_sidebar_fill_color": "DDEEF6", "is_translator": false, "translator_type": "none", "favourites_count": 20, "default_profile": true, "profile_image_url_https": "https://pbs.twimg.com/profile_images/1479734318/IMG04_normal.JPG", "follow_request_sent": false, "following": false, "contributors_enabled": false, "profile_sidebar_border_color": "C0DEED", "url": "http://t.co/MBuagCc1vd", "has_extended_profile": false, "notifications": false, "location": "Concord, California"}
2017-11-06T22:00:04.295868	{"contributors_enabled": false, "profile_use_background_image": true, "description": "Enjoying retirement", "url": "http://t.co/MBuagCc1vd", "default_profile": true, "created_at": "Wed Mar 11 16:07:12 +0000 2009", "statuses_count": 31, "geo_enabled": false, "time_zone": "Pacific Time (US & Canada)", "listed_count": 0, "profile_sidebar_fill_color": "DDEEF6", "status": {"retweeted": false, "created_at": "Fri Oct 27 01:36:26 +0000 2017", "in_reply_to_user_id": 905095603297943554, "contributors": null, "truncated": false, "favorited": false, "in_reply_to_status_id": 923181896858824705, "id_str": "923725041036136448", "is_quote_status": false, "text": "@frostycamel @Team_Trump45 @realDonaldTrump Details.", "lang": "en", "entities": {"urls": [], "symbols": [], "user_mentions": [{"name": "Andy", "id": 905095603297943554, "id_str": "905095603297943554", "screen_name": "frostycamel", "indices": [0, 12]}, {"name": "Trumpism\u2122", "id": 3580248555, "id_str": "3580248555", "screen_name": "Team_Trump45", "indices": [13, 26]}, {"name": "Donald J. Trump", "id": 25073877, "id_str": "25073877", "screen_name": "realDonaldTrump", "indices": [27, 43]}], "hashtags": []}, "in_reply_to_screen_name": "frostycamel", "id": 923725041036136448, "coordinates": null, "place": null, "favorite_count": 0, "in_reply_to_user_id_str": "905095603297943554", "source": "<a href=\"http://twitter.com/download/android\" rel=\"nofollow\">Twitter for Android</a>", "in_reply_to_status_id_str": "923181896858824705", "retweet_count": 0, "geo": null}, "followers_count": 1, "profile_image_url_https": "https://pbs.twimg.com/profile_images/1479734318/IMG04_normal.JPG", "location": "Concord, California", "protected": false, "lang": "en", "entities": {"description": {"urls": []}, "url": {"urls": [{"display_url": "twitter.com/wales4me", "indices": [0, 22], "url": "http://t.co/MBuagCc1vd", "expanded_url": "https://twitter.com/wales4me"}]}}, "profile_background_image_url": "http://abs.twimg.com/images/themes/theme1/bg.png", "profile_background_image_url_https": "https://abs.twimg.com/images/themes/theme1/bg.png", "profile_image_url": "http://pbs.twimg.com/profile_images/1479734318/IMG04_normal.JPG", "screen_name": "wales4me", "is_translation_enabled": false, "notifications": false, "default_profile_image": false, "id": 23783299, "is_translator": false, "profile_background_color": "C0DEED", "id_str": "23783299", "friends_count": 37, "profile_background_tile": false, "favourites_count": 20, "profile_link_color": "1DA1F2", "profile_text_color": "333333", "has_extended_profile": false, "verified": false, "utc_offset": -28800, "name": "Don", "translator_type": "none", "following": false, "profile_sidebar_border_color": "C0DEED", "follow_request_sent": false}
2017-11-06T23:00:04.258763	{"profile_background_color": "C0DEED", "following": false, "entities": {"description": {"urls": []}, "url": {"urls": [{"expanded_url": "https://twitter.com/wales4me", "display_url": "twitter.com/wales4me", "url": "http://t.co/MBuagCc1vd", "indices": [0, 22]}]}}, "time_zone": "Pacific Time (US & Canada)", "profile_image_url_https": "https://pbs.twimg.com/profile_images/1479734318/IMG04_normal.JPG", "followers_count": 1, "name": "Don", "id": 23783299, "default_profile": true, "profile_background_image_url_https": "https://abs.twimg.com/images/themes/theme1/bg.png", "has_extended_profile": false, "protected": false, "favourites_count": 20, "statuses_count": 31, "follow_request_sent": false, "profile_image_url": "http://pbs.twimg.com/profile_images/1479734318/IMG04_normal.JPG", "profile_sidebar_fill_color": "DDEEF6", "contributors_enabled": false, "utc_offset": -28800, "is_translation_enabled": false, "location": "Concord, California", "profile_text_color": "333333", "created_at": "Wed Mar 11 16:07:12 +0000 2009", "profile_background_image_url": "http://abs.twimg.com/images/themes/theme1/bg.png", "default_profile_image": false, "profile_use_background_image": true, "url": "http://t.co/MBuagCc1vd", "screen_name": "wales4me", "profile_link_color": "1DA1F2", "lang": "en", "description": "Enjoying retirement", "verified": false, "id_str": "23783299", "notifications": false, "translator_type": "none", "is_translator": false, "profile_background_tile": false, "listed_count": 0, "profile_sidebar_border_color": "C0DEED", "friends_count": 37, "status": {"text": "@frostycamel @Team_Trump45 @realDonaldTrump Details.", "entities": {"urls": [], "hashtags": [], "user_mentions": [{"id": 905095603297943554, "id_str": "905095603297943554", "screen_name": "frostycamel", "indices": [0, 12], "name": "Andy"}, {"id": 3580248555, "id_str": "3580248555", "screen_name": "Team_Trump45", "indices": [13, 26], "name": "Trumpism\u2122"}, {"id": 25073877, "id_str": "25073877", "screen_name": "realDonaldTrump", "indices": [27, 43], "name": "Donald J. Trump"}], "symbols": []}, "is_quote_status": false, "id": 923725041036136448, "place": null, "in_reply_to_status_id": 923181896858824705, "source": "<a href=\"http://twitter.com/download/android\" rel=\"nofollow\">Twitter for Android</a>", "favorited": false, "retweet_count": 0, "in_reply_to_status_id_str": "923181896858824705", "retweeted": false, "geo": null, "in_reply_to_user_id": 905095603297943554, "in_reply_to_screen_name": "frostycamel", "lang": "en", "coordinates": null, "id_str": "923725041036136448", "contributors": null, "favorite_count": 0, "created_at": "Fri Oct 27 01:36:26 +0000 2017", "truncated": false, "in_reply_to_user_id_str": "905095603297943554"}, "geo_enabled": false}
2017-11-07T00:00:04.970498	{"default_profile": true, "following": false, "statuses_count": 31, "translator_type": "none", "profile_background_image_url": "http://abs.twimg.com/images/themes/theme1/bg.png", "profile_text_color": "333333", "description": "Enjoying retirement", "id_str": "23783299", "status": {"source": "<a href=\"http://twitter.com/download/android\" rel=\"nofollow\">Twitter for Android</a>", "in_reply_to_status_id": 923181896858824705, "id": 923725041036136448, "truncated": false, "id_str": "923725041036136448", "favorited": false, "lang": "en", "coordinates": null, "geo": null, "contributors": null, "text": "@frostycamel @Team_Trump45 @realDonaldTrump Details.", "created_at": "Fri Oct 27 01:36:26 +0000 2017", "in_reply_to_user_id": 905095603297943554, "place": null, "in_reply_to_status_id_str": "923181896858824705", "retweeted": false, "favorite_count": 0, "is_quote_status": false, "in_reply_to_user_id_str": "905095603297943554", "retweet_count": 0, "in_reply_to_screen_name": "frostycamel", "entities": {"user_mentions": [{"id": 905095603297943554, "name": "Andy", "screen_name": "frostycamel", "indices": [0, 12], "id_str": "905095603297943554"}, {"id": 3580248555, "name": "Trumpism\u2122", "screen_name": "Team_Trump45", "indices": [13, 26], "id_str": "3580248555"}, {"id": 25073877, "name": "Donald J. Trump", "screen_name": "realDonaldTrump", "indices": [27, 43], "id_str": "25073877"}], "urls": [], "symbols": [], "hashtags": []}}, "is_translator": false, "contributors_enabled": false, "follow_request_sent": false, "url": "http://t.co/MBuagCc1vd", "profile_link_color": "1DA1F2", "protected": false, "screen_name": "wales4me", "name": "Don", "profile_background_image_url_https": "https://abs.twimg.com/images/themes/theme1/bg.png", "profile_sidebar_border_color": "C0DEED", "geo_enabled": false, "default_profile_image": false, "profile_background_color": "C0DEED", "notifications": false, "is_translation_enabled": false, "has_extended_profile": false, "friends_count": 37, "profile_image_url_https": "https://pbs.twimg.com/profile_images/1479734318/IMG04_normal.JPG", "location": "Concord, California", "followers_count": 1, "profile_use_background_image": true, "created_at": "Wed Mar 11 16:07:12 +0000 2009", "profile_sidebar_fill_color": "DDEEF6", "lang": "en", "id": 23783299, "favourites_count": 20, "verified": false, "entities": {"description": {"urls": []}, "url": {"urls": [{"indices": [0, 22], "display_url": "twitter.com/wales4me", "expanded_url": "https://twitter.com/wales4me", "url": "http://t.co/MBuagCc1vd"}]}}, "time_zone": "Pacific Time (US & Canada)", "profile_image_url": "http://pbs.twimg.com/profile_images/1479734318/IMG04_normal.JPG", "listed_count": 0, "utc_offset": -28800, "profile_background_tile": false}
2017-11-07T01:00:04.485193	{"followers_count": 1, "default_profile_image": false, "contributors_enabled": false, "geo_enabled": false, "listed_count": 0, "profile_sidebar_border_color": "C0DEED", "lang": "en", "profile_image_url_https": "https://pbs.twimg.com/profile_images/1479734318/IMG04_normal.JPG", "favourites_count": 20, "status": {"retweet_count": 0, "coordinates": null, "id": 923725041036136448, "lang": "en", "text": "@frostycamel @Team_Trump45 @realDonaldTrump Details.", "favorited": false, "favorite_count": 0, "in_reply_to_user_id": 905095603297943554, "entities": {"hashtags": [], "symbols": [], "urls": [], "user_mentions": [{"screen_name": "frostycamel", "indices": [0, 12], "id_str": "905095603297943554", "id": 905095603297943554, "name": "Andy"}, {"screen_name": "Team_Trump45", "indices": [13, 26], "id_str": "3580248555", "id": 3580248555, "name": "Trumpism\u2122"}, {"screen_name": "realDonaldTrump", "indices": [27, 43], "id_str": "25073877", "id": 25073877, "name": "Donald J. Trump"}]}, "source": "<a href=\"http://twitter.com/download/android\" rel=\"nofollow\">Twitter for Android</a>", "created_at": "Fri Oct 27 01:36:26 +0000 2017", "in_reply_to_status_id_str": "923181896858824705", "place": null, "in_reply_to_status_id": 923181896858824705, "is_quote_status": false, "truncated": false, "contributors": null, "retweeted": false, "id_str": "923725041036136448", "in_reply_to_user_id_str": "905095603297943554", "geo": null, "in_reply_to_screen_name": "frostycamel"}, "utc_offset": -28800, "entities": {"url": {"urls": [{"url": "http://t.co/MBuagCc1vd", "indices": [0, 22], "display_url": "twitter.com/wales4me", "expanded_url": "https://twitter.com/wales4me"}]}, "description": {"urls": []}}, "translator_type": "none", "verified": false, "profile_use_background_image": true, "profile_background_color": "C0DEED", "follow_request_sent": false, "created_at": "Wed Mar 11 16:07:12 +0000 2009", "has_extended_profile": false, "is_translation_enabled": false, "profile_text_color": "333333", "default_profile": true, "profile_background_tile": false, "url": "http://t.co/MBuagCc1vd", "following": false, "description": "Enjoying retirement", "profile_sidebar_fill_color": "DDEEF6", "name": "Don", "profile_background_image_url_https": "https://abs.twimg.com/images/themes/theme1/bg.png", "location": "Concord, California", "statuses_count": 31, "notifications": false, "profile_background_image_url": "http://abs.twimg.com/images/themes/theme1/bg.png", "profile_link_color": "1DA1F2", "id_str": "23783299", "is_translator": false, "screen_name": "wales4me", "protected": false, "friends_count": 37, "time_zone": "Pacific Time (US & Canada)", "id": 23783299, "profile_image_url": "http://pbs.twimg.com/profile_images/1479734318/IMG04_normal.JPG"}
2017-11-07T02:00:04.345337	{"default_profile": true, "id": 23783299, "profile_background_image_url": "http://abs.twimg.com/images/themes/theme1/bg.png", "status": {"in_reply_to_user_id": 905095603297943554, "id": 923725041036136448, "in_reply_to_user_id_str": "905095603297943554", "is_quote_status": false, "retweeted": false, "lang": "en", "geo": null, "id_str": "923725041036136448", "place": null, "text": "@frostycamel @Team_Trump45 @realDonaldTrump Details.", "in_reply_to_status_id_str": "923181896858824705", "source": "<a href=\"http://twitter.com/download/android\" rel=\"nofollow\">Twitter for Android</a>", "truncated": false, "contributors": null, "favorite_count": 0, "coordinates": null, "retweet_count": 0, "in_reply_to_screen_name": "frostycamel", "favorited": false, "created_at": "Fri Oct 27 01:36:26 +0000 2017", "in_reply_to_status_id": 923181896858824705, "entities": {"hashtags": [], "urls": [], "symbols": [], "user_mentions": [{"screen_name": "frostycamel", "id_str": "905095603297943554", "indices": [0, 12], "name": "Andy", "id": 905095603297943554}, {"screen_name": "Team_Trump45", "id_str": "3580248555", "indices": [13, 26], "name": "Trumpism\u2122", "id": 3580248555}, {"screen_name": "realDonaldTrump", "id_str": "25073877", "indices": [27, 43], "name": "Donald J. Trump", "id": 25073877}]}}, "default_profile_image": false, "profile_use_background_image": true, "location": "Concord, California", "favourites_count": 20, "contributors_enabled": false, "url": "http://t.co/MBuagCc1vd", "lang": "en", "profile_image_url_https": "https://pbs.twimg.com/profile_images/1479734318/IMG04_normal.JPG", "time_zone": "Pacific Time (US & Canada)", "profile_background_color": "C0DEED", "profile_text_color": "333333", "id_str": "23783299", "following": false, "screen_name": "wales4me", "notifications": false, "protected": false, "follow_request_sent": false, "profile_link_color": "1DA1F2", "description": "Enjoying retirement", "listed_count": 0, "profile_sidebar_fill_color": "DDEEF6", "profile_background_image_url_https": "https://abs.twimg.com/images/themes/theme1/bg.png", "name": "Don", "friends_count": 37, "translator_type": "none", "followers_count": 1, "statuses_count": 31, "has_extended_profile": false, "utc_offset": -28800, "is_translation_enabled": false, "is_translator": false, "verified": false, "profile_sidebar_border_color": "C0DEED", "profile_background_tile": false, "geo_enabled": false, "created_at": "Wed Mar 11 16:07:12 +0000 2009", "entities": {"description": {"urls": []}, "url": {"urls": [{"indices": [0, 22], "expanded_url": "https://twitter.com/wales4me", "display_url": "twitter.com/wales4me", "url": "http://t.co/MBuagCc1vd"}]}}, "profile_image_url": "http://pbs.twimg.com/profile_images/1479734318/IMG04_normal.JPG"}
2017-11-07T03:00:05.293923	{"url": "http://t.co/MBuagCc1vd", "name": "Don", "screen_name": "wales4me", "geo_enabled": false, "profile_link_color": "1DA1F2", "translator_type": "none", "profile_image_url": "http://pbs.twimg.com/profile_images/1479734318/IMG04_normal.JPG", "status": {"id": 923725041036136448, "in_reply_to_status_id_str": "923181896858824705", "favorited": false, "in_reply_to_user_id": 905095603297943554, "id_str": "923725041036136448", "in_reply_to_status_id": 923181896858824705, "in_reply_to_screen_name": "frostycamel", "coordinates": null, "entities": {"hashtags": [], "urls": [], "user_mentions": [{"indices": [0, 12], "id": 905095603297943554, "name": "Andy", "id_str": "905095603297943554", "screen_name": "frostycamel"}, {"indices": [13, 26], "id": 3580248555, "name": "Trumpism\u2122", "id_str": "3580248555", "screen_name": "Team_Trump45"}, {"indices": [27, 43], "id": 25073877, "name": "Donald J. Trump", "id_str": "25073877", "screen_name": "realDonaldTrump"}], "symbols": []}, "retweet_count": 0, "in_reply_to_user_id_str": "905095603297943554", "place": null, "retweeted": false, "is_quote_status": false, "favorite_count": 0, "geo": null, "source": "<a href=\"http://twitter.com/download/android\" rel=\"nofollow\">Twitter for Android</a>", "lang": "en", "truncated": false, "contributors": null, "created_at": "Fri Oct 27 01:36:26 +0000 2017", "text": "@frostycamel @Team_Trump45 @realDonaldTrump Details."}, "id_str": "23783299", "profile_background_image_url": "http://abs.twimg.com/images/themes/theme1/bg.png", "statuses_count": 31, "utc_offset": -28800, "description": "Enjoying retirement", "entities": {"url": {"urls": [{"display_url": "twitter.com/wales4me", "url": "http://t.co/MBuagCc1vd", "expanded_url": "https://twitter.com/wales4me", "indices": [0, 22]}]}, "description": {"urls": []}}, "profile_use_background_image": true, "profile_background_color": "C0DEED", "profile_background_image_url_https": "https://abs.twimg.com/images/themes/theme1/bg.png", "profile_sidebar_fill_color": "DDEEF6", "listed_count": 0, "time_zone": "Pacific Time (US & Canada)", "profile_background_tile": false, "default_profile": true, "favourites_count": 20, "profile_text_color": "333333", "followers_count": 1, "is_translation_enabled": false, "verified": false, "id": 23783299, "profile_image_url_https": "https://pbs.twimg.com/profile_images/1479734318/IMG04_normal.JPG", "location": "Concord, California", "default_profile_image": false, "following": false, "notifications": false, "contributors_enabled": false, "lang": "en", "follow_request_sent": false, "profile_sidebar_border_color": "C0DEED", "protected": false, "is_translator": false, "has_extended_profile": false, "created_at": "Wed Mar 11 16:07:12 +0000 2009", "friends_count": 37}
2017-11-07T04:00:04.979227	{"contributors_enabled": false, "name": "Don", "profile_background_color": "C0DEED", "translator_type": "none", "notifications": false, "profile_background_image_url_https": "https://abs.twimg.com/images/themes/theme1/bg.png", "statuses_count": 31, "id": 23783299, "is_translator": false, "geo_enabled": false, "profile_sidebar_border_color": "C0DEED", "default_profile_image": false, "listed_count": 0, "is_translation_enabled": false, "followers_count": 1, "description": "Enjoying retirement", "profile_image_url": "http://pbs.twimg.com/profile_images/1479734318/IMG04_normal.JPG", "profile_image_url_https": "https://pbs.twimg.com/profile_images/1479734318/IMG04_normal.JPG", "favourites_count": 20, "profile_link_color": "1DA1F2", "profile_text_color": "333333", "following": false, "entities": {"description": {"urls": []}, "url": {"urls": [{"expanded_url": "https://twitter.com/wales4me", "display_url": "twitter.com/wales4me", "indices": [0, 22], "url": "http://t.co/MBuagCc1vd"}]}}, "id_str": "23783299", "follow_request_sent": false, "screen_name": "wales4me", "created_at": "Wed Mar 11 16:07:12 +0000 2009", "friends_count": 37, "profile_sidebar_fill_color": "DDEEF6", "url": "http://t.co/MBuagCc1vd", "has_extended_profile": false, "status": {"in_reply_to_status_id": 923181896858824705, "in_reply_to_status_id_str": "923181896858824705", "id": 923725041036136448, "is_quote_status": false, "in_reply_to_user_id": 905095603297943554, "source": "<a href=\"http://twitter.com/download/android\" rel=\"nofollow\">Twitter for Android</a>", "entities": {"symbols": [], "hashtags": [], "urls": [], "user_mentions": [{"screen_name": "frostycamel", "name": "Andy", "id": 905095603297943554, "id_str": "905095603297943554", "indices": [0, 12]}, {"screen_name": "Team_Trump45", "name": "Trumpism\u2122", "id": 3580248555, "id_str": "3580248555", "indices": [13, 26]}, {"screen_name": "realDonaldTrump", "name": "Donald J. Trump", "id": 25073877, "id_str": "25073877", "indices": [27, 43]}]}, "text": "@frostycamel @Team_Trump45 @realDonaldTrump Details.", "retweet_count": 0, "created_at": "Fri Oct 27 01:36:26 +0000 2017", "in_reply_to_screen_name": "frostycamel", "favorite_count": 0, "retweeted": false, "in_reply_to_user_id_str": "905095603297943554", "geo": null, "coordinates": null, "id_str": "923725041036136448", "contributors": null, "truncated": false, "favorited": false, "place": null, "lang": "en"}, "profile_background_tile": false, "verified": false, "profile_background_image_url": "http://abs.twimg.com/images/themes/theme1/bg.png", "profile_use_background_image": true, "default_profile": true, "time_zone": "Pacific Time (US & Canada)", "utc_offset": -28800, "location": "Concord, California", "protected": false, "lang": "en"}
2017-11-07T05:00:03.900115	{"followers_count": 1, "protected": false, "default_profile": true, "profile_sidebar_border_color": "C0DEED", "profile_text_color": "333333", "profile_background_image_url_https": "https://abs.twimg.com/images/themes/theme1/bg.png", "id_str": "23783299", "verified": false, "lang": "en", "contributors_enabled": false, "translator_type": "none", "profile_use_background_image": true, "created_at": "Wed Mar 11 16:07:12 +0000 2009", "status": {"in_reply_to_status_id": 923181896858824705, "favorite_count": 0, "text": "@frostycamel @Team_Trump45 @realDonaldTrump Details.", "lang": "en", "retweet_count": 0, "created_at": "Fri Oct 27 01:36:26 +0000 2017", "in_reply_to_user_id": 905095603297943554, "is_quote_status": false, "place": null, "in_reply_to_user_id_str": "905095603297943554", "in_reply_to_status_id_str": "923181896858824705", "geo": null, "in_reply_to_screen_name": "frostycamel", "retweeted": false, "coordinates": null, "id": 923725041036136448, "favorited": false, "truncated": false, "id_str": "923725041036136448", "contributors": null, "entities": {"hashtags": [], "urls": [], "user_mentions": [{"id_str": "905095603297943554", "name": "Andy", "indices": [0, 12], "id": 905095603297943554, "screen_name": "frostycamel"}, {"id_str": "3580248555", "name": "Trumpism\u2122", "indices": [13, 26], "id": 3580248555, "screen_name": "Team_Trump45"}, {"id_str": "25073877", "name": "Donald J. Trump", "indices": [27, 43], "id": 25073877, "screen_name": "realDonaldTrump"}], "symbols": []}, "source": "<a href=\"http://twitter.com/download/android\" rel=\"nofollow\">Twitter for Android</a>"}, "name": "Don", "follow_request_sent": false, "screen_name": "wales4me", "profile_image_url_https": "https://pbs.twimg.com/profile_images/1479734318/IMG04_normal.JPG", "profile_background_image_url": "http://abs.twimg.com/images/themes/theme1/bg.png", "has_extended_profile": false, "utc_offset": -28800, "url": "http://t.co/MBuagCc1vd", "profile_sidebar_fill_color": "DDEEF6", "favourites_count": 20, "is_translator": false, "description": "Enjoying retirement", "profile_link_color": "1DA1F2", "listed_count": 0, "geo_enabled": false, "notifications": false, "profile_background_color": "C0DEED", "id": 23783299, "time_zone": "Pacific Time (US & Canada)", "friends_count": 37, "location": "Concord, California", "statuses_count": 31, "following": false, "profile_image_url": "http://pbs.twimg.com/profile_images/1479734318/IMG04_normal.JPG", "is_translation_enabled": false, "entities": {"description": {"urls": []}, "url": {"urls": [{"expanded_url": "https://twitter.com/wales4me", "display_url": "twitter.com/wales4me", "indices": [0, 22], "url": "http://t.co/MBuagCc1vd"}]}}, "profile_background_tile": false, "default_profile_image": false}
2017-11-07T06:00:04.853144	{"url": "http://t.co/MBuagCc1vd", "id": 23783299, "following": false, "id_str": "23783299", "profile_text_color": "333333", "is_translator": false, "follow_request_sent": false, "default_profile_image": false, "utc_offset": -28800, "geo_enabled": false, "created_at": "Wed Mar 11 16:07:12 +0000 2009", "listed_count": 0, "status": {"id": 923725041036136448, "coordinates": null, "contributors": null, "in_reply_to_user_id_str": "905095603297943554", "truncated": false, "geo": null, "created_at": "Fri Oct 27 01:36:26 +0000 2017", "in_reply_to_screen_name": "frostycamel", "is_quote_status": false, "entities": {"symbols": [], "user_mentions": [{"screen_name": "frostycamel", "id": 905095603297943554, "id_str": "905095603297943554", "name": "Andy", "indices": [0, 12]}, {"screen_name": "Team_Trump45", "id": 3580248555, "id_str": "3580248555", "name": "Trumpism\u2122", "indices": [13, 26]}, {"screen_name": "realDonaldTrump", "id": 25073877, "id_str": "25073877", "name": "Donald J. Trump", "indices": [27, 43]}], "hashtags": [], "urls": []}, "source": "<a href=\"http://twitter.com/download/android\" rel=\"nofollow\">Twitter for Android</a>", "retweet_count": 0, "favorite_count": 0, "place": null, "text": "@frostycamel @Team_Trump45 @realDonaldTrump Details.", "id_str": "923725041036136448", "in_reply_to_status_id_str": "923181896858824705", "retweeted": false, "lang": "en", "favorited": false, "in_reply_to_status_id": 923181896858824705, "in_reply_to_user_id": 905095603297943554}, "description": "Enjoying retirement", "entities": {"url": {"urls": [{"url": "http://t.co/MBuagCc1vd", "expanded_url": "https://twitter.com/wales4me", "indices": [0, 22], "display_url": "twitter.com/wales4me"}]}, "description": {"urls": []}}, "profile_background_image_url_https": "https://abs.twimg.com/images/themes/theme1/bg.png", "has_extended_profile": false, "name": "Don", "profile_image_url": "http://pbs.twimg.com/profile_images/1479734318/IMG04_normal.JPG", "profile_link_color": "1DA1F2", "screen_name": "wales4me", "verified": false, "statuses_count": 31, "protected": false, "contributors_enabled": false, "profile_use_background_image": true, "profile_background_color": "C0DEED", "location": "Concord, California", "profile_sidebar_fill_color": "DDEEF6", "favourites_count": 20, "profile_image_url_https": "https://pbs.twimg.com/profile_images/1479734318/IMG04_normal.JPG", "translator_type": "none", "friends_count": 37, "followers_count": 1, "default_profile": true, "time_zone": "Pacific Time (US & Canada)", "lang": "en", "is_translation_enabled": false, "profile_sidebar_border_color": "C0DEED", "profile_background_tile": false, "notifications": false, "profile_background_image_url": "http://abs.twimg.com/images/themes/theme1/bg.png"}
2017-11-07T07:00:04.924321	{"followers_count": 1, "profile_sidebar_fill_color": "DDEEF6", "profile_image_url_https": "https://pbs.twimg.com/profile_images/1479734318/IMG04_normal.JPG", "url": "http://t.co/MBuagCc1vd", "default_profile_image": false, "profile_sidebar_border_color": "C0DEED", "geo_enabled": false, "description": "Enjoying retirement", "time_zone": "Pacific Time (US & Canada)", "favourites_count": 20, "profile_background_image_url": "http://abs.twimg.com/images/themes/theme1/bg.png", "entities": {"url": {"urls": [{"expanded_url": "https://twitter.com/wales4me", "indices": [0, 22], "url": "http://t.co/MBuagCc1vd", "display_url": "twitter.com/wales4me"}]}, "description": {"urls": []}}, "notifications": false, "contributors_enabled": false, "profile_background_color": "C0DEED", "lang": "en", "verified": false, "location": "Concord, California", "profile_background_image_url_https": "https://abs.twimg.com/images/themes/theme1/bg.png", "following": false, "id": 23783299, "created_at": "Wed Mar 11 16:07:12 +0000 2009", "default_profile": true, "statuses_count": 31, "status": {"in_reply_to_status_id": 923181896858824705, "retweet_count": 0, "favorite_count": 0, "truncated": false, "coordinates": null, "contributors": null, "id_str": "923725041036136448", "place": null, "entities": {"user_mentions": [{"id_str": "905095603297943554", "name": "Andy", "id": 905095603297943554, "indices": [0, 12], "screen_name": "frostycamel"}, {"id_str": "3580248555", "name": "Trumpism\u2122", "id": 3580248555, "indices": [13, 26], "screen_name": "Team_Trump45"}, {"id_str": "25073877", "name": "Donald J. Trump", "id": 25073877, "indices": [27, 43], "screen_name": "realDonaldTrump"}], "symbols": [], "urls": [], "hashtags": []}, "geo": null, "in_reply_to_user_id_str": "905095603297943554", "source": "<a href=\"http://twitter.com/download/android\" rel=\"nofollow\">Twitter for Android</a>", "lang": "en", "in_reply_to_screen_name": "frostycamel", "favorited": false, "id": 923725041036136448, "created_at": "Fri Oct 27 01:36:26 +0000 2017", "retweeted": false, "is_quote_status": false, "text": "@frostycamel @Team_Trump45 @realDonaldTrump Details.", "in_reply_to_user_id": 905095603297943554, "in_reply_to_status_id_str": "923181896858824705"}, "profile_image_url": "http://pbs.twimg.com/profile_images/1479734318/IMG04_normal.JPG", "name": "Don", "utc_offset": -28800, "is_translation_enabled": false, "has_extended_profile": false, "profile_link_color": "1DA1F2", "id_str": "23783299", "profile_text_color": "333333", "follow_request_sent": false, "screen_name": "wales4me", "protected": false, "translator_type": "none", "profile_use_background_image": true, "profile_background_tile": false, "listed_count": 0, "friends_count": 37, "is_translator": false}
2017-11-07T08:00:04.353154	{"verified": false, "followers_count": 1, "favourites_count": 20, "profile_background_image_url": "http://abs.twimg.com/images/themes/theme1/bg.png", "profile_image_url": "http://pbs.twimg.com/profile_images/1479734318/IMG04_normal.JPG", "protected": false, "description": "Enjoying retirement", "location": "Concord, California", "profile_background_color": "C0DEED", "profile_background_tile": false, "profile_sidebar_border_color": "C0DEED", "is_translation_enabled": false, "name": "Don", "geo_enabled": false, "notifications": false, "profile_link_color": "1DA1F2", "status": {"is_quote_status": false, "place": null, "retweeted": false, "in_reply_to_screen_name": "frostycamel", "in_reply_to_status_id_str": "923181896858824705", "truncated": false, "favorited": false, "favorite_count": 0, "in_reply_to_user_id": 905095603297943554, "id": 923725041036136448, "contributors": null, "retweet_count": 0, "in_reply_to_user_id_str": "905095603297943554", "entities": {"hashtags": [], "urls": [], "user_mentions": [{"id_str": "905095603297943554", "screen_name": "frostycamel", "id": 905095603297943554, "indices": [0, 12], "name": "Andy"}, {"id_str": "3580248555", "screen_name": "Team_Trump45", "id": 3580248555, "indices": [13, 26], "name": "Trumpism\u2122"}, {"id_str": "25073877", "screen_name": "realDonaldTrump", "id": 25073877, "indices": [27, 43], "name": "Donald J. Trump"}], "symbols": []}, "in_reply_to_status_id": 923181896858824705, "geo": null, "source": "<a href=\"http://twitter.com/download/android\" rel=\"nofollow\">Twitter for Android</a>", "created_at": "Fri Oct 27 01:36:26 +0000 2017", "id_str": "923725041036136448", "coordinates": null, "text": "@frostycamel @Team_Trump45 @realDonaldTrump Details.", "lang": "en"}, "url": "http://t.co/MBuagCc1vd", "is_translator": false, "time_zone": "Pacific Time (US & Canada)", "friends_count": 37, "id": 23783299, "profile_text_color": "333333", "created_at": "Wed Mar 11 16:07:12 +0000 2009", "has_extended_profile": false, "profile_image_url_https": "https://pbs.twimg.com/profile_images/1479734318/IMG04_normal.JPG", "profile_use_background_image": true, "screen_name": "wales4me", "profile_background_image_url_https": "https://abs.twimg.com/images/themes/theme1/bg.png", "entities": {"description": {"urls": []}, "url": {"urls": [{"expanded_url": "https://twitter.com/wales4me", "display_url": "twitter.com/wales4me", "url": "http://t.co/MBuagCc1vd", "indices": [0, 22]}]}}, "statuses_count": 31, "listed_count": 0, "contributors_enabled": false, "lang": "en", "follow_request_sent": false, "default_profile": true, "id_str": "23783299", "translator_type": "none", "profile_sidebar_fill_color": "DDEEF6", "utc_offset": -28800, "following": false, "default_profile_image": false}
2017-11-07T09:00:05.419768	{"name": "Don", "entities": {"url": {"urls": [{"url": "http://t.co/MBuagCc1vd", "indices": [0, 22], "display_url": "twitter.com/wales4me", "expanded_url": "https://twitter.com/wales4me"}]}, "description": {"urls": []}}, "id": 23783299, "profile_use_background_image": true, "id_str": "23783299", "following": false, "default_profile": true, "status": {"entities": {"urls": [], "symbols": [], "user_mentions": [{"name": "Andy", "id": 905095603297943554, "indices": [0, 12], "screen_name": "frostycamel", "id_str": "905095603297943554"}, {"name": "Trumpism\u2122", "id": 3580248555, "indices": [13, 26], "screen_name": "Team_Trump45", "id_str": "3580248555"}, {"name": "Donald J. Trump", "id": 25073877, "indices": [27, 43], "screen_name": "realDonaldTrump", "id_str": "25073877"}], "hashtags": []}, "id": 923725041036136448, "truncated": false, "id_str": "923725041036136448", "coordinates": null, "favorite_count": 0, "place": null, "source": "<a href=\"http://twitter.com/download/android\" rel=\"nofollow\">Twitter for Android</a>", "geo": null, "in_reply_to_user_id_str": "905095603297943554", "in_reply_to_user_id": 905095603297943554, "in_reply_to_status_id_str": "923181896858824705", "favorited": false, "lang": "en", "in_reply_to_screen_name": "frostycamel", "text": "@frostycamel @Team_Trump45 @realDonaldTrump Details.", "in_reply_to_status_id": 923181896858824705, "contributors": null, "created_at": "Fri Oct 27 01:36:26 +0000 2017", "retweet_count": 0, "retweeted": false, "is_quote_status": false}, "description": "Enjoying retirement", "contributors_enabled": false, "listed_count": 0, "profile_sidebar_border_color": "C0DEED", "profile_background_image_url_https": "https://abs.twimg.com/images/themes/theme1/bg.png", "url": "http://t.co/MBuagCc1vd", "has_extended_profile": false, "location": "Concord, California", "friends_count": 37, "statuses_count": 31, "lang": "en", "geo_enabled": false, "protected": false, "translator_type": "none", "default_profile_image": false, "followers_count": 1, "screen_name": "wales4me", "favourites_count": 20, "profile_image_url": "http://pbs.twimg.com/profile_images/1479734318/IMG04_normal.JPG", "utc_offset": -28800, "profile_background_image_url": "http://abs.twimg.com/images/themes/theme1/bg.png", "profile_background_tile": false, "verified": false, "is_translator": false, "created_at": "Wed Mar 11 16:07:12 +0000 2009", "is_translation_enabled": false, "follow_request_sent": false, "profile_sidebar_fill_color": "DDEEF6", "profile_background_color": "C0DEED", "profile_image_url_https": "https://pbs.twimg.com/profile_images/1479734318/IMG04_normal.JPG", "profile_text_color": "333333", "notifications": false, "profile_link_color": "1DA1F2", "time_zone": "Pacific Time (US & Canada)"}
2017-11-07T10:00:05.451328	{"follow_request_sent": false, "created_at": "Wed Mar 11 16:07:12 +0000 2009", "protected": false, "statuses_count": 31, "geo_enabled": false, "profile_link_color": "1DA1F2", "profile_image_url_https": "https://pbs.twimg.com/profile_images/1479734318/IMG04_normal.JPG", "profile_text_color": "333333", "profile_sidebar_border_color": "C0DEED", "screen_name": "wales4me", "listed_count": 0, "description": "Enjoying retirement", "is_translation_enabled": false, "profile_background_tile": false, "default_profile": true, "profile_background_image_url": "http://abs.twimg.com/images/themes/theme1/bg.png", "entities": {"url": {"urls": [{"display_url": "twitter.com/wales4me", "indices": [0, 22], "url": "http://t.co/MBuagCc1vd", "expanded_url": "https://twitter.com/wales4me"}]}, "description": {"urls": []}}, "id_str": "23783299", "name": "Don", "profile_sidebar_fill_color": "DDEEF6", "time_zone": "Pacific Time (US & Canada)", "location": "Concord, California", "notifications": false, "profile_use_background_image": true, "id": 23783299, "url": "http://t.co/MBuagCc1vd", "friends_count": 37, "favourites_count": 20, "default_profile_image": false, "translator_type": "none", "followers_count": 1, "profile_image_url": "http://pbs.twimg.com/profile_images/1479734318/IMG04_normal.JPG", "profile_background_image_url_https": "https://abs.twimg.com/images/themes/theme1/bg.png", "following": false, "status": {"is_quote_status": false, "created_at": "Fri Oct 27 01:36:26 +0000 2017", "contributors": null, "coordinates": null, "source": "<a href=\"http://twitter.com/download/android\" rel=\"nofollow\">Twitter for Android</a>", "in_reply_to_status_id": 923181896858824705, "geo": null, "in_reply_to_user_id": 905095603297943554, "retweet_count": 0, "entities": {"symbols": [], "user_mentions": [{"indices": [0, 12], "screen_name": "frostycamel", "id": 905095603297943554, "name": "Andy", "id_str": "905095603297943554"}, {"indices": [13, 26], "screen_name": "Team_Trump45", "id": 3580248555, "name": "Trumpism\u2122", "id_str": "3580248555"}, {"indices": [27, 43], "screen_name": "realDonaldTrump", "id": 25073877, "name": "Donald J. Trump", "id_str": "25073877"}], "hashtags": [], "urls": []}, "id_str": "923725041036136448", "favorite_count": 0, "in_reply_to_user_id_str": "905095603297943554", "retweeted": false, "truncated": false, "id": 923725041036136448, "place": null, "text": "@frostycamel @Team_Trump45 @realDonaldTrump Details.", "favorited": false, "lang": "en", "in_reply_to_status_id_str": "923181896858824705", "in_reply_to_screen_name": "frostycamel"}, "has_extended_profile": false, "profile_background_color": "C0DEED", "lang": "en", "contributors_enabled": false, "is_translator": false, "verified": false, "utc_offset": -28800}
2017-11-07T11:00:04.517551	{"profile_link_color": "1DA1F2", "utc_offset": -28800, "following": false, "profile_background_image_url": "http://abs.twimg.com/images/themes/theme1/bg.png", "lang": "en", "time_zone": "Pacific Time (US & Canada)", "profile_sidebar_border_color": "C0DEED", "status": {"contributors": null, "text": "@frostycamel @Team_Trump45 @realDonaldTrump Details.", "is_quote_status": false, "truncated": false, "place": null, "in_reply_to_user_id_str": "905095603297943554", "in_reply_to_status_id_str": "923181896858824705", "coordinates": null, "retweeted": false, "id_str": "923725041036136448", "in_reply_to_screen_name": "frostycamel", "lang": "en", "entities": {"user_mentions": [{"id_str": "905095603297943554", "id": 905095603297943554, "indices": [0, 12], "name": "Andy", "screen_name": "frostycamel"}, {"id_str": "3580248555", "id": 3580248555, "indices": [13, 26], "name": "Trumpism\u2122", "screen_name": "Team_Trump45"}, {"id_str": "25073877", "id": 25073877, "indices": [27, 43], "name": "Donald J. Trump", "screen_name": "realDonaldTrump"}], "urls": [], "symbols": [], "hashtags": []}, "in_reply_to_user_id": 905095603297943554, "in_reply_to_status_id": 923181896858824705, "created_at": "Fri Oct 27 01:36:26 +0000 2017", "geo": null, "retweet_count": 0, "source": "<a href=\"http://twitter.com/download/android\" rel=\"nofollow\">Twitter for Android</a>", "favorited": false, "id": 923725041036136448, "favorite_count": 0}, "verified": false, "default_profile_image": false, "contributors_enabled": false, "location": "Concord, California", "profile_text_color": "333333", "description": "Enjoying retirement", "is_translation_enabled": false, "profile_use_background_image": true, "url": "http://t.co/MBuagCc1vd", "listed_count": 0, "notifications": false, "profile_background_color": "C0DEED", "geo_enabled": false, "profile_background_image_url_https": "https://abs.twimg.com/images/themes/theme1/bg.png", "profile_image_url_https": "https://pbs.twimg.com/profile_images/1479734318/IMG04_normal.JPG", "screen_name": "wales4me", "id_str": "23783299", "is_translator": false, "follow_request_sent": false, "protected": false, "entities": {"description": {"urls": []}, "url": {"urls": [{"expanded_url": "https://twitter.com/wales4me", "display_url": "twitter.com/wales4me", "url": "http://t.co/MBuagCc1vd", "indices": [0, 22]}]}}, "translator_type": "none", "followers_count": 1, "profile_sidebar_fill_color": "DDEEF6", "created_at": "Wed Mar 11 16:07:12 +0000 2009", "has_extended_profile": false, "name": "Don", "statuses_count": 31, "friends_count": 37, "profile_image_url": "http://pbs.twimg.com/profile_images/1479734318/IMG04_normal.JPG", "favourites_count": 20, "id": 23783299, "profile_background_tile": false, "default_profile": true}
2017-11-07T12:00:04.807184	{"favourites_count": 20, "profile_background_tile": false, "url": "http://t.co/MBuagCc1vd", "following": false, "protected": false, "name": "Don", "profile_background_color": "C0DEED", "time_zone": "Pacific Time (US & Canada)", "followers_count": 1, "profile_sidebar_fill_color": "DDEEF6", "listed_count": 0, "profile_image_url_https": "https://pbs.twimg.com/profile_images/1479734318/IMG04_normal.JPG", "profile_sidebar_border_color": "C0DEED", "contributors_enabled": false, "has_extended_profile": false, "utc_offset": -28800, "profile_image_url": "http://pbs.twimg.com/profile_images/1479734318/IMG04_normal.JPG", "created_at": "Wed Mar 11 16:07:12 +0000 2009", "default_profile": true, "translator_type": "none", "id_str": "23783299", "default_profile_image": false, "description": "Enjoying retirement", "friends_count": 37, "status": {"text": "@frostycamel @Team_Trump45 @realDonaldTrump Details.", "favorited": false, "lang": "en", "in_reply_to_user_id": 905095603297943554, "in_reply_to_status_id_str": "923181896858824705", "created_at": "Fri Oct 27 01:36:26 +0000 2017", "source": "<a href=\"http://twitter.com/download/android\" rel=\"nofollow\">Twitter for Android</a>", "is_quote_status": false, "place": null, "in_reply_to_status_id": 923181896858824705, "id_str": "923725041036136448", "truncated": false, "contributors": null, "id": 923725041036136448, "retweeted": false, "geo": null, "favorite_count": 0, "coordinates": null, "retweet_count": 0, "in_reply_to_screen_name": "frostycamel", "entities": {"urls": [], "hashtags": [], "symbols": [], "user_mentions": [{"id": 905095603297943554, "name": "Andy", "id_str": "905095603297943554", "indices": [0, 12], "screen_name": "frostycamel"}, {"id": 3580248555, "name": "Trumpism\u2122", "id_str": "3580248555", "indices": [13, 26], "screen_name": "Team_Trump45"}, {"id": 25073877, "name": "Donald J. Trump", "id_str": "25073877", "indices": [27, 43], "screen_name": "realDonaldTrump"}]}, "in_reply_to_user_id_str": "905095603297943554"}, "profile_use_background_image": true, "id": 23783299, "follow_request_sent": false, "lang": "en", "location": "Concord, California", "verified": false, "geo_enabled": false, "profile_text_color": "333333", "profile_background_image_url": "http://abs.twimg.com/images/themes/theme1/bg.png", "is_translator": false, "profile_background_image_url_https": "https://abs.twimg.com/images/themes/theme1/bg.png", "screen_name": "wales4me", "statuses_count": 31, "entities": {"url": {"urls": [{"display_url": "twitter.com/wales4me", "url": "http://t.co/MBuagCc1vd", "indices": [0, 22], "expanded_url": "https://twitter.com/wales4me"}]}, "description": {"urls": []}}, "is_translation_enabled": false, "profile_link_color": "1DA1F2", "notifications": false}
2017-11-07T13:00:05.276468	{"default_profile": true, "entities": {"url": {"urls": [{"url": "http://t.co/MBuagCc1vd", "expanded_url": "https://twitter.com/wales4me", "display_url": "twitter.com/wales4me", "indices": [0, 22]}]}, "description": {"urls": []}}, "is_translation_enabled": false, "url": "http://t.co/MBuagCc1vd", "has_extended_profile": false, "geo_enabled": false, "id": 23783299, "profile_text_color": "333333", "statuses_count": 31, "name": "Don", "following": false, "time_zone": "Pacific Time (US & Canada)", "location": "Concord, California", "follow_request_sent": false, "profile_background_color": "C0DEED", "utc_offset": -28800, "created_at": "Wed Mar 11 16:07:12 +0000 2009", "profile_background_image_url_https": "https://abs.twimg.com/images/themes/theme1/bg.png", "verified": false, "profile_background_tile": false, "description": "Enjoying retirement", "profile_use_background_image": true, "followers_count": 1, "profile_background_image_url": "http://abs.twimg.com/images/themes/theme1/bg.png", "contributors_enabled": false, "notifications": false, "profile_image_url_https": "https://pbs.twimg.com/profile_images/1479734318/IMG04_normal.JPG", "favourites_count": 20, "id_str": "23783299", "screen_name": "wales4me", "profile_sidebar_border_color": "C0DEED", "status": {"coordinates": null, "entities": {"symbols": [], "hashtags": [], "user_mentions": [{"name": "Andy", "id": 905095603297943554, "id_str": "905095603297943554", "screen_name": "frostycamel", "indices": [0, 12]}, {"name": "Trumpism\u2122", "id": 3580248555, "id_str": "3580248555", "screen_name": "Team_Trump45", "indices": [13, 26]}, {"name": "Donald J. Trump", "id": 25073877, "id_str": "25073877", "screen_name": "realDonaldTrump", "indices": [27, 43]}], "urls": []}, "text": "@frostycamel @Team_Trump45 @realDonaldTrump Details.", "source": "<a href=\"http://twitter.com/download/android\" rel=\"nofollow\">Twitter for Android</a>", "geo": null, "favorited": false, "id": 923725041036136448, "in_reply_to_user_id_str": "905095603297943554", "favorite_count": 0, "created_at": "Fri Oct 27 01:36:26 +0000 2017", "retweeted": false, "in_reply_to_user_id": 905095603297943554, "in_reply_to_screen_name": "frostycamel", "is_quote_status": false, "retweet_count": 0, "id_str": "923725041036136448", "in_reply_to_status_id_str": "923181896858824705", "in_reply_to_status_id": 923181896858824705, "lang": "en", "truncated": false, "place": null, "contributors": null}, "profile_link_color": "1DA1F2", "profile_image_url": "http://pbs.twimg.com/profile_images/1479734318/IMG04_normal.JPG", "listed_count": 0, "profile_sidebar_fill_color": "DDEEF6", "translator_type": "none", "protected": false, "is_translator": false, "friends_count": 37, "default_profile_image": false, "lang": "en"}
2017-11-07T14:00:04.942452	{"following": false, "contributors_enabled": false, "geo_enabled": false, "notifications": false, "profile_text_color": "333333", "default_profile": true, "translator_type": "none", "friends_count": 37, "profile_background_image_url": "http://abs.twimg.com/images/themes/theme1/bg.png", "verified": false, "profile_background_color": "C0DEED", "is_translation_enabled": false, "followers_count": 1, "utc_offset": -28800, "profile_use_background_image": true, "lang": "en", "url": "http://t.co/MBuagCc1vd", "id": 23783299, "profile_background_image_url_https": "https://abs.twimg.com/images/themes/theme1/bg.png", "id_str": "23783299", "statuses_count": 31, "status": {"geo": null, "favorite_count": 0, "lang": "en", "in_reply_to_status_id": 923181896858824705, "truncated": false, "favorited": false, "contributors": null, "source": "<a href=\"http://twitter.com/download/android\" rel=\"nofollow\">Twitter for Android</a>", "is_quote_status": false, "retweet_count": 0, "coordinates": null, "in_reply_to_status_id_str": "923181896858824705", "id": 923725041036136448, "id_str": "923725041036136448", "in_reply_to_screen_name": "frostycamel", "entities": {"urls": [], "user_mentions": [{"id": 905095603297943554, "screen_name": "frostycamel", "indices": [0, 12], "name": "Andy", "id_str": "905095603297943554"}, {"id": 3580248555, "screen_name": "Team_Trump45", "indices": [13, 26], "name": "Trumpism\u2122", "id_str": "3580248555"}, {"id": 25073877, "screen_name": "realDonaldTrump", "indices": [27, 43], "name": "Donald J. Trump", "id_str": "25073877"}], "symbols": [], "hashtags": []}, "in_reply_to_user_id": 905095603297943554, "retweeted": false, "text": "@frostycamel @Team_Trump45 @realDonaldTrump Details.", "in_reply_to_user_id_str": "905095603297943554", "place": null, "created_at": "Fri Oct 27 01:36:26 +0000 2017"}, "name": "Don", "entities": {"description": {"urls": []}, "url": {"urls": [{"indices": [0, 22], "url": "http://t.co/MBuagCc1vd", "display_url": "twitter.com/wales4me", "expanded_url": "https://twitter.com/wales4me"}]}}, "follow_request_sent": false, "protected": false, "screen_name": "wales4me", "listed_count": 0, "profile_sidebar_border_color": "C0DEED", "profile_background_tile": false, "default_profile_image": false, "description": "Enjoying retirement", "favourites_count": 20, "profile_sidebar_fill_color": "DDEEF6", "location": "Concord, California", "has_extended_profile": false, "time_zone": "Pacific Time (US & Canada)", "created_at": "Wed Mar 11 16:07:12 +0000 2009", "profile_image_url": "http://pbs.twimg.com/profile_images/1479734318/IMG04_normal.JPG", "profile_link_color": "1DA1F2", "profile_image_url_https": "https://pbs.twimg.com/profile_images/1479734318/IMG04_normal.JPG", "is_translator": false}
2017-11-07T15:00:04.811847	{"default_profile": true, "geo_enabled": false, "default_profile_image": false, "id_str": "23783299", "utc_offset": -28800, "profile_image_url": "http://pbs.twimg.com/profile_images/1479734318/IMG04_normal.JPG", "follow_request_sent": false, "profile_use_background_image": true, "entities": {"url": {"urls": [{"url": "http://t.co/MBuagCc1vd", "display_url": "twitter.com/wales4me", "expanded_url": "https://twitter.com/wales4me", "indices": [0, 22]}]}, "description": {"urls": []}}, "is_translation_enabled": false, "location": "Concord, California", "profile_background_color": "C0DEED", "listed_count": 0, "profile_background_image_url_https": "https://abs.twimg.com/images/themes/theme1/bg.png", "status": {"in_reply_to_user_id": 905095603297943554, "coordinates": null, "retweeted": false, "geo": null, "in_reply_to_screen_name": "frostycamel", "favorited": false, "source": "<a href=\"http://twitter.com/download/android\" rel=\"nofollow\">Twitter for Android</a>", "entities": {"hashtags": [], "user_mentions": [{"id": 905095603297943554, "indices": [0, 12], "id_str": "905095603297943554", "screen_name": "frostycamel", "name": "Andy"}, {"id": 3580248555, "indices": [13, 26], "id_str": "3580248555", "screen_name": "Team_Trump45", "name": "Trumpism\u2122"}, {"id": 25073877, "indices": [27, 43], "id_str": "25073877", "screen_name": "realDonaldTrump", "name": "Donald J. Trump"}], "symbols": [], "urls": []}, "retweet_count": 0, "in_reply_to_status_id": 923181896858824705, "in_reply_to_status_id_str": "923181896858824705", "created_at": "Fri Oct 27 01:36:26 +0000 2017", "lang": "en", "id": 923725041036136448, "truncated": false, "favorite_count": 0, "text": "@frostycamel @Team_Trump45 @realDonaldTrump Details.", "is_quote_status": false, "id_str": "923725041036136448", "in_reply_to_user_id_str": "905095603297943554", "place": null, "contributors": null}, "profile_sidebar_fill_color": "DDEEF6", "created_at": "Wed Mar 11 16:07:12 +0000 2009", "description": "Enjoying retirement", "name": "Don", "id": 23783299, "url": "http://t.co/MBuagCc1vd", "has_extended_profile": false, "translator_type": "none", "friends_count": 37, "protected": false, "statuses_count": 31, "favourites_count": 20, "profile_sidebar_border_color": "C0DEED", "lang": "en", "profile_background_tile": false, "contributors_enabled": false, "is_translator": false, "verified": false, "profile_background_image_url": "http://abs.twimg.com/images/themes/theme1/bg.png", "following": false, "screen_name": "wales4me", "profile_link_color": "1DA1F2", "followers_count": 1, "profile_image_url_https": "https://pbs.twimg.com/profile_images/1479734318/IMG04_normal.JPG", "profile_text_color": "333333", "time_zone": "Pacific Time (US & Canada)", "notifications": false}
2017-11-07T16:00:04.865912	{"follow_request_sent": false, "created_at": "Wed Mar 11 16:07:12 +0000 2009", "url": "http://t.co/MBuagCc1vd", "has_extended_profile": false, "default_profile": true, "profile_use_background_image": true, "profile_background_tile": false, "name": "Don", "followers_count": 1, "translator_type": "none", "listed_count": 0, "status": {"created_at": "Fri Oct 27 01:36:26 +0000 2017", "favorited": false, "contributors": null, "in_reply_to_status_id_str": "923181896858824705", "is_quote_status": false, "source": "<a href=\"http://twitter.com/download/android\" rel=\"nofollow\">Twitter for Android</a>", "coordinates": null, "retweeted": false, "retweet_count": 0, "entities": {"hashtags": [], "urls": [], "symbols": [], "user_mentions": [{"name": "Andy", "indices": [0, 12], "id": 905095603297943554, "screen_name": "frostycamel", "id_str": "905095603297943554"}, {"name": "Trumpism\u2122", "indices": [13, 26], "id": 3580248555, "screen_name": "Team_Trump45", "id_str": "3580248555"}, {"name": "Donald J. Trump", "indices": [27, 43], "id": 25073877, "screen_name": "realDonaldTrump", "id_str": "25073877"}]}, "id_str": "923725041036136448", "favorite_count": 0, "text": "@frostycamel @Team_Trump45 @realDonaldTrump Details.", "lang": "en", "in_reply_to_user_id": 905095603297943554, "in_reply_to_status_id": 923181896858824705, "id": 923725041036136448, "in_reply_to_user_id_str": "905095603297943554", "geo": null, "truncated": false, "place": null, "in_reply_to_screen_name": "frostycamel"}, "contributors_enabled": false, "friends_count": 37, "screen_name": "wales4me", "profile_image_url": "http://pbs.twimg.com/profile_images/1479734318/IMG04_normal.JPG", "profile_image_url_https": "https://pbs.twimg.com/profile_images/1479734318/IMG04_normal.JPG", "entities": {"description": {"urls": []}, "url": {"urls": [{"expanded_url": "https://twitter.com/wales4me", "indices": [0, 22], "url": "http://t.co/MBuagCc1vd", "display_url": "twitter.com/wales4me"}]}}, "favourites_count": 20, "id_str": "23783299", "profile_link_color": "1DA1F2", "is_translator": false, "profile_background_color": "C0DEED", "lang": "en", "profile_sidebar_fill_color": "DDEEF6", "profile_sidebar_border_color": "C0DEED", "following": false, "profile_background_image_url": "http://abs.twimg.com/images/themes/theme1/bg.png", "is_translation_enabled": false, "protected": false, "id": 23783299, "notifications": false, "description": "Enjoying retirement", "profile_background_image_url_https": "https://abs.twimg.com/images/themes/theme1/bg.png", "default_profile_image": false, "geo_enabled": false, "utc_offset": -28800, "verified": false, "location": "Concord, California", "profile_text_color": "333333", "statuses_count": 31, "time_zone": "Pacific Time (US & Canada)"}
2017-11-07T17:00:04.695400	{"translator_type": "none", "status": {"id_str": "923725041036136448", "place": null, "truncated": false, "in_reply_to_status_id": 923181896858824705, "text": "@frostycamel @Team_Trump45 @realDonaldTrump Details.", "lang": "en", "in_reply_to_status_id_str": "923181896858824705", "coordinates": null, "geo": null, "retweeted": false, "source": "<a href=\"http://twitter.com/download/android\" rel=\"nofollow\">Twitter for Android</a>", "is_quote_status": false, "retweet_count": 0, "contributors": null, "favorited": false, "entities": {"hashtags": [], "urls": [], "user_mentions": [{"name": "Andy", "screen_name": "frostycamel", "id_str": "905095603297943554", "id": 905095603297943554, "indices": [0, 12]}, {"name": "Trumpism\u2122", "screen_name": "Team_Trump45", "id_str": "3580248555", "id": 3580248555, "indices": [13, 26]}, {"name": "Donald J. Trump", "screen_name": "realDonaldTrump", "id_str": "25073877", "id": 25073877, "indices": [27, 43]}], "symbols": []}, "in_reply_to_screen_name": "frostycamel", "id": 923725041036136448, "created_at": "Fri Oct 27 01:36:26 +0000 2017", "in_reply_to_user_id_str": "905095603297943554", "in_reply_to_user_id": 905095603297943554, "favorite_count": 0}, "profile_link_color": "1DA1F2", "id_str": "23783299", "has_extended_profile": false, "profile_sidebar_border_color": "C0DEED", "name": "Don", "notifications": false, "default_profile_image": false, "is_translator": false, "location": "Concord, California", "friends_count": 37, "profile_sidebar_fill_color": "DDEEF6", "description": "Enjoying retirement", "profile_background_color": "C0DEED", "profile_text_color": "333333", "verified": false, "profile_background_image_url": "http://abs.twimg.com/images/themes/theme1/bg.png", "contributors_enabled": false, "default_profile": true, "profile_background_tile": false, "profile_image_url_https": "https://pbs.twimg.com/profile_images/1479734318/IMG04_normal.JPG", "following": false, "favourites_count": 20, "protected": false, "followers_count": 1, "is_translation_enabled": false, "profile_use_background_image": true, "time_zone": "Pacific Time (US & Canada)", "statuses_count": 31, "url": "http://t.co/MBuagCc1vd", "lang": "en", "utc_offset": -28800, "entities": {"url": {"urls": [{"display_url": "twitter.com/wales4me", "url": "http://t.co/MBuagCc1vd", "expanded_url": "https://twitter.com/wales4me", "indices": [0, 22]}]}, "description": {"urls": []}}, "geo_enabled": false, "id": 23783299, "profile_image_url": "http://pbs.twimg.com/profile_images/1479734318/IMG04_normal.JPG", "created_at": "Wed Mar 11 16:07:12 +0000 2009", "follow_request_sent": false, "screen_name": "wales4me", "profile_background_image_url_https": "https://abs.twimg.com/images/themes/theme1/bg.png", "listed_count": 0}
2017-11-07T18:00:04.772992	{"entities": {"description": {"urls": []}, "url": {"urls": [{"expanded_url": "https://twitter.com/wales4me", "indices": [0, 22], "url": "http://t.co/MBuagCc1vd", "display_url": "twitter.com/wales4me"}]}}, "friends_count": 37, "following": false, "profile_background_tile": false, "profile_use_background_image": true, "profile_sidebar_border_color": "C0DEED", "follow_request_sent": false, "utc_offset": -28800, "profile_background_image_url": "http://abs.twimg.com/images/themes/theme1/bg.png", "is_translator": false, "time_zone": "Pacific Time (US & Canada)", "profile_link_color": "1DA1F2", "name": "Don", "notifications": false, "id": 23783299, "is_translation_enabled": false, "profile_image_url_https": "https://pbs.twimg.com/profile_images/1479734318/IMG04_normal.JPG", "favourites_count": 20, "profile_text_color": "333333", "profile_background_image_url_https": "https://abs.twimg.com/images/themes/theme1/bg.png", "has_extended_profile": false, "profile_sidebar_fill_color": "DDEEF6", "description": "Enjoying retirement", "lang": "en", "status": {"entities": {"user_mentions": [{"id_str": "905095603297943554", "name": "Andy", "id": 905095603297943554, "screen_name": "frostycamel", "indices": [0, 12]}, {"id_str": "3580248555", "name": "Trumpism\u2122", "id": 3580248555, "screen_name": "Team_Trump45", "indices": [13, 26]}, {"id_str": "25073877", "name": "Donald J. Trump", "id": 25073877, "screen_name": "realDonaldTrump", "indices": [27, 43]}], "symbols": [], "hashtags": [], "urls": []}, "lang": "en", "geo": null, "favorited": false, "in_reply_to_user_id": 905095603297943554, "is_quote_status": false, "coordinates": null, "text": "@frostycamel @Team_Trump45 @realDonaldTrump Details.", "in_reply_to_user_id_str": "905095603297943554", "contributors": null, "source": "<a href=\"http://twitter.com/download/android\" rel=\"nofollow\">Twitter for Android</a>", "in_reply_to_status_id_str": "923181896858824705", "in_reply_to_screen_name": "frostycamel", "retweet_count": 0, "created_at": "Fri Oct 27 01:36:26 +0000 2017", "in_reply_to_status_id": 923181896858824705, "retweeted": false, "favorite_count": 0, "id_str": "923725041036136448", "truncated": false, "place": null, "id": 923725041036136448}, "profile_image_url": "http://pbs.twimg.com/profile_images/1479734318/IMG04_normal.JPG", "created_at": "Wed Mar 11 16:07:12 +0000 2009", "translator_type": "none", "contributors_enabled": false, "listed_count": 0, "followers_count": 1, "verified": false, "default_profile": true, "url": "http://t.co/MBuagCc1vd", "statuses_count": 31, "geo_enabled": false, "profile_background_color": "C0DEED", "id_str": "23783299", "location": "Concord, California", "default_profile_image": false, "screen_name": "wales4me", "protected": false}
2017-11-07T19:00:04.716834	{"created_at": "Wed Mar 11 16:07:12 +0000 2009", "location": "Concord, California", "profile_background_image_url": "http://abs.twimg.com/images/themes/theme1/bg.png", "listed_count": 0, "description": "Enjoying retirement", "entities": {"url": {"urls": [{"url": "http://t.co/MBuagCc1vd", "display_url": "twitter.com/wales4me", "expanded_url": "https://twitter.com/wales4me", "indices": [0, 22]}]}, "description": {"urls": []}}, "id_str": "23783299", "utc_offset": -28800, "id": 23783299, "time_zone": "Pacific Time (US & Canada)", "is_translation_enabled": false, "geo_enabled": false, "is_translator": false, "followers_count": 1, "favourites_count": 20, "profile_text_color": "333333", "profile_link_color": "1DA1F2", "profile_image_url_https": "https://pbs.twimg.com/profile_images/1479734318/IMG04_normal.JPG", "screen_name": "wales4me", "contributors_enabled": false, "profile_use_background_image": true, "notifications": false, "default_profile": true, "protected": false, "status": {"created_at": "Fri Oct 27 01:36:26 +0000 2017", "retweeted": false, "entities": {"symbols": [], "user_mentions": [{"screen_name": "frostycamel", "id": 905095603297943554, "name": "Andy", "indices": [0, 12], "id_str": "905095603297943554"}, {"screen_name": "Team_Trump45", "id": 3580248555, "name": "Trumpism\u2122", "indices": [13, 26], "id_str": "3580248555"}, {"screen_name": "realDonaldTrump", "id": 25073877, "name": "Donald J. Trump", "indices": [27, 43], "id_str": "25073877"}], "hashtags": [], "urls": []}, "id_str": "923725041036136448", "id": 923725041036136448, "favorited": false, "retweet_count": 0, "contributors": null, "in_reply_to_screen_name": "frostycamel", "in_reply_to_user_id": 905095603297943554, "truncated": false, "in_reply_to_status_id_str": "923181896858824705", "in_reply_to_status_id": 923181896858824705, "geo": null, "text": "@frostycamel @Team_Trump45 @realDonaldTrump Details.", "source": "<a href=\"http://twitter.com/download/android\" rel=\"nofollow\">Twitter for Android</a>", "is_quote_status": false, "in_reply_to_user_id_str": "905095603297943554", "lang": "en", "favorite_count": 0, "coordinates": null, "place": null}, "profile_sidebar_border_color": "C0DEED", "profile_background_color": "C0DEED", "profile_sidebar_fill_color": "DDEEF6", "lang": "en", "profile_background_image_url_https": "https://abs.twimg.com/images/themes/theme1/bg.png", "follow_request_sent": false, "friends_count": 37, "default_profile_image": false, "verified": false, "has_extended_profile": false, "following": false, "url": "http://t.co/MBuagCc1vd", "profile_background_tile": false, "profile_image_url": "http://pbs.twimg.com/profile_images/1479734318/IMG04_normal.JPG", "name": "Don", "statuses_count": 31, "translator_type": "none"}
2017-11-07T20:00:04.709289	{"follow_request_sent": false, "location": "Concord, California", "name": "Don", "contributors_enabled": false, "profile_sidebar_fill_color": "DDEEF6", "lang": "en", "entities": {"description": {"urls": []}, "url": {"urls": [{"expanded_url": "https://twitter.com/wales4me", "display_url": "twitter.com/wales4me", "indices": [0, 22], "url": "http://t.co/MBuagCc1vd"}]}}, "profile_background_image_url": "http://abs.twimg.com/images/themes/theme1/bg.png", "profile_link_color": "1DA1F2", "created_at": "Wed Mar 11 16:07:12 +0000 2009", "profile_background_image_url_https": "https://abs.twimg.com/images/themes/theme1/bg.png", "friends_count": 37, "geo_enabled": false, "utc_offset": -28800, "profile_sidebar_border_color": "C0DEED", "translator_type": "none", "listed_count": 0, "profile_text_color": "333333", "status": {"in_reply_to_user_id": 905095603297943554, "favorited": false, "in_reply_to_status_id": 923181896858824705, "favorite_count": 0, "lang": "en", "entities": {"urls": [], "user_mentions": [{"id_str": "905095603297943554", "screen_name": "frostycamel", "name": "Andy", "indices": [0, 12], "id": 905095603297943554}, {"id_str": "3580248555", "screen_name": "Team_Trump45", "name": "Trumpism\u2122", "indices": [13, 26], "id": 3580248555}, {"id_str": "25073877", "screen_name": "realDonaldTrump", "name": "Donald J. Trump", "indices": [27, 43], "id": 25073877}], "hashtags": [], "symbols": []}, "retweeted": false, "created_at": "Fri Oct 27 01:36:26 +0000 2017", "truncated": false, "in_reply_to_screen_name": "frostycamel", "contributors": null, "in_reply_to_user_id_str": "905095603297943554", "retweet_count": 0, "coordinates": null, "is_quote_status": false, "in_reply_to_status_id_str": "923181896858824705", "geo": null, "text": "@frostycamel @Team_Trump45 @realDonaldTrump Details.", "source": "<a href=\"http://twitter.com/download/android\" rel=\"nofollow\">Twitter for Android</a>", "id_str": "923725041036136448", "id": 923725041036136448, "place": null}, "is_translator": false, "verified": false, "followers_count": 1, "screen_name": "wales4me", "description": "Enjoying retirement", "profile_use_background_image": true, "url": "http://t.co/MBuagCc1vd", "default_profile_image": false, "profile_image_url": "http://pbs.twimg.com/profile_images/1479734318/IMG04_normal.JPG", "statuses_count": 31, "following": false, "is_translation_enabled": false, "profile_background_tile": false, "protected": false, "time_zone": "Pacific Time (US & Canada)", "notifications": false, "has_extended_profile": false, "favourites_count": 20, "id_str": "23783299", "profile_image_url_https": "https://pbs.twimg.com/profile_images/1479734318/IMG04_normal.JPG", "default_profile": true, "profile_background_color": "C0DEED", "id": 23783299}
2017-11-07T21:00:05.237397	{"is_translation_enabled": false, "profile_background_tile": false, "profile_link_color": "1DA1F2", "url": "http://t.co/MBuagCc1vd", "statuses_count": 31, "entities": {"description": {"urls": []}, "url": {"urls": [{"indices": [0, 22], "expanded_url": "https://twitter.com/wales4me", "url": "http://t.co/MBuagCc1vd", "display_url": "twitter.com/wales4me"}]}}, "default_profile_image": false, "profile_background_image_url": "http://abs.twimg.com/images/themes/theme1/bg.png", "translator_type": "none", "profile_text_color": "333333", "friends_count": 37, "name": "Don", "lang": "en", "follow_request_sent": false, "profile_use_background_image": true, "protected": false, "is_translator": false, "listed_count": 0, "status": {"favorited": false, "geo": null, "entities": {"hashtags": [], "urls": [], "user_mentions": [{"screen_name": "frostycamel", "id_str": "905095603297943554", "name": "Andy", "id": 905095603297943554, "indices": [0, 12]}, {"screen_name": "Team_Trump45", "id_str": "3580248555", "name": "Trumpism\u2122", "id": 3580248555, "indices": [13, 26]}, {"screen_name": "realDonaldTrump", "id_str": "25073877", "name": "Donald J. Trump", "id": 25073877, "indices": [27, 43]}], "symbols": []}, "coordinates": null, "place": null, "in_reply_to_screen_name": "frostycamel", "contributors": null, "truncated": false, "text": "@frostycamel @Team_Trump45 @realDonaldTrump Details.", "in_reply_to_user_id_str": "905095603297943554", "retweeted": false, "lang": "en", "is_quote_status": false, "in_reply_to_status_id": 923181896858824705, "id_str": "923725041036136448", "created_at": "Fri Oct 27 01:36:26 +0000 2017", "id": 923725041036136448, "retweet_count": 0, "favorite_count": 0, "source": "<a href=\"http://twitter.com/download/android\" rel=\"nofollow\">Twitter for Android</a>", "in_reply_to_user_id": 905095603297943554, "in_reply_to_status_id_str": "923181896858824705"}, "followers_count": 1, "geo_enabled": false, "profile_sidebar_fill_color": "DDEEF6", "profile_background_color": "C0DEED", "following": false, "contributors_enabled": false, "favourites_count": 20, "default_profile": true, "id_str": "23783299", "created_at": "Wed Mar 11 16:07:12 +0000 2009", "utc_offset": -28800, "profile_image_url_https": "https://pbs.twimg.com/profile_images/1479734318/IMG04_normal.JPG", "id": 23783299, "profile_background_image_url_https": "https://abs.twimg.com/images/themes/theme1/bg.png", "notifications": false, "profile_image_url": "http://pbs.twimg.com/profile_images/1479734318/IMG04_normal.JPG", "profile_sidebar_border_color": "C0DEED", "screen_name": "wales4me", "has_extended_profile": false, "location": "Concord, California", "description": "Enjoying retirement", "verified": false, "time_zone": "Pacific Time (US & Canada)"}
2017-11-07T22:00:05.207088	{"entities": {"url": {"urls": [{"url": "http://t.co/MBuagCc1vd", "display_url": "twitter.com/wales4me", "expanded_url": "https://twitter.com/wales4me", "indices": [0, 22]}]}, "description": {"urls": []}}, "profile_link_color": "1DA1F2", "profile_background_image_url": "http://abs.twimg.com/images/themes/theme1/bg.png", "verified": false, "favourites_count": 20, "friends_count": 37, "name": "Don", "profile_sidebar_fill_color": "DDEEF6", "follow_request_sent": false, "profile_image_url": "http://pbs.twimg.com/profile_images/1479734318/IMG04_normal.JPG", "following": false, "created_at": "Wed Mar 11 16:07:12 +0000 2009", "default_profile": true, "url": "http://t.co/MBuagCc1vd", "profile_use_background_image": true, "lang": "en", "profile_background_image_url_https": "https://abs.twimg.com/images/themes/theme1/bg.png", "translator_type": "none", "status": {"entities": {"urls": [], "hashtags": [], "user_mentions": [{"indices": [0, 12], "id": 905095603297943554, "id_str": "905095603297943554", "name": "Andy", "screen_name": "frostycamel"}, {"indices": [13, 26], "id": 3580248555, "id_str": "3580248555", "name": "Trumpism\u2122", "screen_name": "Team_Trump45"}, {"indices": [27, 43], "id": 25073877, "id_str": "25073877", "name": "Donald J. Trump", "screen_name": "realDonaldTrump"}], "symbols": []}, "in_reply_to_screen_name": "frostycamel", "favorite_count": 0, "favorited": false, "coordinates": null, "truncated": false, "created_at": "Fri Oct 27 01:36:26 +0000 2017", "place": null, "in_reply_to_user_id": 905095603297943554, "source": "<a href=\"http://twitter.com/download/android\" rel=\"nofollow\">Twitter for Android</a>", "lang": "en", "contributors": null, "geo": null, "text": "@frostycamel @Team_Trump45 @realDonaldTrump Details.", "in_reply_to_status_id": 923181896858824705, "id": 923725041036136448, "retweeted": false, "in_reply_to_user_id_str": "905095603297943554", "is_quote_status": false, "in_reply_to_status_id_str": "923181896858824705", "retweet_count": 0, "id_str": "923725041036136448"}, "has_extended_profile": false, "statuses_count": 31, "profile_background_color": "C0DEED", "listed_count": 0, "geo_enabled": false, "profile_image_url_https": "https://pbs.twimg.com/profile_images/1479734318/IMG04_normal.JPG", "id": 23783299, "protected": false, "screen_name": "wales4me", "notifications": false, "description": "Enjoying retirement", "is_translator": false, "is_translation_enabled": false, "time_zone": "Pacific Time (US & Canada)", "default_profile_image": false, "profile_background_tile": false, "location": "Concord, California", "profile_sidebar_border_color": "C0DEED", "followers_count": 1, "contributors_enabled": false, "utc_offset": -28800, "profile_text_color": "333333", "id_str": "23783299"}
2017-11-07T23:00:04.650580	{"favourites_count": 20, "verified": false, "is_translation_enabled": false, "id_str": "23783299", "is_translator": false, "status": {"contributors": null, "favorited": false, "truncated": false, "coordinates": null, "created_at": "Fri Oct 27 01:36:26 +0000 2017", "is_quote_status": false, "in_reply_to_status_id_str": "923181896858824705", "in_reply_to_screen_name": "frostycamel", "place": null, "text": "@frostycamel @Team_Trump45 @realDonaldTrump Details.", "source": "<a href=\"http://twitter.com/download/android\" rel=\"nofollow\">Twitter for Android</a>", "lang": "en", "id_str": "923725041036136448", "retweeted": false, "geo": null, "in_reply_to_status_id": 923181896858824705, "retweet_count": 0, "favorite_count": 0, "in_reply_to_user_id": 905095603297943554, "in_reply_to_user_id_str": "905095603297943554", "entities": {"symbols": [], "hashtags": [], "urls": [], "user_mentions": [{"screen_name": "frostycamel", "name": "Andy", "id_str": "905095603297943554", "indices": [0, 12], "id": 905095603297943554}, {"screen_name": "Team_Trump45", "name": "Trumpism\u2122", "id_str": "3580248555", "indices": [13, 26], "id": 3580248555}, {"screen_name": "realDonaldTrump", "name": "Donald J. Trump", "id_str": "25073877", "indices": [27, 43], "id": 25073877}]}, "id": 923725041036136448}, "utc_offset": -28800, "screen_name": "wales4me", "name": "Don", "follow_request_sent": false, "friends_count": 37, "default_profile": true, "description": "Enjoying retirement", "profile_image_url": "http://pbs.twimg.com/profile_images/1479734318/IMG04_normal.JPG", "protected": false, "profile_use_background_image": true, "translator_type": "none", "time_zone": "Pacific Time (US & Canada)", "profile_background_image_url": "http://abs.twimg.com/images/themes/theme1/bg.png", "lang": "en", "id": 23783299, "has_extended_profile": false, "geo_enabled": false, "profile_sidebar_border_color": "C0DEED", "followers_count": 1, "profile_background_color": "C0DEED", "notifications": false, "listed_count": 0, "contributors_enabled": false, "profile_background_image_url_https": "https://abs.twimg.com/images/themes/theme1/bg.png", "profile_image_url_https": "https://pbs.twimg.com/profile_images/1479734318/IMG04_normal.JPG", "profile_link_color": "1DA1F2", "following": false, "profile_text_color": "333333", "url": "http://t.co/MBuagCc1vd", "statuses_count": 31, "profile_sidebar_fill_color": "DDEEF6", "default_profile_image": false, "location": "Concord, California", "entities": {"description": {"urls": []}, "url": {"urls": [{"display_url": "twitter.com/wales4me", "expanded_url": "https://twitter.com/wales4me", "url": "http://t.co/MBuagCc1vd", "indices": [0, 22]}]}}, "profile_background_tile": false, "created_at": "Wed Mar 11 16:07:12 +0000 2009"}
2017-11-08T00:00:05.823353	{"time_zone": "Pacific Time (US & Canada)", "created_at": "Wed Mar 11 16:07:12 +0000 2009", "profile_background_image_url": "http://abs.twimg.com/images/themes/theme1/bg.png", "id": 23783299, "has_extended_profile": false, "is_translation_enabled": false, "status": {"text": "@frostycamel @Team_Trump45 @realDonaldTrump Details.", "created_at": "Fri Oct 27 01:36:26 +0000 2017", "id_str": "923725041036136448", "favorited": false, "id": 923725041036136448, "source": "<a href=\"http://twitter.com/download/android\" rel=\"nofollow\">Twitter for Android</a>", "in_reply_to_status_id_str": "923181896858824705", "lang": "en", "in_reply_to_user_id": 905095603297943554, "entities": {"symbols": [], "hashtags": [], "urls": [], "user_mentions": [{"indices": [0, 12], "id": 905095603297943554, "name": "Andy", "id_str": "905095603297943554", "screen_name": "frostycamel"}, {"indices": [13, 26], "id": 3580248555, "name": "Trumpism\u2122", "id_str": "3580248555", "screen_name": "Team_Trump45"}, {"indices": [27, 43], "id": 25073877, "name": "Donald J. Trump", "id_str": "25073877", "screen_name": "realDonaldTrump"}]}, "in_reply_to_screen_name": "frostycamel", "in_reply_to_status_id": 923181896858824705, "truncated": false, "in_reply_to_user_id_str": "905095603297943554", "retweeted": false, "contributors": null, "coordinates": null, "retweet_count": 0, "geo": null, "favorite_count": 0, "is_quote_status": false, "place": null}, "default_profile_image": false, "lang": "en", "followers_count": 1, "contributors_enabled": false, "url": "http://t.co/MBuagCc1vd", "profile_background_tile": false, "friends_count": 37, "entities": {"description": {"urls": []}, "url": {"urls": [{"indices": [0, 22], "display_url": "twitter.com/wales4me", "url": "http://t.co/MBuagCc1vd", "expanded_url": "https://twitter.com/wales4me"}]}}, "profile_text_color": "333333", "is_translator": false, "protected": false, "default_profile": true, "translator_type": "none", "profile_use_background_image": true, "name": "Don", "description": "Enjoying retirement", "statuses_count": 31, "screen_name": "wales4me", "favourites_count": 20, "notifications": false, "profile_background_color": "C0DEED", "profile_sidebar_border_color": "C0DEED", "utc_offset": -28800, "verified": false, "profile_link_color": "1DA1F2", "follow_request_sent": false, "profile_sidebar_fill_color": "DDEEF6", "geo_enabled": false, "profile_image_url": "http://pbs.twimg.com/profile_images/1479734318/IMG04_normal.JPG", "id_str": "23783299", "listed_count": 0, "profile_background_image_url_https": "https://abs.twimg.com/images/themes/theme1/bg.png", "profile_image_url_https": "https://pbs.twimg.com/profile_images/1479734318/IMG04_normal.JPG", "location": "Concord, California", "following": false}
2017-11-08T01:00:04.455836	{"listed_count": 0, "friends_count": 37, "default_profile": true, "following": false, "entities": {"description": {"urls": []}, "url": {"urls": [{"expanded_url": "https://twitter.com/wales4me", "display_url": "twitter.com/wales4me", "indices": [0, 22], "url": "http://t.co/MBuagCc1vd"}]}}, "translator_type": "none", "has_extended_profile": false, "profile_sidebar_border_color": "C0DEED", "profile_image_url": "http://pbs.twimg.com/profile_images/1479734318/IMG04_normal.JPG", "profile_sidebar_fill_color": "DDEEF6", "favourites_count": 20, "status": {"retweet_count": 0, "favorite_count": 0, "in_reply_to_user_id": 905095603297943554, "entities": {"hashtags": [], "urls": [], "symbols": [], "user_mentions": [{"indices": [0, 12], "id": 905095603297943554, "name": "Andy", "id_str": "905095603297943554", "screen_name": "frostycamel"}, {"indices": [13, 26], "id": 3580248555, "name": "Trumpism\u2122", "id_str": "3580248555", "screen_name": "Team_Trump45"}, {"indices": [27, 43], "id": 25073877, "name": "Donald J. Trump", "id_str": "25073877", "screen_name": "realDonaldTrump"}]}, "in_reply_to_status_id": 923181896858824705, "retweeted": false, "id_str": "923725041036136448", "coordinates": null, "truncated": false, "favorited": false, "in_reply_to_user_id_str": "905095603297943554", "created_at": "Fri Oct 27 01:36:26 +0000 2017", "id": 923725041036136448, "lang": "en", "source": "<a href=\"http://twitter.com/download/android\" rel=\"nofollow\">Twitter for Android</a>", "geo": null, "in_reply_to_screen_name": "frostycamel", "is_quote_status": false, "place": null, "contributors": null, "text": "@frostycamel @Team_Trump45 @realDonaldTrump Details.", "in_reply_to_status_id_str": "923181896858824705"}, "contributors_enabled": false, "geo_enabled": false, "follow_request_sent": false, "location": "Concord, California", "profile_background_color": "C0DEED", "screen_name": "wales4me", "notifications": false, "statuses_count": 31, "time_zone": "Pacific Time (US & Canada)", "created_at": "Wed Mar 11 16:07:12 +0000 2009", "id": 23783299, "verified": false, "followers_count": 1, "is_translator": false, "is_translation_enabled": false, "url": "http://t.co/MBuagCc1vd", "profile_background_image_url": "http://abs.twimg.com/images/themes/theme1/bg.png", "protected": false, "profile_image_url_https": "https://pbs.twimg.com/profile_images/1479734318/IMG04_normal.JPG", "profile_background_tile": false, "profile_text_color": "333333", "default_profile_image": false, "lang": "en", "profile_use_background_image": true, "name": "Don", "profile_background_image_url_https": "https://abs.twimg.com/images/themes/theme1/bg.png", "profile_link_color": "1DA1F2", "id_str": "23783299", "description": "Enjoying retirement", "utc_offset": -28800}
2017-11-08T02:00:04.336791	{"statuses_count": 31, "id": 23783299, "profile_use_background_image": true, "time_zone": "Pacific Time (US & Canada)", "translator_type": "none", "contributors_enabled": false, "profile_image_url": "http://pbs.twimg.com/profile_images/1479734318/IMG04_normal.JPG", "utc_offset": -28800, "status": {"favorite_count": 0, "id": 923725041036136448, "place": null, "is_quote_status": false, "created_at": "Fri Oct 27 01:36:26 +0000 2017", "source": "<a href=\"http://twitter.com/download/android\" rel=\"nofollow\">Twitter for Android</a>", "in_reply_to_screen_name": "frostycamel", "lang": "en", "contributors": null, "geo": null, "in_reply_to_user_id": 905095603297943554, "entities": {"hashtags": [], "user_mentions": [{"id": 905095603297943554, "screen_name": "frostycamel", "id_str": "905095603297943554", "name": "Andy", "indices": [0, 12]}, {"id": 3580248555, "screen_name": "Team_Trump45", "id_str": "3580248555", "name": "Trumpism\u2122", "indices": [13, 26]}, {"id": 25073877, "screen_name": "realDonaldTrump", "id_str": "25073877", "name": "Donald J. Trump", "indices": [27, 43]}], "symbols": [], "urls": []}, "in_reply_to_status_id": 923181896858824705, "in_reply_to_user_id_str": "905095603297943554", "truncated": false, "text": "@frostycamel @Team_Trump45 @realDonaldTrump Details.", "favorited": false, "in_reply_to_status_id_str": "923181896858824705", "retweeted": false, "id_str": "923725041036136448", "retweet_count": 0, "coordinates": null}, "friends_count": 37, "created_at": "Wed Mar 11 16:07:12 +0000 2009", "profile_link_color": "1DA1F2", "lang": "en", "profile_image_url_https": "https://pbs.twimg.com/profile_images/1479734318/IMG04_normal.JPG", "has_extended_profile": false, "profile_sidebar_border_color": "C0DEED", "profile_background_image_url": "http://abs.twimg.com/images/themes/theme1/bg.png", "url": "http://t.co/MBuagCc1vd", "is_translator": false, "entities": {"description": {"urls": []}, "url": {"urls": [{"display_url": "twitter.com/wales4me", "expanded_url": "https://twitter.com/wales4me", "url": "http://t.co/MBuagCc1vd", "indices": [0, 22]}]}}, "geo_enabled": false, "profile_background_tile": false, "default_profile": true, "favourites_count": 20, "profile_text_color": "333333", "screen_name": "wales4me", "location": "Concord, California", "notifications": false, "follow_request_sent": false, "verified": false, "profile_background_image_url_https": "https://abs.twimg.com/images/themes/theme1/bg.png", "default_profile_image": false, "profile_background_color": "C0DEED", "following": false, "name": "Don", "followers_count": 1, "listed_count": 0, "is_translation_enabled": false, "description": "Enjoying retirement", "profile_sidebar_fill_color": "DDEEF6", "id_str": "23783299", "protected": false}
2017-11-08T03:00:05.189508	{"name": "Don", "is_translator": false, "profile_image_url": "http://pbs.twimg.com/profile_images/1479734318/IMG04_normal.JPG", "has_extended_profile": false, "profile_use_background_image": true, "statuses_count": 31, "profile_background_tile": false, "description": "Enjoying retirement", "notifications": false, "friends_count": 37, "profile_sidebar_fill_color": "DDEEF6", "url": "http://t.co/MBuagCc1vd", "created_at": "Wed Mar 11 16:07:12 +0000 2009", "id_str": "23783299", "contributors_enabled": false, "default_profile_image": false, "profile_link_color": "1DA1F2", "profile_sidebar_border_color": "C0DEED", "follow_request_sent": false, "favourites_count": 20, "listed_count": 0, "translator_type": "none", "followers_count": 1, "profile_background_image_url_https": "https://abs.twimg.com/images/themes/theme1/bg.png", "is_translation_enabled": false, "id": 23783299, "profile_background_color": "C0DEED", "time_zone": "Pacific Time (US & Canada)", "location": "Concord, California", "entities": {"url": {"urls": [{"indices": [0, 22], "expanded_url": "https://twitter.com/wales4me", "url": "http://t.co/MBuagCc1vd", "display_url": "twitter.com/wales4me"}]}, "description": {"urls": []}}, "protected": false, "following": false, "default_profile": true, "geo_enabled": false, "lang": "en", "profile_text_color": "333333", "utc_offset": -28800, "profile_background_image_url": "http://abs.twimg.com/images/themes/theme1/bg.png", "verified": false, "screen_name": "wales4me", "profile_image_url_https": "https://pbs.twimg.com/profile_images/1479734318/IMG04_normal.JPG", "status": {"favorite_count": 0, "in_reply_to_status_id": 923181896858824705, "text": "@frostycamel @Team_Trump45 @realDonaldTrump Details.", "created_at": "Fri Oct 27 01:36:26 +0000 2017", "id_str": "923725041036136448", "in_reply_to_user_id": 905095603297943554, "geo": null, "place": null, "truncated": false, "id": 923725041036136448, "contributors": null, "in_reply_to_user_id_str": "905095603297943554", "source": "<a href=\"http://twitter.com/download/android\" rel=\"nofollow\">Twitter for Android</a>", "entities": {"urls": [], "user_mentions": [{"name": "Andy", "indices": [0, 12], "screen_name": "frostycamel", "id": 905095603297943554, "id_str": "905095603297943554"}, {"name": "Trumpism\u2122", "indices": [13, 26], "screen_name": "Team_Trump45", "id": 3580248555, "id_str": "3580248555"}, {"name": "Donald J. Trump", "indices": [27, 43], "screen_name": "realDonaldTrump", "id": 25073877, "id_str": "25073877"}], "symbols": [], "hashtags": []}, "coordinates": null, "in_reply_to_screen_name": "frostycamel", "lang": "en", "favorited": false, "retweet_count": 0, "is_quote_status": false, "retweeted": false, "in_reply_to_status_id_str": "923181896858824705"}}
2017-11-08T04:00:05.301700	{"following": false, "contributors_enabled": false, "default_profile_image": false, "status": {"in_reply_to_user_id": 905095603297943554, "entities": {"user_mentions": [{"screen_name": "frostycamel", "name": "Andy", "id_str": "905095603297943554", "indices": [0, 12], "id": 905095603297943554}, {"screen_name": "Team_Trump45", "name": "Trumpism\u2122", "id_str": "3580248555", "indices": [13, 26], "id": 3580248555}, {"screen_name": "realDonaldTrump", "name": "Donald J. Trump", "id_str": "25073877", "indices": [27, 43], "id": 25073877}], "symbols": [], "urls": [], "hashtags": []}, "retweet_count": 0, "coordinates": null, "favorite_count": 0, "id": 923725041036136448, "contributors": null, "lang": "en", "text": "@frostycamel @Team_Trump45 @realDonaldTrump Details.", "source": "<a href=\"http://twitter.com/download/android\" rel=\"nofollow\">Twitter for Android</a>", "retweeted": false, "in_reply_to_status_id_str": "923181896858824705", "in_reply_to_status_id": 923181896858824705, "geo": null, "in_reply_to_screen_name": "frostycamel", "truncated": false, "is_quote_status": false, "created_at": "Fri Oct 27 01:36:26 +0000 2017", "in_reply_to_user_id_str": "905095603297943554", "place": null, "favorited": false, "id_str": "923725041036136448"}, "time_zone": "Pacific Time (US & Canada)", "description": "Enjoying retirement", "translator_type": "none", "follow_request_sent": false, "location": "Concord, California", "id": 23783299, "statuses_count": 31, "profile_text_color": "333333", "default_profile": true, "geo_enabled": false, "profile_image_url_https": "https://pbs.twimg.com/profile_images/1479734318/IMG04_normal.JPG", "lang": "en", "is_translator": false, "utc_offset": -28800, "profile_sidebar_border_color": "C0DEED", "has_extended_profile": false, "name": "Don", "profile_use_background_image": true, "profile_image_url": "http://pbs.twimg.com/profile_images/1479734318/IMG04_normal.JPG", "notifications": false, "listed_count": 0, "screen_name": "wales4me", "profile_background_image_url_https": "https://abs.twimg.com/images/themes/theme1/bg.png", "verified": false, "is_translation_enabled": false, "profile_sidebar_fill_color": "DDEEF6", "friends_count": 37, "protected": false, "url": "http://t.co/MBuagCc1vd", "profile_link_color": "1DA1F2", "followers_count": 1, "profile_background_tile": false, "profile_background_color": "C0DEED", "created_at": "Wed Mar 11 16:07:12 +0000 2009", "entities": {"description": {"urls": []}, "url": {"urls": [{"indices": [0, 22], "url": "http://t.co/MBuagCc1vd", "expanded_url": "https://twitter.com/wales4me", "display_url": "twitter.com/wales4me"}]}}, "favourites_count": 20, "profile_background_image_url": "http://abs.twimg.com/images/themes/theme1/bg.png", "id_str": "23783299"}
2017-11-08T05:00:05.090136	{"listed_count": 0, "created_at": "Wed Mar 11 16:07:12 +0000 2009", "lang": "en", "entities": {"description": {"urls": []}, "url": {"urls": [{"indices": [0, 22], "expanded_url": "https://twitter.com/wales4me", "display_url": "twitter.com/wales4me", "url": "http://t.co/MBuagCc1vd"}]}}, "time_zone": "Pacific Time (US & Canada)", "geo_enabled": false, "utc_offset": -28800, "verified": false, "profile_sidebar_border_color": "C0DEED", "profile_background_image_url": "http://abs.twimg.com/images/themes/theme1/bg.png", "default_profile": true, "statuses_count": 31, "profile_background_tile": false, "follow_request_sent": false, "is_translator": false, "profile_text_color": "333333", "screen_name": "wales4me", "translator_type": "none", "default_profile_image": false, "following": false, "contributors_enabled": false, "followers_count": 1, "is_translation_enabled": false, "profile_background_image_url_https": "https://abs.twimg.com/images/themes/theme1/bg.png", "id_str": "23783299", "location": "Concord, California", "profile_image_url_https": "https://pbs.twimg.com/profile_images/1479734318/IMG04_normal.JPG", "name": "Don", "has_extended_profile": false, "url": "http://t.co/MBuagCc1vd", "description": "Enjoying retirement", "profile_use_background_image": true, "friends_count": 37, "profile_background_color": "C0DEED", "profile_sidebar_fill_color": "DDEEF6", "id": 23783299, "profile_image_url": "http://pbs.twimg.com/profile_images/1479734318/IMG04_normal.JPG", "protected": false, "favourites_count": 20, "notifications": false, "status": {"in_reply_to_user_id": 905095603297943554, "created_at": "Fri Oct 27 01:36:26 +0000 2017", "text": "@frostycamel @Team_Trump45 @realDonaldTrump Details.", "is_quote_status": false, "entities": {"symbols": [], "urls": [], "hashtags": [], "user_mentions": [{"id_str": "905095603297943554", "indices": [0, 12], "screen_name": "frostycamel", "name": "Andy", "id": 905095603297943554}, {"id_str": "3580248555", "indices": [13, 26], "screen_name": "Team_Trump45", "name": "Trumpism\u2122", "id": 3580248555}, {"id_str": "25073877", "indices": [27, 43], "screen_name": "realDonaldTrump", "name": "Donald J. Trump", "id": 25073877}]}, "coordinates": null, "in_reply_to_status_id": 923181896858824705, "retweeted": false, "source": "<a href=\"http://twitter.com/download/android\" rel=\"nofollow\">Twitter for Android</a>", "lang": "en", "retweet_count": 0, "favorited": false, "in_reply_to_status_id_str": "923181896858824705", "in_reply_to_screen_name": "frostycamel", "id_str": "923725041036136448", "geo": null, "in_reply_to_user_id_str": "905095603297943554", "contributors": null, "id": 923725041036136448, "favorite_count": 0, "truncated": false, "place": null}, "profile_link_color": "1DA1F2"}
2017-11-08T06:00:04.674594	{"profile_use_background_image": true, "protected": false, "default_profile": true, "profile_background_color": "C0DEED", "default_profile_image": false, "url": "http://t.co/MBuagCc1vd", "time_zone": "Pacific Time (US & Canada)", "following": false, "follow_request_sent": false, "friends_count": 37, "statuses_count": 31, "followers_count": 1, "has_extended_profile": false, "status": {"in_reply_to_status_id_str": "923181896858824705", "favorited": false, "in_reply_to_status_id": 923181896858824705, "geo": null, "in_reply_to_user_id": 905095603297943554, "truncated": false, "in_reply_to_screen_name": "frostycamel", "place": null, "created_at": "Fri Oct 27 01:36:26 +0000 2017", "is_quote_status": false, "retweet_count": 0, "entities": {"hashtags": [], "user_mentions": [{"screen_name": "frostycamel", "id_str": "905095603297943554", "indices": [0, 12], "id": 905095603297943554, "name": "Andy"}, {"screen_name": "Team_Trump45", "id_str": "3580248555", "indices": [13, 26], "id": 3580248555, "name": "Trumpism\u2122"}, {"screen_name": "realDonaldTrump", "id_str": "25073877", "indices": [27, 43], "id": 25073877, "name": "Donald J. Trump"}], "urls": [], "symbols": []}, "id_str": "923725041036136448", "text": "@frostycamel @Team_Trump45 @realDonaldTrump Details.", "in_reply_to_user_id_str": "905095603297943554", "source": "<a href=\"http://twitter.com/download/android\" rel=\"nofollow\">Twitter for Android</a>", "coordinates": null, "retweeted": false, "lang": "en", "contributors": null, "id": 923725041036136448, "favorite_count": 0}, "profile_text_color": "333333", "location": "Concord, California", "profile_background_image_url_https": "https://abs.twimg.com/images/themes/theme1/bg.png", "contributors_enabled": false, "utc_offset": -28800, "translator_type": "none", "profile_background_tile": false, "is_translation_enabled": false, "profile_image_url": "http://pbs.twimg.com/profile_images/1479734318/IMG04_normal.JPG", "description": "Enjoying retirement", "verified": false, "favourites_count": 20, "notifications": false, "id_str": "23783299", "profile_link_color": "1DA1F2", "is_translator": false, "created_at": "Wed Mar 11 16:07:12 +0000 2009", "entities": {"description": {"urls": []}, "url": {"urls": [{"expanded_url": "https://twitter.com/wales4me", "display_url": "twitter.com/wales4me", "indices": [0, 22], "url": "http://t.co/MBuagCc1vd"}]}}, "listed_count": 0, "profile_background_image_url": "http://abs.twimg.com/images/themes/theme1/bg.png", "name": "Don", "profile_sidebar_border_color": "C0DEED", "geo_enabled": false, "screen_name": "wales4me", "lang": "en", "profile_sidebar_fill_color": "DDEEF6", "profile_image_url_https": "https://pbs.twimg.com/profile_images/1479734318/IMG04_normal.JPG", "id": 23783299}
2017-11-08T07:00:04.806502	{"default_profile": true, "description": "Enjoying retirement", "default_profile_image": false, "has_extended_profile": false, "geo_enabled": false, "utc_offset": -28800, "contributors_enabled": false, "translator_type": "none", "profile_image_url": "http://pbs.twimg.com/profile_images/1479734318/IMG04_normal.JPG", "entities": {"url": {"urls": [{"url": "http://t.co/MBuagCc1vd", "indices": [0, 22], "expanded_url": "https://twitter.com/wales4me", "display_url": "twitter.com/wales4me"}]}, "description": {"urls": []}}, "profile_image_url_https": "https://pbs.twimg.com/profile_images/1479734318/IMG04_normal.JPG", "statuses_count": 31, "created_at": "Wed Mar 11 16:07:12 +0000 2009", "notifications": false, "screen_name": "wales4me", "protected": false, "listed_count": 0, "profile_link_color": "1DA1F2", "name": "Don", "profile_sidebar_border_color": "C0DEED", "id_str": "23783299", "is_translator": false, "profile_background_tile": false, "profile_use_background_image": true, "friends_count": 37, "followers_count": 1, "following": false, "is_translation_enabled": false, "url": "http://t.co/MBuagCc1vd", "id": 23783299, "favourites_count": 20, "profile_sidebar_fill_color": "DDEEF6", "location": "Concord, California", "time_zone": "Pacific Time (US & Canada)", "status": {"contributors": null, "geo": null, "retweeted": false, "entities": {"hashtags": [], "symbols": [], "user_mentions": [{"indices": [0, 12], "name": "Andy", "screen_name": "frostycamel", "id": 905095603297943554, "id_str": "905095603297943554"}, {"indices": [13, 26], "name": "Trumpism\u2122", "screen_name": "Team_Trump45", "id": 3580248555, "id_str": "3580248555"}, {"indices": [27, 43], "name": "Donald J. Trump", "screen_name": "realDonaldTrump", "id": 25073877, "id_str": "25073877"}], "urls": []}, "favorite_count": 0, "in_reply_to_screen_name": "frostycamel", "created_at": "Fri Oct 27 01:36:26 +0000 2017", "text": "@frostycamel @Team_Trump45 @realDonaldTrump Details.", "coordinates": null, "in_reply_to_status_id": 923181896858824705, "favorited": false, "is_quote_status": false, "place": null, "in_reply_to_status_id_str": "923181896858824705", "id": 923725041036136448, "in_reply_to_user_id_str": "905095603297943554", "id_str": "923725041036136448", "retweet_count": 0, "lang": "en", "source": "<a href=\"http://twitter.com/download/android\" rel=\"nofollow\">Twitter for Android</a>", "truncated": false, "in_reply_to_user_id": 905095603297943554}, "profile_background_color": "C0DEED", "lang": "en", "verified": false, "profile_text_color": "333333", "profile_background_image_url": "http://abs.twimg.com/images/themes/theme1/bg.png", "profile_background_image_url_https": "https://abs.twimg.com/images/themes/theme1/bg.png", "follow_request_sent": false}
2017-11-08T08:00:05.039539	{"contributors_enabled": false, "profile_background_tile": false, "followers_count": 1, "time_zone": "Pacific Time (US & Canada)", "profile_link_color": "1DA1F2", "verified": false, "notifications": false, "has_extended_profile": false, "profile_sidebar_fill_color": "DDEEF6", "screen_name": "wales4me", "description": "Enjoying retirement", "profile_image_url": "http://pbs.twimg.com/profile_images/1479734318/IMG04_normal.JPG", "profile_background_image_url_https": "https://abs.twimg.com/images/themes/theme1/bg.png", "profile_sidebar_border_color": "C0DEED", "name": "Don", "is_translator": false, "utc_offset": -28800, "location": "Concord, California", "following": false, "profile_text_color": "333333", "lang": "en", "translator_type": "none", "created_at": "Wed Mar 11 16:07:12 +0000 2009", "url": "http://t.co/MBuagCc1vd", "default_profile": true, "protected": false, "friends_count": 37, "profile_background_image_url": "http://abs.twimg.com/images/themes/theme1/bg.png", "profile_image_url_https": "https://pbs.twimg.com/profile_images/1479734318/IMG04_normal.JPG", "default_profile_image": false, "id": 23783299, "geo_enabled": false, "id_str": "23783299", "profile_use_background_image": true, "listed_count": 0, "follow_request_sent": false, "entities": {"description": {"urls": []}, "url": {"urls": [{"expanded_url": "https://twitter.com/wales4me", "display_url": "twitter.com/wales4me", "indices": [0, 22], "url": "http://t.co/MBuagCc1vd"}]}}, "statuses_count": 31, "status": {"is_quote_status": false, "in_reply_to_user_id": 905095603297943554, "favorited": false, "in_reply_to_user_id_str": "905095603297943554", "place": null, "text": "@frostycamel @Team_Trump45 @realDonaldTrump Details.", "lang": "en", "created_at": "Fri Oct 27 01:36:26 +0000 2017", "contributors": null, "retweeted": false, "retweet_count": 0, "truncated": false, "coordinates": null, "favorite_count": 0, "geo": null, "in_reply_to_status_id": 923181896858824705, "in_reply_to_screen_name": "frostycamel", "id_str": "923725041036136448", "in_reply_to_status_id_str": "923181896858824705", "entities": {"hashtags": [], "symbols": [], "user_mentions": [{"id_str": "905095603297943554", "name": "Andy", "screen_name": "frostycamel", "indices": [0, 12], "id": 905095603297943554}, {"id_str": "3580248555", "name": "Trumpism\u2122", "screen_name": "Team_Trump45", "indices": [13, 26], "id": 3580248555}, {"id_str": "25073877", "name": "Donald J. Trump", "screen_name": "realDonaldTrump", "indices": [27, 43], "id": 25073877}], "urls": []}, "source": "<a href=\"http://twitter.com/download/android\" rel=\"nofollow\">Twitter for Android</a>", "id": 923725041036136448}, "is_translation_enabled": false, "profile_background_color": "C0DEED", "favourites_count": 20}
2017-11-08T09:00:04.569054	{"is_translation_enabled": false, "profile_background_image_url_https": "https://abs.twimg.com/images/themes/theme1/bg.png", "id": 23783299, "friends_count": 37, "protected": false, "has_extended_profile": false, "description": "Enjoying retirement", "screen_name": "wales4me", "followers_count": 1, "lang": "en", "statuses_count": 31, "created_at": "Wed Mar 11 16:07:12 +0000 2009", "time_zone": "Pacific Time (US & Canada)", "listed_count": 0, "default_profile_image": false, "entities": {"description": {"urls": []}, "url": {"urls": [{"display_url": "twitter.com/wales4me", "expanded_url": "https://twitter.com/wales4me", "indices": [0, 22], "url": "http://t.co/MBuagCc1vd"}]}}, "profile_link_color": "1DA1F2", "profile_background_tile": false, "profile_background_image_url": "http://abs.twimg.com/images/themes/theme1/bg.png", "default_profile": true, "geo_enabled": false, "is_translator": false, "profile_image_url": "http://pbs.twimg.com/profile_images/1479734318/IMG04_normal.JPG", "name": "Don", "profile_background_color": "C0DEED", "verified": false, "translator_type": "none", "id_str": "23783299", "notifications": false, "location": "Concord, California", "following": false, "profile_use_background_image": true, "utc_offset": -28800, "profile_text_color": "333333", "profile_sidebar_fill_color": "DDEEF6", "profile_sidebar_border_color": "C0DEED", "contributors_enabled": false, "favourites_count": 20, "profile_image_url_https": "https://pbs.twimg.com/profile_images/1479734318/IMG04_normal.JPG", "status": {"retweeted": false, "contributors": null, "id": 923725041036136448, "lang": "en", "geo": null, "source": "<a href=\"http://twitter.com/download/android\" rel=\"nofollow\">Twitter for Android</a>", "truncated": false, "favorited": false, "favorite_count": 0, "created_at": "Fri Oct 27 01:36:26 +0000 2017", "entities": {"user_mentions": [{"name": "Andy", "screen_name": "frostycamel", "id_str": "905095603297943554", "indices": [0, 12], "id": 905095603297943554}, {"name": "Trumpism\u2122", "screen_name": "Team_Trump45", "id_str": "3580248555", "indices": [13, 26], "id": 3580248555}, {"name": "Donald J. Trump", "screen_name": "realDonaldTrump", "id_str": "25073877", "indices": [27, 43], "id": 25073877}], "symbols": [], "hashtags": [], "urls": []}, "in_reply_to_screen_name": "frostycamel", "in_reply_to_user_id": 905095603297943554, "retweet_count": 0, "place": null, "id_str": "923725041036136448", "text": "@frostycamel @Team_Trump45 @realDonaldTrump Details.", "in_reply_to_status_id_str": "923181896858824705", "is_quote_status": false, "coordinates": null, "in_reply_to_user_id_str": "905095603297943554", "in_reply_to_status_id": 923181896858824705}, "follow_request_sent": false, "url": "http://t.co/MBuagCc1vd"}
2017-11-08T10:00:05.358869	{"profile_sidebar_border_color": "C0DEED", "profile_background_image_url_https": "https://abs.twimg.com/images/themes/theme1/bg.png", "created_at": "Wed Mar 11 16:07:12 +0000 2009", "contributors_enabled": false, "status": {"source": "<a href=\"http://twitter.com/download/android\" rel=\"nofollow\">Twitter for Android</a>", "created_at": "Fri Oct 27 01:36:26 +0000 2017", "geo": null, "place": null, "in_reply_to_screen_name": "frostycamel", "in_reply_to_user_id": 905095603297943554, "id_str": "923725041036136448", "retweet_count": 0, "favorite_count": 0, "contributors": null, "id": 923725041036136448, "in_reply_to_status_id": 923181896858824705, "is_quote_status": false, "entities": {"user_mentions": [{"name": "Andy", "id_str": "905095603297943554", "indices": [0, 12], "screen_name": "frostycamel", "id": 905095603297943554}, {"name": "Trumpism\u2122", "id_str": "3580248555", "indices": [13, 26], "screen_name": "Team_Trump45", "id": 3580248555}, {"name": "Donald J. Trump", "id_str": "25073877", "indices": [27, 43], "screen_name": "realDonaldTrump", "id": 25073877}], "hashtags": [], "symbols": [], "urls": []}, "retweeted": false, "in_reply_to_status_id_str": "923181896858824705", "in_reply_to_user_id_str": "905095603297943554", "coordinates": null, "text": "@frostycamel @Team_Trump45 @realDonaldTrump Details.", "favorited": false, "truncated": false, "lang": "en"}, "listed_count": 0, "statuses_count": 31, "favourites_count": 20, "follow_request_sent": false, "default_profile": true, "name": "Don", "id_str": "23783299", "followers_count": 1, "id": 23783299, "utc_offset": -28800, "url": "http://t.co/MBuagCc1vd", "following": false, "profile_image_url_https": "https://pbs.twimg.com/profile_images/1479734318/IMG04_normal.JPG", "profile_background_color": "C0DEED", "screen_name": "wales4me", "geo_enabled": false, "is_translation_enabled": false, "description": "Enjoying retirement", "profile_sidebar_fill_color": "DDEEF6", "default_profile_image": false, "profile_background_tile": false, "protected": false, "profile_image_url": "http://pbs.twimg.com/profile_images/1479734318/IMG04_normal.JPG", "entities": {"description": {"urls": []}, "url": {"urls": [{"display_url": "twitter.com/wales4me", "indices": [0, 22], "expanded_url": "https://twitter.com/wales4me", "url": "http://t.co/MBuagCc1vd"}]}}, "verified": false, "profile_use_background_image": true, "location": "Concord, California", "profile_link_color": "1DA1F2", "profile_background_image_url": "http://abs.twimg.com/images/themes/theme1/bg.png", "has_extended_profile": false, "friends_count": 37, "profile_text_color": "333333", "time_zone": "Pacific Time (US & Canada)", "notifications": false, "lang": "en", "translator_type": "none", "is_translator": false}
2017-11-08T11:00:05.190639	{"entities": {"url": {"urls": [{"url": "http://t.co/MBuagCc1vd", "display_url": "twitter.com/wales4me", "expanded_url": "https://twitter.com/wales4me", "indices": [0, 22]}]}, "description": {"urls": []}}, "description": "Enjoying retirement", "follow_request_sent": false, "screen_name": "wales4me", "following": false, "translator_type": "none", "friends_count": 37, "name": "Don", "url": "http://t.co/MBuagCc1vd", "lang": "en", "geo_enabled": false, "is_translation_enabled": false, "profile_image_url_https": "https://pbs.twimg.com/profile_images/1479734318/IMG04_normal.JPG", "protected": false, "profile_background_image_url_https": "https://abs.twimg.com/images/themes/theme1/bg.png", "profile_sidebar_fill_color": "DDEEF6", "listed_count": 0, "status": {"entities": {"user_mentions": [{"name": "Andy", "indices": [0, 12], "id": 905095603297943554, "id_str": "905095603297943554", "screen_name": "frostycamel"}, {"name": "Trumpism\u2122", "indices": [13, 26], "id": 3580248555, "id_str": "3580248555", "screen_name": "Team_Trump45"}, {"name": "Donald J. Trump", "indices": [27, 43], "id": 25073877, "id_str": "25073877", "screen_name": "realDonaldTrump"}], "urls": [], "symbols": [], "hashtags": []}, "in_reply_to_status_id": 923181896858824705, "id_str": "923725041036136448", "place": null, "lang": "en", "favorite_count": 0, "retweet_count": 0, "id": 923725041036136448, "in_reply_to_screen_name": "frostycamel", "contributors": null, "is_quote_status": false, "text": "@frostycamel @Team_Trump45 @realDonaldTrump Details.", "coordinates": null, "geo": null, "source": "<a href=\"http://twitter.com/download/android\" rel=\"nofollow\">Twitter for Android</a>", "retweeted": false, "in_reply_to_user_id_str": "905095603297943554", "created_at": "Fri Oct 27 01:36:26 +0000 2017", "in_reply_to_user_id": 905095603297943554, "in_reply_to_status_id_str": "923181896858824705", "favorited": false, "truncated": false}, "verified": false, "id_str": "23783299", "profile_text_color": "333333", "statuses_count": 31, "default_profile": true, "profile_image_url": "http://pbs.twimg.com/profile_images/1479734318/IMG04_normal.JPG", "id": 23783299, "time_zone": "Pacific Time (US & Canada)", "default_profile_image": false, "contributors_enabled": false, "utc_offset": -28800, "profile_background_image_url": "http://abs.twimg.com/images/themes/theme1/bg.png", "followers_count": 1, "created_at": "Wed Mar 11 16:07:12 +0000 2009", "has_extended_profile": false, "profile_use_background_image": true, "favourites_count": 20, "profile_sidebar_border_color": "C0DEED", "profile_background_tile": false, "profile_background_color": "C0DEED", "is_translator": false, "location": "Concord, California", "notifications": false, "profile_link_color": "1DA1F2"}
2017-11-08T12:00:05.713262	{"contributors_enabled": false, "follow_request_sent": false, "profile_background_image_url": "http://abs.twimg.com/images/themes/theme1/bg.png", "profile_image_url": "http://pbs.twimg.com/profile_images/1479734318/IMG04_normal.JPG", "profile_sidebar_border_color": "C0DEED", "profile_use_background_image": true, "profile_link_color": "1DA1F2", "id_str": "23783299", "followers_count": 1, "time_zone": "Pacific Time (US & Canada)", "listed_count": 0, "screen_name": "wales4me", "statuses_count": 31, "friends_count": 37, "status": {"source": "<a href=\"http://twitter.com/download/android\" rel=\"nofollow\">Twitter for Android</a>", "contributors": null, "id_str": "923725041036136448", "created_at": "Fri Oct 27 01:36:26 +0000 2017", "favorited": false, "in_reply_to_screen_name": "frostycamel", "in_reply_to_status_id": 923181896858824705, "is_quote_status": false, "favorite_count": 0, "entities": {"urls": [], "user_mentions": [{"id_str": "905095603297943554", "name": "Andy", "screen_name": "frostycamel", "indices": [0, 12], "id": 905095603297943554}, {"id_str": "3580248555", "name": "Trumpism\u2122", "screen_name": "Team_Trump45", "indices": [13, 26], "id": 3580248555}, {"id_str": "25073877", "name": "Donald J. Trump", "screen_name": "realDonaldTrump", "indices": [27, 43], "id": 25073877}], "hashtags": [], "symbols": []}, "in_reply_to_user_id_str": "905095603297943554", "in_reply_to_user_id": 905095603297943554, "retweet_count": 0, "id": 923725041036136448, "place": null, "text": "@frostycamel @Team_Trump45 @realDonaldTrump Details.", "lang": "en", "geo": null, "in_reply_to_status_id_str": "923181896858824705", "coordinates": null, "truncated": false, "retweeted": false}, "profile_background_color": "C0DEED", "is_translator": false, "entities": {"url": {"urls": [{"display_url": "twitter.com/wales4me", "expanded_url": "https://twitter.com/wales4me", "url": "http://t.co/MBuagCc1vd", "indices": [0, 22]}]}, "description": {"urls": []}}, "verified": false, "profile_sidebar_fill_color": "DDEEF6", "notifications": false, "protected": false, "name": "Don", "translator_type": "none", "profile_background_image_url_https": "https://abs.twimg.com/images/themes/theme1/bg.png", "default_profile": true, "default_profile_image": false, "description": "Enjoying retirement", "profile_background_tile": false, "location": "Concord, California", "profile_text_color": "333333", "has_extended_profile": false, "created_at": "Wed Mar 11 16:07:12 +0000 2009", "id": 23783299, "url": "http://t.co/MBuagCc1vd", "is_translation_enabled": false, "favourites_count": 20, "lang": "en", "profile_image_url_https": "https://pbs.twimg.com/profile_images/1479734318/IMG04_normal.JPG", "following": false, "geo_enabled": false, "utc_offset": -28800}
2017-11-08T13:00:05.283722	{"geo_enabled": false, "time_zone": "Pacific Time (US & Canada)", "protected": false, "follow_request_sent": false, "profile_background_color": "C0DEED", "default_profile": true, "default_profile_image": false, "contributors_enabled": false, "name": "Don", "is_translator": false, "has_extended_profile": false, "friends_count": 37, "following": false, "translator_type": "none", "profile_sidebar_fill_color": "DDEEF6", "created_at": "Wed Mar 11 16:07:12 +0000 2009", "profile_background_image_url_https": "https://abs.twimg.com/images/themes/theme1/bg.png", "profile_link_color": "1DA1F2", "status": {"in_reply_to_user_id_str": "905095603297943554", "geo": null, "truncated": false, "contributors": null, "in_reply_to_screen_name": "frostycamel", "text": "@frostycamel @Team_Trump45 @realDonaldTrump Details.", "place": null, "source": "<a href=\"http://twitter.com/download/android\" rel=\"nofollow\">Twitter for Android</a>", "in_reply_to_user_id": 905095603297943554, "created_at": "Fri Oct 27 01:36:26 +0000 2017", "favorited": false, "in_reply_to_status_id": 923181896858824705, "in_reply_to_status_id_str": "923181896858824705", "retweet_count": 0, "favorite_count": 0, "coordinates": null, "retweeted": false, "id_str": "923725041036136448", "is_quote_status": false, "lang": "en", "id": 923725041036136448, "entities": {"user_mentions": [{"id": 905095603297943554, "id_str": "905095603297943554", "screen_name": "frostycamel", "indices": [0, 12], "name": "Andy"}, {"id": 3580248555, "id_str": "3580248555", "screen_name": "Team_Trump45", "indices": [13, 26], "name": "Trumpism\u2122"}, {"id": 25073877, "id_str": "25073877", "screen_name": "realDonaldTrump", "indices": [27, 43], "name": "Donald J. Trump"}], "symbols": [], "hashtags": [], "urls": []}}, "listed_count": 0, "profile_sidebar_border_color": "C0DEED", "statuses_count": 31, "favourites_count": 20, "description": "Enjoying retirement", "profile_image_url": "http://pbs.twimg.com/profile_images/1479734318/IMG04_normal.JPG", "notifications": false, "verified": false, "id_str": "23783299", "profile_text_color": "333333", "utc_offset": -28800, "profile_use_background_image": true, "url": "http://t.co/MBuagCc1vd", "screen_name": "wales4me", "profile_background_image_url": "http://abs.twimg.com/images/themes/theme1/bg.png", "entities": {"url": {"urls": [{"url": "http://t.co/MBuagCc1vd", "expanded_url": "https://twitter.com/wales4me", "display_url": "twitter.com/wales4me", "indices": [0, 22]}]}, "description": {"urls": []}}, "profile_background_tile": false, "id": 23783299, "profile_image_url_https": "https://pbs.twimg.com/profile_images/1479734318/IMG04_normal.JPG", "followers_count": 1, "location": "Concord, California", "lang": "en", "is_translation_enabled": false}
2017-11-08T14:00:05.308403	{"is_translation_enabled": false, "default_profile": true, "listed_count": 0, "profile_use_background_image": true, "profile_sidebar_border_color": "C0DEED", "notifications": false, "contributors_enabled": false, "protected": false, "profile_sidebar_fill_color": "DDEEF6", "statuses_count": 31, "profile_background_image_url": "http://abs.twimg.com/images/themes/theme1/bg.png", "name": "Don", "favourites_count": 20, "time_zone": "Pacific Time (US & Canada)", "profile_text_color": "333333", "utc_offset": -28800, "following": false, "followers_count": 1, "profile_background_image_url_https": "https://abs.twimg.com/images/themes/theme1/bg.png", "follow_request_sent": false, "profile_background_color": "C0DEED", "profile_link_color": "1DA1F2", "entities": {"url": {"urls": [{"url": "http://t.co/MBuagCc1vd", "expanded_url": "https://twitter.com/wales4me", "indices": [0, 22], "display_url": "twitter.com/wales4me"}]}, "description": {"urls": []}}, "friends_count": 37, "is_translator": false, "status": {"id_str": "923725041036136448", "in_reply_to_user_id": 905095603297943554, "in_reply_to_screen_name": "frostycamel", "favorite_count": 0, "is_quote_status": false, "text": "@frostycamel @Team_Trump45 @realDonaldTrump Details.", "in_reply_to_user_id_str": "905095603297943554", "coordinates": null, "geo": null, "retweet_count": 0, "retweeted": false, "entities": {"user_mentions": [{"indices": [0, 12], "id_str": "905095603297943554", "screen_name": "frostycamel", "id": 905095603297943554, "name": "Andy"}, {"indices": [13, 26], "id_str": "3580248555", "screen_name": "Team_Trump45", "id": 3580248555, "name": "Trumpism\u2122"}, {"indices": [27, 43], "id_str": "25073877", "screen_name": "realDonaldTrump", "id": 25073877, "name": "Donald J. Trump"}], "symbols": [], "hashtags": [], "urls": []}, "place": null, "favorited": false, "truncated": false, "in_reply_to_status_id": 923181896858824705, "created_at": "Fri Oct 27 01:36:26 +0000 2017", "in_reply_to_status_id_str": "923181896858824705", "contributors": null, "source": "<a href=\"http://twitter.com/download/android\" rel=\"nofollow\">Twitter for Android</a>", "lang": "en", "id": 923725041036136448}, "description": "Enjoying retirement", "profile_background_tile": false, "url": "http://t.co/MBuagCc1vd", "id_str": "23783299", "created_at": "Wed Mar 11 16:07:12 +0000 2009", "translator_type": "none", "geo_enabled": false, "default_profile_image": false, "has_extended_profile": false, "screen_name": "wales4me", "profile_image_url": "http://pbs.twimg.com/profile_images/1479734318/IMG04_normal.JPG", "verified": false, "location": "Concord, California", "lang": "en", "id": 23783299, "profile_image_url_https": "https://pbs.twimg.com/profile_images/1479734318/IMG04_normal.JPG"}
2017-11-08T15:00:05.245422	{"verified": false, "profile_background_image_url_https": "https://abs.twimg.com/images/themes/theme1/bg.png", "statuses_count": 31, "id_str": "23783299", "profile_sidebar_border_color": "C0DEED", "listed_count": 0, "description": "Enjoying retirement", "profile_background_color": "C0DEED", "profile_background_tile": false, "followers_count": 1, "lang": "en", "profile_link_color": "1DA1F2", "profile_image_url": "http://pbs.twimg.com/profile_images/1479734318/IMG04_normal.JPG", "is_translator": false, "utc_offset": -28800, "is_translation_enabled": false, "url": "http://t.co/MBuagCc1vd", "name": "Don", "location": "Concord, California", "has_extended_profile": false, "profile_use_background_image": true, "profile_text_color": "333333", "time_zone": "Pacific Time (US & Canada)", "contributors_enabled": false, "profile_background_image_url": "http://abs.twimg.com/images/themes/theme1/bg.png", "protected": false, "created_at": "Wed Mar 11 16:07:12 +0000 2009", "status": {"in_reply_to_status_id": 923181896858824705, "is_quote_status": false, "place": null, "id_str": "923725041036136448", "retweet_count": 0, "source": "<a href=\"http://twitter.com/download/android\" rel=\"nofollow\">Twitter for Android</a>", "contributors": null, "favorited": false, "lang": "en", "truncated": false, "favorite_count": 0, "retweeted": false, "created_at": "Fri Oct 27 01:36:26 +0000 2017", "in_reply_to_user_id_str": "905095603297943554", "id": 923725041036136448, "geo": null, "text": "@frostycamel @Team_Trump45 @realDonaldTrump Details.", "coordinates": null, "entities": {"hashtags": [], "symbols": [], "urls": [], "user_mentions": [{"indices": [0, 12], "id": 905095603297943554, "id_str": "905095603297943554", "screen_name": "frostycamel", "name": "Andy"}, {"indices": [13, 26], "id": 3580248555, "id_str": "3580248555", "screen_name": "Team_Trump45", "name": "Trumpism\u2122"}, {"indices": [27, 43], "id": 25073877, "id_str": "25073877", "screen_name": "realDonaldTrump", "name": "Donald J. Trump"}]}, "in_reply_to_screen_name": "frostycamel", "in_reply_to_user_id": 905095603297943554, "in_reply_to_status_id_str": "923181896858824705"}, "friends_count": 37, "follow_request_sent": false, "geo_enabled": false, "id": 23783299, "profile_sidebar_fill_color": "DDEEF6", "translator_type": "none", "default_profile": true, "entities": {"description": {"urls": []}, "url": {"urls": [{"display_url": "twitter.com/wales4me", "indices": [0, 22], "expanded_url": "https://twitter.com/wales4me", "url": "http://t.co/MBuagCc1vd"}]}}, "notifications": false, "screen_name": "wales4me", "favourites_count": 20, "default_profile_image": false, "following": false, "profile_image_url_https": "https://pbs.twimg.com/profile_images/1479734318/IMG04_normal.JPG"}
2017-11-08T16:00:05.790483	{"utc_offset": -28800, "profile_background_image_url_https": "https://abs.twimg.com/images/themes/theme1/bg.png", "profile_link_color": "1DA1F2", "contributors_enabled": false, "url": "http://t.co/MBuagCc1vd", "friends_count": 37, "name": "Don", "favourites_count": 20, "follow_request_sent": false, "default_profile_image": false, "protected": false, "id": 23783299, "translator_type": "none", "profile_background_image_url": "http://abs.twimg.com/images/themes/theme1/bg.png", "location": "Concord, California", "listed_count": 0, "following": false, "profile_use_background_image": true, "has_extended_profile": false, "verified": false, "profile_background_color": "C0DEED", "profile_text_color": "333333", "id_str": "23783299", "profile_sidebar_border_color": "C0DEED", "is_translation_enabled": false, "profile_background_tile": false, "notifications": false, "created_at": "Wed Mar 11 16:07:12 +0000 2009", "profile_sidebar_fill_color": "DDEEF6", "profile_image_url": "http://pbs.twimg.com/profile_images/1479734318/IMG04_normal.JPG", "is_translator": false, "default_profile": true, "lang": "en", "profile_image_url_https": "https://pbs.twimg.com/profile_images/1479734318/IMG04_normal.JPG", "entities": {"description": {"urls": []}, "url": {"urls": [{"display_url": "twitter.com/wales4me", "indices": [0, 22], "expanded_url": "https://twitter.com/wales4me", "url": "http://t.co/MBuagCc1vd"}]}}, "followers_count": 1, "statuses_count": 31, "time_zone": "Pacific Time (US & Canada)", "description": "Enjoying retirement", "status": {"in_reply_to_status_id": 923181896858824705, "is_quote_status": false, "retweeted": false, "id": 923725041036136448, "text": "@frostycamel @Team_Trump45 @realDonaldTrump Details.", "contributors": null, "truncated": false, "source": "<a href=\"http://twitter.com/download/android\" rel=\"nofollow\">Twitter for Android</a>", "coordinates": null, "id_str": "923725041036136448", "retweet_count": 0, "in_reply_to_screen_name": "frostycamel", "favorite_count": 0, "in_reply_to_user_id": 905095603297943554, "created_at": "Fri Oct 27 01:36:26 +0000 2017", "geo": null, "favorited": false, "lang": "en", "in_reply_to_user_id_str": "905095603297943554", "in_reply_to_status_id_str": "923181896858824705", "place": null, "entities": {"symbols": [], "user_mentions": [{"name": "Andy", "id": 905095603297943554, "id_str": "905095603297943554", "screen_name": "frostycamel", "indices": [0, 12]}, {"name": "Trumpism\u2122", "id": 3580248555, "id_str": "3580248555", "screen_name": "Team_Trump45", "indices": [13, 26]}, {"name": "Donald J. Trump", "id": 25073877, "id_str": "25073877", "screen_name": "realDonaldTrump", "indices": [27, 43]}], "hashtags": [], "urls": []}}, "screen_name": "wales4me", "geo_enabled": false}
2017-11-08T17:00:04.879459	{"name": "Don", "follow_request_sent": false, "id": 23783299, "default_profile_image": false, "is_translator": false, "utc_offset": -28800, "has_extended_profile": false, "status": {"contributors": null, "favorited": false, "id": 923725041036136448, "truncated": false, "created_at": "Fri Oct 27 01:36:26 +0000 2017", "retweet_count": 0, "is_quote_status": false, "coordinates": null, "in_reply_to_status_id": 923181896858824705, "entities": {"symbols": [], "urls": [], "hashtags": [], "user_mentions": [{"id_str": "905095603297943554", "name": "Andy", "id": 905095603297943554, "screen_name": "frostycamel", "indices": [0, 12]}, {"id_str": "3580248555", "name": "Trumpism\u2122", "id": 3580248555, "screen_name": "Team_Trump45", "indices": [13, 26]}, {"id_str": "25073877", "name": "Donald J. Trump", "id": 25073877, "screen_name": "realDonaldTrump", "indices": [27, 43]}]}, "geo": null, "in_reply_to_user_id_str": "905095603297943554", "in_reply_to_user_id": 905095603297943554, "retweeted": false, "in_reply_to_screen_name": "frostycamel", "lang": "en", "text": "@frostycamel @Team_Trump45 @realDonaldTrump Details.", "source": "<a href=\"http://twitter.com/download/android\" rel=\"nofollow\">Twitter for Android</a>", "favorite_count": 0, "id_str": "923725041036136448", "place": null, "in_reply_to_status_id_str": "923181896858824705"}, "time_zone": "Pacific Time (US & Canada)", "created_at": "Wed Mar 11 16:07:12 +0000 2009", "followers_count": 1, "description": "Enjoying retirement", "default_profile": true, "favourites_count": 20, "profile_background_color": "C0DEED", "protected": false, "verified": false, "profile_image_url": "http://pbs.twimg.com/profile_images/1479734318/IMG04_normal.JPG", "translator_type": "none", "notifications": false, "entities": {"description": {"urls": []}, "url": {"urls": [{"indices": [0, 22], "expanded_url": "https://twitter.com/wales4me", "url": "http://t.co/MBuagCc1vd", "display_url": "twitter.com/wales4me"}]}}, "profile_background_image_url_https": "https://abs.twimg.com/images/themes/theme1/bg.png", "location": "Concord, California", "statuses_count": 31, "profile_use_background_image": true, "profile_sidebar_border_color": "C0DEED", "profile_text_color": "333333", "profile_link_color": "1DA1F2", "lang": "en", "profile_background_image_url": "http://abs.twimg.com/images/themes/theme1/bg.png", "profile_sidebar_fill_color": "DDEEF6", "profile_background_tile": false, "geo_enabled": false, "profile_image_url_https": "https://pbs.twimg.com/profile_images/1479734318/IMG04_normal.JPG", "listed_count": 0, "friends_count": 37, "contributors_enabled": false, "id_str": "23783299", "is_translation_enabled": false, "url": "http://t.co/MBuagCc1vd", "screen_name": "wales4me", "following": false}
2017-11-08T18:00:04.852126	{"profile_background_image_url_https": "https://abs.twimg.com/images/themes/theme1/bg.png", "id_str": "23783299", "is_translator": false, "utc_offset": -28800, "profile_link_color": "1DA1F2", "screen_name": "wales4me", "time_zone": "Pacific Time (US & Canada)", "profile_background_image_url": "http://abs.twimg.com/images/themes/theme1/bg.png", "id": 23783299, "listed_count": 0, "entities": {"description": {"urls": []}, "url": {"urls": [{"expanded_url": "https://twitter.com/wales4me", "display_url": "twitter.com/wales4me", "indices": [0, 22], "url": "http://t.co/MBuagCc1vd"}]}}, "profile_background_tile": false, "profile_sidebar_border_color": "C0DEED", "profile_image_url": "http://pbs.twimg.com/profile_images/1479734318/IMG04_normal.JPG", "url": "http://t.co/MBuagCc1vd", "created_at": "Wed Mar 11 16:07:12 +0000 2009", "status": {"place": null, "id_str": "923725041036136448", "in_reply_to_status_id": 923181896858824705, "truncated": false, "in_reply_to_status_id_str": "923181896858824705", "id": 923725041036136448, "in_reply_to_user_id": 905095603297943554, "entities": {"user_mentions": [{"screen_name": "frostycamel", "id": 905095603297943554, "name": "Andy", "indices": [0, 12], "id_str": "905095603297943554"}, {"screen_name": "Team_Trump45", "id": 3580248555, "name": "Trumpism\u2122", "indices": [13, 26], "id_str": "3580248555"}, {"screen_name": "realDonaldTrump", "id": 25073877, "name": "Donald J. Trump", "indices": [27, 43], "id_str": "25073877"}], "urls": [], "symbols": [], "hashtags": []}, "retweet_count": 0, "favorited": false, "retweeted": false, "in_reply_to_screen_name": "frostycamel", "created_at": "Fri Oct 27 01:36:26 +0000 2017", "favorite_count": 0, "lang": "en", "coordinates": null, "text": "@frostycamel @Team_Trump45 @realDonaldTrump Details.", "source": "<a href=\"http://twitter.com/download/android\" rel=\"nofollow\">Twitter for Android</a>", "geo": null, "contributors": null, "in_reply_to_user_id_str": "905095603297943554", "is_quote_status": false}, "lang": "en", "followers_count": 1, "profile_background_color": "C0DEED", "profile_image_url_https": "https://pbs.twimg.com/profile_images/1479734318/IMG04_normal.JPG", "contributors_enabled": false, "verified": false, "favourites_count": 20, "notifications": false, "default_profile_image": false, "statuses_count": 31, "description": "Enjoying retirement", "follow_request_sent": false, "profile_text_color": "333333", "geo_enabled": false, "has_extended_profile": false, "protected": false, "name": "Don", "profile_sidebar_fill_color": "DDEEF6", "translator_type": "none", "friends_count": 37, "location": "Concord, California", "is_translation_enabled": false, "default_profile": true, "profile_use_background_image": true, "following": false}
2017-11-08T19:00:04.694539	{"contributors_enabled": false, "translator_type": "none", "id": 23783299, "description": "Enjoying retirement", "protected": false, "utc_offset": -28800, "profile_background_tile": false, "verified": false, "profile_background_image_url_https": "https://abs.twimg.com/images/themes/theme1/bg.png", "is_translation_enabled": false, "favourites_count": 20, "geo_enabled": false, "profile_link_color": "1DA1F2", "profile_image_url_https": "https://pbs.twimg.com/profile_images/1479734318/IMG04_normal.JPG", "following": false, "profile_use_background_image": true, "has_extended_profile": false, "profile_sidebar_fill_color": "DDEEF6", "profile_sidebar_border_color": "C0DEED", "follow_request_sent": false, "friends_count": 37, "profile_background_color": "C0DEED", "default_profile_image": false, "status": {"in_reply_to_status_id_str": "923181896858824705", "id": 923725041036136448, "coordinates": null, "geo": null, "in_reply_to_user_id": 905095603297943554, "truncated": false, "favorite_count": 0, "in_reply_to_status_id": 923181896858824705, "in_reply_to_user_id_str": "905095603297943554", "lang": "en", "place": null, "source": "<a href=\"http://twitter.com/download/android\" rel=\"nofollow\">Twitter for Android</a>", "entities": {"user_mentions": [{"screen_name": "frostycamel", "name": "Andy", "id_str": "905095603297943554", "id": 905095603297943554, "indices": [0, 12]}, {"screen_name": "Team_Trump45", "name": "Trumpism\u2122", "id_str": "3580248555", "id": 3580248555, "indices": [13, 26]}, {"screen_name": "realDonaldTrump", "name": "Donald J. Trump", "id_str": "25073877", "id": 25073877, "indices": [27, 43]}], "symbols": [], "hashtags": [], "urls": []}, "contributors": null, "is_quote_status": false, "text": "@frostycamel @Team_Trump45 @realDonaldTrump Details.", "in_reply_to_screen_name": "frostycamel", "retweet_count": 0, "favorited": false, "id_str": "923725041036136448", "retweeted": false, "created_at": "Fri Oct 27 01:36:26 +0000 2017"}, "url": "http://t.co/MBuagCc1vd", "followers_count": 1, "profile_image_url": "http://pbs.twimg.com/profile_images/1479734318/IMG04_normal.JPG", "entities": {"url": {"urls": [{"url": "http://t.co/MBuagCc1vd", "display_url": "twitter.com/wales4me", "indices": [0, 22], "expanded_url": "https://twitter.com/wales4me"}]}, "description": {"urls": []}}, "name": "Don", "location": "Concord, California", "profile_background_image_url": "http://abs.twimg.com/images/themes/theme1/bg.png", "notifications": false, "is_translator": false, "time_zone": "Pacific Time (US & Canada)", "screen_name": "wales4me", "default_profile": true, "lang": "en", "id_str": "23783299", "profile_text_color": "333333", "listed_count": 0, "statuses_count": 31, "created_at": "Wed Mar 11 16:07:12 +0000 2009"}
2017-11-08T20:00:05.071076	{"screen_name": "wales4me", "id_str": "23783299", "created_at": "Wed Mar 11 16:07:12 +0000 2009", "protected": false, "name": "Don", "profile_sidebar_border_color": "C0DEED", "translator_type": "none", "time_zone": "Pacific Time (US & Canada)", "followers_count": 1, "profile_background_tile": false, "has_extended_profile": false, "contributors_enabled": false, "verified": false, "geo_enabled": false, "profile_image_url": "http://pbs.twimg.com/profile_images/1479734318/IMG04_normal.JPG", "utc_offset": -28800, "profile_sidebar_fill_color": "DDEEF6", "url": "http://t.co/MBuagCc1vd", "entities": {"url": {"urls": [{"expanded_url": "https://twitter.com/wales4me", "url": "http://t.co/MBuagCc1vd", "indices": [0, 22], "display_url": "twitter.com/wales4me"}]}, "description": {"urls": []}}, "notifications": false, "profile_text_color": "333333", "statuses_count": 31, "profile_image_url_https": "https://pbs.twimg.com/profile_images/1479734318/IMG04_normal.JPG", "profile_background_color": "C0DEED", "status": {"created_at": "Fri Oct 27 01:36:26 +0000 2017", "lang": "en", "id_str": "923725041036136448", "favorited": false, "in_reply_to_user_id": 905095603297943554, "truncated": false, "place": null, "contributors": null, "text": "@frostycamel @Team_Trump45 @realDonaldTrump Details.", "favorite_count": 0, "id": 923725041036136448, "coordinates": null, "is_quote_status": false, "geo": null, "in_reply_to_status_id": 923181896858824705, "source": "<a href=\"http://twitter.com/download/android\" rel=\"nofollow\">Twitter for Android</a>", "entities": {"hashtags": [], "urls": [], "symbols": [], "user_mentions": [{"name": "Andy", "screen_name": "frostycamel", "id": 905095603297943554, "id_str": "905095603297943554", "indices": [0, 12]}, {"name": "Trumpism\u2122", "screen_name": "Team_Trump45", "id": 3580248555, "id_str": "3580248555", "indices": [13, 26]}, {"name": "Donald J. Trump", "screen_name": "realDonaldTrump", "id": 25073877, "id_str": "25073877", "indices": [27, 43]}]}, "in_reply_to_screen_name": "frostycamel", "in_reply_to_user_id_str": "905095603297943554", "retweeted": false, "retweet_count": 0, "in_reply_to_status_id_str": "923181896858824705"}, "profile_background_image_url_https": "https://abs.twimg.com/images/themes/theme1/bg.png", "favourites_count": 20, "listed_count": 0, "lang": "en", "description": "Enjoying retirement", "is_translation_enabled": false, "is_translator": false, "location": "Concord, California", "profile_background_image_url": "http://abs.twimg.com/images/themes/theme1/bg.png", "id": 23783299, "profile_use_background_image": true, "default_profile_image": false, "profile_link_color": "1DA1F2", "following": false, "follow_request_sent": false, "friends_count": 37, "default_profile": true}
2017-11-08T21:00:05.294364	{"screen_name": "wales4me", "created_at": "Wed Mar 11 16:07:12 +0000 2009", "profile_background_image_url_https": "https://abs.twimg.com/images/themes/theme1/bg.png", "verified": false, "has_extended_profile": false, "lang": "en", "profile_link_color": "1DA1F2", "id": 23783299, "profile_text_color": "333333", "profile_sidebar_fill_color": "DDEEF6", "description": "Enjoying retirement", "name": "Don", "url": "http://t.co/MBuagCc1vd", "contributors_enabled": false, "follow_request_sent": false, "profile_background_color": "C0DEED", "profile_image_url_https": "https://pbs.twimg.com/profile_images/1479734318/IMG04_normal.JPG", "followers_count": 1, "default_profile": true, "profile_background_image_url": "http://abs.twimg.com/images/themes/theme1/bg.png", "translator_type": "none", "notifications": false, "default_profile_image": false, "geo_enabled": false, "listed_count": 0, "location": "Concord, California", "status": {"created_at": "Fri Oct 27 01:36:26 +0000 2017", "retweet_count": 0, "favorited": false, "place": null, "coordinates": null, "lang": "en", "geo": null, "truncated": false, "text": "@frostycamel @Team_Trump45 @realDonaldTrump Details.", "favorite_count": 0, "in_reply_to_screen_name": "frostycamel", "in_reply_to_user_id_str": "905095603297943554", "id_str": "923725041036136448", "entities": {"symbols": [], "urls": [], "user_mentions": [{"screen_name": "frostycamel", "indices": [0, 12], "id": 905095603297943554, "id_str": "905095603297943554", "name": "Andy"}, {"screen_name": "Team_Trump45", "indices": [13, 26], "id": 3580248555, "id_str": "3580248555", "name": "Trumpism\u2122"}, {"screen_name": "realDonaldTrump", "indices": [27, 43], "id": 25073877, "id_str": "25073877", "name": "Donald J. Trump"}], "hashtags": []}, "source": "<a href=\"http://twitter.com/download/android\" rel=\"nofollow\">Twitter for Android</a>", "id": 923725041036136448, "in_reply_to_user_id": 905095603297943554, "contributors": null, "is_quote_status": false, "retweeted": false, "in_reply_to_status_id": 923181896858824705, "in_reply_to_status_id_str": "923181896858824705"}, "id_str": "23783299", "profile_image_url": "http://pbs.twimg.com/profile_images/1479734318/IMG04_normal.JPG", "entities": {"description": {"urls": []}, "url": {"urls": [{"expanded_url": "https://twitter.com/wales4me", "indices": [0, 22], "display_url": "twitter.com/wales4me", "url": "http://t.co/MBuagCc1vd"}]}}, "profile_background_tile": false, "utc_offset": -28800, "statuses_count": 31, "is_translation_enabled": false, "following": false, "is_translator": false, "profile_use_background_image": true, "time_zone": "Pacific Time (US & Canada)", "friends_count": 37, "profile_sidebar_border_color": "C0DEED", "protected": false, "favourites_count": 20}
2017-11-08T22:00:05.275598	{"statuses_count": 31, "followers_count": 1, "profile_sidebar_border_color": "C0DEED", "screen_name": "wales4me", "profile_background_tile": false, "url": "http://t.co/MBuagCc1vd", "friends_count": 37, "notifications": false, "protected": false, "is_translation_enabled": false, "listed_count": 0, "translator_type": "none", "profile_sidebar_fill_color": "DDEEF6", "profile_background_image_url": "http://abs.twimg.com/images/themes/theme1/bg.png", "default_profile": true, "favourites_count": 20, "verified": false, "location": "Concord, California", "id": 23783299, "time_zone": "Pacific Time (US & Canada)", "profile_image_url_https": "https://pbs.twimg.com/profile_images/1479734318/IMG04_normal.JPG", "profile_background_color": "C0DEED", "description": "Enjoying retirement", "profile_background_image_url_https": "https://abs.twimg.com/images/themes/theme1/bg.png", "entities": {"url": {"urls": [{"url": "http://t.co/MBuagCc1vd", "expanded_url": "https://twitter.com/wales4me", "display_url": "twitter.com/wales4me", "indices": [0, 22]}]}, "description": {"urls": []}}, "created_at": "Wed Mar 11 16:07:12 +0000 2009", "geo_enabled": false, "lang": "en", "following": false, "status": {"in_reply_to_status_id_str": "923181896858824705", "geo": null, "in_reply_to_user_id": 905095603297943554, "lang": "en", "truncated": false, "favorite_count": 0, "retweet_count": 0, "favorited": false, "id": 923725041036136448, "created_at": "Fri Oct 27 01:36:26 +0000 2017", "source": "<a href=\"http://twitter.com/download/android\" rel=\"nofollow\">Twitter for Android</a>", "coordinates": null, "entities": {"urls": [], "hashtags": [], "symbols": [], "user_mentions": [{"id_str": "905095603297943554", "name": "Andy", "screen_name": "frostycamel", "indices": [0, 12], "id": 905095603297943554}, {"id_str": "3580248555", "name": "Trumpism\u2122", "screen_name": "Team_Trump45", "indices": [13, 26], "id": 3580248555}, {"id_str": "25073877", "name": "Donald J. Trump", "screen_name": "realDonaldTrump", "indices": [27, 43], "id": 25073877}]}, "contributors": null, "in_reply_to_status_id": 923181896858824705, "place": null, "in_reply_to_screen_name": "frostycamel", "in_reply_to_user_id_str": "905095603297943554", "id_str": "923725041036136448", "is_quote_status": false, "text": "@frostycamel @Team_Trump45 @realDonaldTrump Details.", "retweeted": false}, "profile_image_url": "http://pbs.twimg.com/profile_images/1479734318/IMG04_normal.JPG", "id_str": "23783299", "follow_request_sent": false, "name": "Don", "default_profile_image": false, "contributors_enabled": false, "has_extended_profile": false, "profile_use_background_image": true, "utc_offset": -28800, "is_translator": false, "profile_text_color": "333333", "profile_link_color": "1DA1F2"}
2017-11-08T23:00:04.942554	{"profile_sidebar_border_color": "C0DEED", "follow_request_sent": false, "id": 23783299, "default_profile_image": false, "friends_count": 37, "status": {"in_reply_to_user_id_str": "905095603297943554", "favorited": false, "is_quote_status": false, "created_at": "Fri Oct 27 01:36:26 +0000 2017", "in_reply_to_status_id_str": "923181896858824705", "lang": "en", "source": "<a href=\"http://twitter.com/download/android\" rel=\"nofollow\">Twitter for Android</a>", "truncated": false, "retweet_count": 0, "id": 923725041036136448, "retweeted": false, "entities": {"symbols": [], "urls": [], "user_mentions": [{"id_str": "905095603297943554", "screen_name": "frostycamel", "name": "Andy", "indices": [0, 12], "id": 905095603297943554}, {"id_str": "3580248555", "screen_name": "Team_Trump45", "name": "Trumpism\u2122", "indices": [13, 26], "id": 3580248555}, {"id_str": "25073877", "screen_name": "realDonaldTrump", "name": "Donald J. Trump", "indices": [27, 43], "id": 25073877}], "hashtags": []}, "in_reply_to_user_id": 905095603297943554, "place": null, "id_str": "923725041036136448", "coordinates": null, "favorite_count": 0, "contributors": null, "geo": null, "text": "@frostycamel @Team_Trump45 @realDonaldTrump Details.", "in_reply_to_status_id": 923181896858824705, "in_reply_to_screen_name": "frostycamel"}, "profile_link_color": "1DA1F2", "description": "Enjoying retirement", "profile_image_url_https": "https://pbs.twimg.com/profile_images/1479734318/IMG04_normal.JPG", "profile_background_image_url_https": "https://abs.twimg.com/images/themes/theme1/bg.png", "default_profile": true, "entities": {"description": {"urls": []}, "url": {"urls": [{"display_url": "twitter.com/wales4me", "expanded_url": "https://twitter.com/wales4me", "url": "http://t.co/MBuagCc1vd", "indices": [0, 22]}]}}, "favourites_count": 20, "following": false, "created_at": "Wed Mar 11 16:07:12 +0000 2009", "screen_name": "wales4me", "translator_type": "none", "listed_count": 0, "profile_background_image_url": "http://abs.twimg.com/images/themes/theme1/bg.png", "url": "http://t.co/MBuagCc1vd", "profile_use_background_image": true, "verified": false, "lang": "en", "name": "Don", "profile_sidebar_fill_color": "DDEEF6", "id_str": "23783299", "followers_count": 1, "is_translator": false, "location": "Concord, California", "is_translation_enabled": false, "time_zone": "Pacific Time (US & Canada)", "notifications": false, "statuses_count": 31, "profile_text_color": "333333", "contributors_enabled": false, "profile_image_url": "http://pbs.twimg.com/profile_images/1479734318/IMG04_normal.JPG", "utc_offset": -28800, "geo_enabled": false, "has_extended_profile": false, "profile_background_color": "C0DEED", "profile_background_tile": false, "protected": false}
2017-11-09T00:00:04.762189	{"location": "Concord, California", "protected": false, "name": "Don", "favourites_count": 20, "contributors_enabled": false, "is_translation_enabled": false, "follow_request_sent": false, "friends_count": 37, "default_profile_image": false, "translator_type": "none", "following": false, "status": {"in_reply_to_user_id": 905095603297943554, "favorited": false, "place": null, "in_reply_to_status_id_str": "923181896858824705", "is_quote_status": false, "geo": null, "truncated": false, "in_reply_to_user_id_str": "905095603297943554", "coordinates": null, "retweet_count": 0, "contributors": null, "source": "<a href=\"http://twitter.com/download/android\" rel=\"nofollow\">Twitter for Android</a>", "favorite_count": 0, "retweeted": false, "id": 923725041036136448, "in_reply_to_status_id": 923181896858824705, "entities": {"urls": [], "hashtags": [], "user_mentions": [{"name": "Andy", "screen_name": "frostycamel", "indices": [0, 12], "id_str": "905095603297943554", "id": 905095603297943554}, {"name": "Trumpism\u2122", "screen_name": "Team_Trump45", "indices": [13, 26], "id_str": "3580248555", "id": 3580248555}, {"name": "Donald J. Trump", "screen_name": "realDonaldTrump", "indices": [27, 43], "id_str": "25073877", "id": 25073877}], "symbols": []}, "id_str": "923725041036136448", "text": "@frostycamel @Team_Trump45 @realDonaldTrump Details.", "in_reply_to_screen_name": "frostycamel", "created_at": "Fri Oct 27 01:36:26 +0000 2017", "lang": "en"}, "verified": false, "description": "Enjoying retirement", "followers_count": 1, "profile_sidebar_fill_color": "DDEEF6", "profile_use_background_image": true, "url": "http://t.co/MBuagCc1vd", "profile_background_color": "C0DEED", "profile_sidebar_border_color": "C0DEED", "profile_link_color": "1DA1F2", "has_extended_profile": false, "profile_background_image_url_https": "https://abs.twimg.com/images/themes/theme1/bg.png", "is_translator": false, "profile_background_image_url": "http://abs.twimg.com/images/themes/theme1/bg.png", "profile_text_color": "333333", "profile_image_url_https": "https://pbs.twimg.com/profile_images/1479734318/IMG04_normal.JPG", "listed_count": 0, "default_profile": true, "profile_background_tile": false, "id": 23783299, "entities": {"url": {"urls": [{"display_url": "twitter.com/wales4me", "expanded_url": "https://twitter.com/wales4me", "indices": [0, 22], "url": "http://t.co/MBuagCc1vd"}]}, "description": {"urls": []}}, "id_str": "23783299", "utc_offset": -28800, "notifications": false, "time_zone": "Pacific Time (US & Canada)", "statuses_count": 31, "profile_image_url": "http://pbs.twimg.com/profile_images/1479734318/IMG04_normal.JPG", "created_at": "Wed Mar 11 16:07:12 +0000 2009", "screen_name": "wales4me", "geo_enabled": false, "lang": "en"}
2017-11-09T01:00:05.155596	{"verified": false, "description": "Enjoying retirement", "default_profile_image": false, "entities": {"description": {"urls": []}, "url": {"urls": [{"expanded_url": "https://twitter.com/wales4me", "indices": [0, 22], "display_url": "twitter.com/wales4me", "url": "http://t.co/MBuagCc1vd"}]}}, "name": "Don", "translator_type": "none", "friends_count": 37, "profile_text_color": "333333", "profile_background_image_url_https": "https://abs.twimg.com/images/themes/theme1/bg.png", "is_translator": false, "has_extended_profile": false, "lang": "en", "profile_sidebar_border_color": "C0DEED", "profile_use_background_image": true, "profile_sidebar_fill_color": "DDEEF6", "screen_name": "wales4me", "default_profile": true, "location": "Concord, California", "is_translation_enabled": false, "profile_image_url_https": "https://pbs.twimg.com/profile_images/1479734318/IMG04_normal.JPG", "protected": false, "favourites_count": 20, "url": "http://t.co/MBuagCc1vd", "time_zone": "Pacific Time (US & Canada)", "geo_enabled": false, "notifications": false, "follow_request_sent": false, "listed_count": 0, "following": false, "profile_background_image_url": "http://abs.twimg.com/images/themes/theme1/bg.png", "profile_link_color": "1DA1F2", "contributors_enabled": false, "utc_offset": -28800, "id": 23783299, "profile_background_color": "C0DEED", "created_at": "Wed Mar 11 16:07:12 +0000 2009", "followers_count": 1, "id_str": "23783299", "profile_background_tile": false, "status": {"in_reply_to_user_id_str": "905095603297943554", "favorite_count": 0, "coordinates": null, "favorited": false, "is_quote_status": false, "in_reply_to_screen_name": "frostycamel", "lang": "en", "retweet_count": 0, "geo": null, "entities": {"hashtags": [], "symbols": [], "user_mentions": [{"id": 905095603297943554, "indices": [0, 12], "id_str": "905095603297943554", "screen_name": "frostycamel", "name": "Andy"}, {"id": 3580248555, "indices": [13, 26], "id_str": "3580248555", "screen_name": "Team_Trump45", "name": "Trumpism\u2122"}, {"id": 25073877, "indices": [27, 43], "id_str": "25073877", "screen_name": "realDonaldTrump", "name": "Donald J. Trump"}], "urls": []}, "truncated": false, "place": null, "in_reply_to_status_id": 923181896858824705, "source": "<a href=\"http://twitter.com/download/android\" rel=\"nofollow\">Twitter for Android</a>", "in_reply_to_user_id": 905095603297943554, "text": "@frostycamel @Team_Trump45 @realDonaldTrump Details.", "id": 923725041036136448, "retweeted": false, "created_at": "Fri Oct 27 01:36:26 +0000 2017", "id_str": "923725041036136448", "in_reply_to_status_id_str": "923181896858824705", "contributors": null}, "statuses_count": 31, "profile_image_url": "http://pbs.twimg.com/profile_images/1479734318/IMG04_normal.JPG"}
2017-11-09T02:00:04.933344	{"name": "Don", "profile_sidebar_fill_color": "DDEEF6", "protected": false, "listed_count": 0, "geo_enabled": false, "notifications": false, "statuses_count": 31, "profile_text_color": "333333", "profile_background_tile": false, "profile_sidebar_border_color": "C0DEED", "description": "Enjoying retirement", "lang": "en", "is_translator": false, "entities": {"url": {"urls": [{"url": "http://t.co/MBuagCc1vd", "display_url": "twitter.com/wales4me", "indices": [0, 22], "expanded_url": "https://twitter.com/wales4me"}]}, "description": {"urls": []}}, "default_profile": true, "following": false, "profile_image_url": "http://pbs.twimg.com/profile_images/1479734318/IMG04_normal.JPG", "is_translation_enabled": false, "screen_name": "wales4me", "status": {"in_reply_to_status_id_str": "923181896858824705", "favorite_count": 0, "in_reply_to_user_id": 905095603297943554, "lang": "en", "in_reply_to_screen_name": "frostycamel", "coordinates": null, "entities": {"hashtags": [], "user_mentions": [{"name": "Andy", "screen_name": "frostycamel", "indices": [0, 12], "id_str": "905095603297943554", "id": 905095603297943554}, {"name": "Trumpism\u2122", "screen_name": "Team_Trump45", "indices": [13, 26], "id_str": "3580248555", "id": 3580248555}, {"name": "Donald J. Trump", "screen_name": "realDonaldTrump", "indices": [27, 43], "id_str": "25073877", "id": 25073877}], "symbols": [], "urls": []}, "place": null, "contributors": null, "text": "@frostycamel @Team_Trump45 @realDonaldTrump Details.", "truncated": false, "is_quote_status": false, "source": "<a href=\"http://twitter.com/download/android\" rel=\"nofollow\">Twitter for Android</a>", "in_reply_to_status_id": 923181896858824705, "created_at": "Fri Oct 27 01:36:26 +0000 2017", "id_str": "923725041036136448", "retweeted": false, "id": 923725041036136448, "retweet_count": 0, "geo": null, "favorited": false, "in_reply_to_user_id_str": "905095603297943554"}, "profile_background_color": "C0DEED", "default_profile_image": false, "has_extended_profile": false, "profile_background_image_url": "http://abs.twimg.com/images/themes/theme1/bg.png", "profile_background_image_url_https": "https://abs.twimg.com/images/themes/theme1/bg.png", "created_at": "Wed Mar 11 16:07:12 +0000 2009", "time_zone": "Pacific Time (US & Canada)", "id_str": "23783299", "profile_link_color": "1DA1F2", "id": 23783299, "profile_use_background_image": true, "verified": false, "translator_type": "none", "location": "Concord, California", "favourites_count": 20, "contributors_enabled": false, "followers_count": 1, "friends_count": 37, "url": "http://t.co/MBuagCc1vd", "utc_offset": -28800, "profile_image_url_https": "https://pbs.twimg.com/profile_images/1479734318/IMG04_normal.JPG", "follow_request_sent": false}
2017-11-09T03:00:05.659932	{"utc_offset": -28800, "profile_link_color": "1DA1F2", "statuses_count": 31, "profile_image_url": "http://pbs.twimg.com/profile_images/1479734318/IMG04_normal.JPG", "status": {"retweeted": false, "source": "<a href=\"http://twitter.com/download/android\" rel=\"nofollow\">Twitter for Android</a>", "favorited": false, "place": null, "lang": "en", "in_reply_to_status_id_str": "923181896858824705", "in_reply_to_status_id": 923181896858824705, "truncated": false, "coordinates": null, "contributors": null, "in_reply_to_user_id_str": "905095603297943554", "retweet_count": 0, "created_at": "Fri Oct 27 01:36:26 +0000 2017", "favorite_count": 0, "entities": {"symbols": [], "user_mentions": [{"id": 905095603297943554, "name": "Andy", "indices": [0, 12], "screen_name": "frostycamel", "id_str": "905095603297943554"}, {"id": 3580248555, "name": "Trumpism\u2122", "indices": [13, 26], "screen_name": "Team_Trump45", "id_str": "3580248555"}, {"id": 25073877, "name": "Donald J. Trump", "indices": [27, 43], "screen_name": "realDonaldTrump", "id_str": "25073877"}], "urls": [], "hashtags": []}, "in_reply_to_user_id": 905095603297943554, "id_str": "923725041036136448", "id": 923725041036136448, "is_quote_status": false, "in_reply_to_screen_name": "frostycamel", "text": "@frostycamel @Team_Trump45 @realDonaldTrump Details.", "geo": null}, "profile_sidebar_border_color": "C0DEED", "name": "Don", "profile_background_tile": false, "description": "Enjoying retirement", "lang": "en", "profile_background_image_url": "http://abs.twimg.com/images/themes/theme1/bg.png", "is_translator": false, "default_profile_image": false, "notifications": false, "location": "Concord, California", "favourites_count": 20, "profile_sidebar_fill_color": "DDEEF6", "verified": false, "is_translation_enabled": false, "following": false, "profile_image_url_https": "https://pbs.twimg.com/profile_images/1479734318/IMG04_normal.JPG", "created_at": "Wed Mar 11 16:07:12 +0000 2009", "friends_count": 37, "followers_count": 1, "listed_count": 0, "url": "http://t.co/MBuagCc1vd", "profile_background_image_url_https": "https://abs.twimg.com/images/themes/theme1/bg.png", "has_extended_profile": false, "entities": {"url": {"urls": [{"url": "http://t.co/MBuagCc1vd", "expanded_url": "https://twitter.com/wales4me", "display_url": "twitter.com/wales4me", "indices": [0, 22]}]}, "description": {"urls": []}}, "geo_enabled": false, "id_str": "23783299", "time_zone": "Pacific Time (US & Canada)", "id": 23783299, "profile_background_color": "C0DEED", "profile_text_color": "333333", "translator_type": "none", "follow_request_sent": false, "profile_use_background_image": true, "default_profile": true, "protected": false, "screen_name": "wales4me", "contributors_enabled": false}
2017-11-09T04:00:05.895710	{"id": 23783299, "status": {"in_reply_to_status_id": 923181896858824705, "retweet_count": 0, "id": 923725041036136448, "lang": "en", "source": "<a href=\"http://twitter.com/download/android\" rel=\"nofollow\">Twitter for Android</a>", "is_quote_status": false, "entities": {"symbols": [], "urls": [], "hashtags": [], "user_mentions": [{"id": 905095603297943554, "id_str": "905095603297943554", "name": "Andy", "screen_name": "frostycamel", "indices": [0, 12]}, {"id": 3580248555, "id_str": "3580248555", "name": "Trumpism\u2122", "screen_name": "Team_Trump45", "indices": [13, 26]}, {"id": 25073877, "id_str": "25073877", "name": "Donald J. Trump", "screen_name": "realDonaldTrump", "indices": [27, 43]}]}, "in_reply_to_screen_name": "frostycamel", "retweeted": false, "coordinates": null, "id_str": "923725041036136448", "in_reply_to_user_id_str": "905095603297943554", "created_at": "Fri Oct 27 01:36:26 +0000 2017", "geo": null, "contributors": null, "in_reply_to_status_id_str": "923181896858824705", "text": "@frostycamel @Team_Trump45 @realDonaldTrump Details.", "in_reply_to_user_id": 905095603297943554, "truncated": false, "place": null, "favorite_count": 0, "favorited": false}, "lang": "en", "listed_count": 0, "screen_name": "wales4me", "verified": false, "profile_background_tile": false, "name": "Don", "entities": {"description": {"urls": []}, "url": {"urls": [{"display_url": "twitter.com/wales4me", "expanded_url": "https://twitter.com/wales4me", "url": "http://t.co/MBuagCc1vd", "indices": [0, 22]}]}}, "is_translation_enabled": false, "profile_text_color": "333333", "default_profile": true, "favourites_count": 20, "time_zone": "Pacific Time (US & Canada)", "profile_sidebar_border_color": "C0DEED", "profile_image_url": "http://pbs.twimg.com/profile_images/1479734318/IMG04_normal.JPG", "profile_link_color": "1DA1F2", "id_str": "23783299", "profile_use_background_image": true, "profile_image_url_https": "https://pbs.twimg.com/profile_images/1479734318/IMG04_normal.JPG", "following": false, "is_translator": false, "translator_type": "none", "statuses_count": 31, "created_at": "Wed Mar 11 16:07:12 +0000 2009", "url": "http://t.co/MBuagCc1vd", "notifications": false, "profile_sidebar_fill_color": "DDEEF6", "profile_background_color": "C0DEED", "utc_offset": -28800, "description": "Enjoying retirement", "default_profile_image": false, "contributors_enabled": false, "location": "Concord, California", "protected": false, "profile_background_image_url": "http://abs.twimg.com/images/themes/theme1/bg.png", "followers_count": 1, "profile_background_image_url_https": "https://abs.twimg.com/images/themes/theme1/bg.png", "friends_count": 37, "follow_request_sent": false, "geo_enabled": false, "has_extended_profile": false}
2017-11-09T05:00:04.782920	{"utc_offset": -28800, "profile_image_url": "http://pbs.twimg.com/profile_images/1479734318/IMG04_normal.JPG", "default_profile": true, "protected": false, "translator_type": "none", "profile_use_background_image": true, "is_translator": false, "profile_sidebar_fill_color": "DDEEF6", "screen_name": "wales4me", "profile_text_color": "333333", "profile_sidebar_border_color": "C0DEED", "notifications": false, "created_at": "Wed Mar 11 16:07:12 +0000 2009", "name": "Don", "profile_link_color": "1DA1F2", "url": "http://t.co/MBuagCc1vd", "favourites_count": 20, "statuses_count": 31, "lang": "en", "time_zone": "Pacific Time (US & Canada)", "entities": {"url": {"urls": [{"url": "http://t.co/MBuagCc1vd", "display_url": "twitter.com/wales4me", "expanded_url": "https://twitter.com/wales4me", "indices": [0, 22]}]}, "description": {"urls": []}}, "listed_count": 0, "contributors_enabled": false, "following": false, "followers_count": 1, "follow_request_sent": false, "id": 23783299, "is_translation_enabled": false, "profile_background_color": "C0DEED", "profile_image_url_https": "https://pbs.twimg.com/profile_images/1479734318/IMG04_normal.JPG", "has_extended_profile": false, "status": {"geo": null, "lang": "en", "in_reply_to_status_id_str": "923181896858824705", "in_reply_to_user_id_str": "905095603297943554", "favorited": false, "contributors": null, "id_str": "923725041036136448", "retweeted": false, "place": null, "in_reply_to_user_id": 905095603297943554, "favorite_count": 0, "source": "<a href=\"http://twitter.com/download/android\" rel=\"nofollow\">Twitter for Android</a>", "entities": {"symbols": [], "urls": [], "hashtags": [], "user_mentions": [{"id": 905095603297943554, "id_str": "905095603297943554", "indices": [0, 12], "name": "Andy", "screen_name": "frostycamel"}, {"id": 3580248555, "id_str": "3580248555", "indices": [13, 26], "name": "Trumpism\u2122", "screen_name": "Team_Trump45"}, {"id": 25073877, "id_str": "25073877", "indices": [27, 43], "name": "Donald J. Trump", "screen_name": "realDonaldTrump"}]}, "in_reply_to_screen_name": "frostycamel", "is_quote_status": false, "truncated": false, "id": 923725041036136448, "coordinates": null, "in_reply_to_status_id": 923181896858824705, "retweet_count": 0, "text": "@frostycamel @Team_Trump45 @realDonaldTrump Details.", "created_at": "Fri Oct 27 01:36:26 +0000 2017"}, "friends_count": 37, "verified": false, "description": "Enjoying retirement", "geo_enabled": false, "location": "Concord, California", "id_str": "23783299", "profile_background_image_url": "http://abs.twimg.com/images/themes/theme1/bg.png", "profile_background_image_url_https": "https://abs.twimg.com/images/themes/theme1/bg.png", "default_profile_image": false, "profile_background_tile": false}
2017-11-09T06:00:04.988993	{"lang": "en", "friends_count": 37, "id_str": "23783299", "follow_request_sent": false, "time_zone": "Pacific Time (US & Canada)", "is_translator": false, "profile_sidebar_fill_color": "DDEEF6", "name": "Don", "notifications": false, "profile_sidebar_border_color": "C0DEED", "listed_count": 0, "description": "Enjoying retirement", "profile_background_image_url_https": "https://abs.twimg.com/images/themes/theme1/bg.png", "location": "Concord, California", "favourites_count": 20, "verified": false, "has_extended_profile": false, "profile_text_color": "333333", "geo_enabled": false, "translator_type": "none", "profile_use_background_image": true, "utc_offset": -28800, "default_profile_image": false, "created_at": "Wed Mar 11 16:07:12 +0000 2009", "statuses_count": 31, "profile_image_url": "http://pbs.twimg.com/profile_images/1479734318/IMG04_normal.JPG", "is_translation_enabled": false, "following": false, "contributors_enabled": false, "profile_background_color": "C0DEED", "followers_count": 1, "default_profile": true, "profile_background_tile": false, "entities": {"url": {"urls": [{"url": "http://t.co/MBuagCc1vd", "display_url": "twitter.com/wales4me", "expanded_url": "https://twitter.com/wales4me", "indices": [0, 22]}]}, "description": {"urls": []}}, "url": "http://t.co/MBuagCc1vd", "status": {"is_quote_status": false, "lang": "en", "in_reply_to_status_id": 923181896858824705, "id_str": "923725041036136448", "retweeted": false, "in_reply_to_user_id": 905095603297943554, "text": "@frostycamel @Team_Trump45 @realDonaldTrump Details.", "in_reply_to_screen_name": "frostycamel", "truncated": false, "favorite_count": 0, "favorited": false, "place": null, "id": 923725041036136448, "source": "<a href=\"http://twitter.com/download/android\" rel=\"nofollow\">Twitter for Android</a>", "created_at": "Fri Oct 27 01:36:26 +0000 2017", "contributors": null, "entities": {"user_mentions": [{"id_str": "905095603297943554", "indices": [0, 12], "screen_name": "frostycamel", "name": "Andy", "id": 905095603297943554}, {"id_str": "3580248555", "indices": [13, 26], "screen_name": "Team_Trump45", "name": "Trumpism\u2122", "id": 3580248555}, {"id_str": "25073877", "indices": [27, 43], "screen_name": "realDonaldTrump", "name": "Donald J. Trump", "id": 25073877}], "urls": [], "hashtags": [], "symbols": []}, "retweet_count": 0, "in_reply_to_user_id_str": "905095603297943554", "geo": null, "in_reply_to_status_id_str": "923181896858824705", "coordinates": null}, "protected": false, "profile_image_url_https": "https://pbs.twimg.com/profile_images/1479734318/IMG04_normal.JPG", "profile_background_image_url": "http://abs.twimg.com/images/themes/theme1/bg.png", "id": 23783299, "screen_name": "wales4me", "profile_link_color": "1DA1F2"}
2017-11-09T07:00:04.971653	{"following": false, "follow_request_sent": false, "profile_link_color": "1DA1F2", "profile_background_image_url": "http://abs.twimg.com/images/themes/theme1/bg.png", "location": "Concord, California", "profile_text_color": "333333", "verified": false, "id_str": "23783299", "screen_name": "wales4me", "utc_offset": -28800, "listed_count": 0, "profile_use_background_image": true, "name": "Don", "profile_background_tile": false, "contributors_enabled": false, "profile_sidebar_fill_color": "DDEEF6", "friends_count": 37, "time_zone": "Pacific Time (US & Canada)", "status": {"retweet_count": 0, "in_reply_to_user_id_str": "905095603297943554", "retweeted": false, "in_reply_to_screen_name": "frostycamel", "source": "<a href=\"http://twitter.com/download/android\" rel=\"nofollow\">Twitter for Android</a>", "contributors": null, "in_reply_to_user_id": 905095603297943554, "is_quote_status": false, "in_reply_to_status_id_str": "923181896858824705", "in_reply_to_status_id": 923181896858824705, "geo": null, "favorited": false, "coordinates": null, "place": null, "created_at": "Fri Oct 27 01:36:26 +0000 2017", "text": "@frostycamel @Team_Trump45 @realDonaldTrump Details.", "id": 923725041036136448, "favorite_count": 0, "truncated": false, "id_str": "923725041036136448", "lang": "en", "entities": {"symbols": [], "user_mentions": [{"name": "Andy", "id": 905095603297943554, "indices": [0, 12], "screen_name": "frostycamel", "id_str": "905095603297943554"}, {"name": "Trumpism\u2122", "id": 3580248555, "indices": [13, 26], "screen_name": "Team_Trump45", "id_str": "3580248555"}, {"name": "Donald J. Trump", "id": 25073877, "indices": [27, 43], "screen_name": "realDonaldTrump", "id_str": "25073877"}], "hashtags": [], "urls": []}}, "default_profile": true, "profile_image_url": "http://pbs.twimg.com/profile_images/1479734318/IMG04_normal.JPG", "description": "Enjoying retirement", "created_at": "Wed Mar 11 16:07:12 +0000 2009", "id": 23783299, "translator_type": "none", "url": "http://t.co/MBuagCc1vd", "favourites_count": 20, "notifications": false, "lang": "en", "profile_background_image_url_https": "https://abs.twimg.com/images/themes/theme1/bg.png", "profile_background_color": "C0DEED", "default_profile_image": false, "has_extended_profile": false, "protected": false, "statuses_count": 31, "followers_count": 1, "is_translator": false, "profile_image_url_https": "https://pbs.twimg.com/profile_images/1479734318/IMG04_normal.JPG", "is_translation_enabled": false, "geo_enabled": false, "entities": {"url": {"urls": [{"expanded_url": "https://twitter.com/wales4me", "display_url": "twitter.com/wales4me", "url": "http://t.co/MBuagCc1vd", "indices": [0, 22]}]}, "description": {"urls": []}}, "profile_sidebar_border_color": "C0DEED"}
2017-11-09T08:00:05.267914	{"id": 23783299, "is_translator": false, "description": "Enjoying retirement", "time_zone": "Pacific Time (US & Canada)", "listed_count": 0, "profile_image_url_https": "https://pbs.twimg.com/profile_images/1479734318/IMG04_normal.JPG", "profile_background_image_url": "http://abs.twimg.com/images/themes/theme1/bg.png", "contributors_enabled": false, "translator_type": "none", "screen_name": "wales4me", "profile_sidebar_border_color": "C0DEED", "following": false, "status": {"id": 923725041036136448, "retweeted": false, "favorite_count": 0, "favorited": false, "retweet_count": 0, "is_quote_status": false, "in_reply_to_user_id": 905095603297943554, "in_reply_to_status_id": 923181896858824705, "place": null, "truncated": false, "id_str": "923725041036136448", "lang": "en", "source": "<a href=\"http://twitter.com/download/android\" rel=\"nofollow\">Twitter for Android</a>", "in_reply_to_screen_name": "frostycamel", "entities": {"hashtags": [], "symbols": [], "urls": [], "user_mentions": [{"id": 905095603297943554, "id_str": "905095603297943554", "name": "Andy", "screen_name": "frostycamel", "indices": [0, 12]}, {"id": 3580248555, "id_str": "3580248555", "name": "Trumpism\u2122", "screen_name": "Team_Trump45", "indices": [13, 26]}, {"id": 25073877, "id_str": "25073877", "name": "Donald J. Trump", "screen_name": "realDonaldTrump", "indices": [27, 43]}]}, "geo": null, "in_reply_to_status_id_str": "923181896858824705", "contributors": null, "coordinates": null, "in_reply_to_user_id_str": "905095603297943554", "created_at": "Fri Oct 27 01:36:26 +0000 2017", "text": "@frostycamel @Team_Trump45 @realDonaldTrump Details."}, "profile_background_image_url_https": "https://abs.twimg.com/images/themes/theme1/bg.png", "url": "http://t.co/MBuagCc1vd", "friends_count": 37, "profile_text_color": "333333", "profile_background_tile": false, "name": "Don", "favourites_count": 20, "follow_request_sent": false, "default_profile_image": false, "notifications": false, "id_str": "23783299", "lang": "en", "profile_link_color": "1DA1F2", "entities": {"description": {"urls": []}, "url": {"urls": [{"display_url": "twitter.com/wales4me", "expanded_url": "https://twitter.com/wales4me", "url": "http://t.co/MBuagCc1vd", "indices": [0, 22]}]}}, "followers_count": 1, "utc_offset": -28800, "profile_sidebar_fill_color": "DDEEF6", "verified": false, "statuses_count": 31, "has_extended_profile": false, "is_translation_enabled": false, "profile_use_background_image": true, "profile_image_url": "http://pbs.twimg.com/profile_images/1479734318/IMG04_normal.JPG", "profile_background_color": "C0DEED", "location": "Concord, California", "protected": false, "created_at": "Wed Mar 11 16:07:12 +0000 2009", "geo_enabled": false, "default_profile": true}
2017-11-09T09:00:05.306109	{"profile_link_color": "1DA1F2", "default_profile": true, "created_at": "Wed Mar 11 16:07:12 +0000 2009", "profile_image_url": "http://pbs.twimg.com/profile_images/1479734318/IMG04_normal.JPG", "following": false, "translator_type": "none", "name": "Don", "profile_sidebar_border_color": "C0DEED", "screen_name": "wales4me", "followers_count": 1, "follow_request_sent": false, "favourites_count": 20, "has_extended_profile": false, "profile_background_color": "C0DEED", "notifications": false, "protected": false, "listed_count": 0, "profile_background_image_url": "http://abs.twimg.com/images/themes/theme1/bg.png", "lang": "en", "is_translator": false, "verified": false, "geo_enabled": false, "status": {"source": "<a href=\"http://twitter.com/download/android\" rel=\"nofollow\">Twitter for Android</a>", "created_at": "Fri Oct 27 01:36:26 +0000 2017", "geo": null, "retweeted": false, "contributors": null, "favorite_count": 0, "in_reply_to_status_id": 923181896858824705, "id_str": "923725041036136448", "retweet_count": 0, "place": null, "text": "@frostycamel @Team_Trump45 @realDonaldTrump Details.", "lang": "en", "in_reply_to_screen_name": "frostycamel", "id": 923725041036136448, "truncated": false, "in_reply_to_user_id_str": "905095603297943554", "is_quote_status": false, "entities": {"hashtags": [], "symbols": [], "user_mentions": [{"name": "Andy", "id": 905095603297943554, "screen_name": "frostycamel", "id_str": "905095603297943554", "indices": [0, 12]}, {"name": "Trumpism\u2122", "id": 3580248555, "screen_name": "Team_Trump45", "id_str": "3580248555", "indices": [13, 26]}, {"name": "Donald J. Trump", "id": 25073877, "screen_name": "realDonaldTrump", "id_str": "25073877", "indices": [27, 43]}], "urls": []}, "favorited": false, "in_reply_to_user_id": 905095603297943554, "in_reply_to_status_id_str": "923181896858824705", "coordinates": null}, "is_translation_enabled": false, "id": 23783299, "profile_background_tile": false, "location": "Concord, California", "profile_text_color": "333333", "profile_image_url_https": "https://pbs.twimg.com/profile_images/1479734318/IMG04_normal.JPG", "url": "http://t.co/MBuagCc1vd", "time_zone": "Pacific Time (US & Canada)", "profile_use_background_image": true, "id_str": "23783299", "description": "Enjoying retirement", "entities": {"url": {"urls": [{"url": "http://t.co/MBuagCc1vd", "expanded_url": "https://twitter.com/wales4me", "display_url": "twitter.com/wales4me", "indices": [0, 22]}]}, "description": {"urls": []}}, "utc_offset": -28800, "profile_sidebar_fill_color": "DDEEF6", "friends_count": 37, "default_profile_image": false, "contributors_enabled": false, "statuses_count": 31, "profile_background_image_url_https": "https://abs.twimg.com/images/themes/theme1/bg.png"}
2017-11-09T10:00:05.008115	{"translator_type": "none", "is_translator": false, "lang": "en", "followers_count": 1, "favourites_count": 20, "profile_image_url": "http://pbs.twimg.com/profile_images/1479734318/IMG04_normal.JPG", "default_profile_image": false, "profile_background_color": "C0DEED", "following": false, "profile_image_url_https": "https://pbs.twimg.com/profile_images/1479734318/IMG04_normal.JPG", "verified": false, "utc_offset": -28800, "profile_sidebar_fill_color": "DDEEF6", "notifications": false, "statuses_count": 31, "default_profile": true, "profile_link_color": "1DA1F2", "contributors_enabled": false, "listed_count": 0, "is_translation_enabled": false, "screen_name": "wales4me", "profile_sidebar_border_color": "C0DEED", "location": "Concord, California", "url": "http://t.co/MBuagCc1vd", "status": {"lang": "en", "text": "@frostycamel @Team_Trump45 @realDonaldTrump Details.", "in_reply_to_user_id_str": "905095603297943554", "in_reply_to_status_id": 923181896858824705, "favorite_count": 0, "source": "<a href=\"http://twitter.com/download/android\" rel=\"nofollow\">Twitter for Android</a>", "in_reply_to_user_id": 905095603297943554, "retweet_count": 0, "favorited": false, "geo": null, "retweeted": false, "is_quote_status": false, "contributors": null, "in_reply_to_screen_name": "frostycamel", "truncated": false, "id_str": "923725041036136448", "entities": {"symbols": [], "urls": [], "user_mentions": [{"id": 905095603297943554, "id_str": "905095603297943554", "indices": [0, 12], "name": "Andy", "screen_name": "frostycamel"}, {"id": 3580248555, "id_str": "3580248555", "indices": [13, 26], "name": "Trumpism\u2122", "screen_name": "Team_Trump45"}, {"id": 25073877, "id_str": "25073877", "indices": [27, 43], "name": "Donald J. Trump", "screen_name": "realDonaldTrump"}], "hashtags": []}, "place": null, "id": 923725041036136448, "coordinates": null, "created_at": "Fri Oct 27 01:36:26 +0000 2017", "in_reply_to_status_id_str": "923181896858824705"}, "follow_request_sent": false, "profile_background_image_url_https": "https://abs.twimg.com/images/themes/theme1/bg.png", "profile_background_image_url": "http://abs.twimg.com/images/themes/theme1/bg.png", "description": "Enjoying retirement", "has_extended_profile": false, "time_zone": "Pacific Time (US & Canada)", "profile_background_tile": false, "id_str": "23783299", "entities": {"description": {"urls": []}, "url": {"urls": [{"indices": [0, 22], "expanded_url": "https://twitter.com/wales4me", "display_url": "twitter.com/wales4me", "url": "http://t.co/MBuagCc1vd"}]}}, "friends_count": 37, "profile_text_color": "333333", "id": 23783299, "geo_enabled": false, "profile_use_background_image": true, "protected": false, "created_at": "Wed Mar 11 16:07:12 +0000 2009", "name": "Don"}
2017-11-09T11:00:05.941856	{"is_translator": false, "translator_type": "none", "id": 23783299, "default_profile": true, "location": "Concord, California", "profile_text_color": "333333", "time_zone": "Pacific Time (US & Canada)", "follow_request_sent": false, "profile_sidebar_fill_color": "DDEEF6", "has_extended_profile": false, "description": "Enjoying retirement", "profile_image_url": "http://pbs.twimg.com/profile_images/1479734318/IMG04_normal.JPG", "default_profile_image": false, "profile_link_color": "1DA1F2", "entities": {"url": {"urls": [{"display_url": "twitter.com/wales4me", "expanded_url": "https://twitter.com/wales4me", "url": "http://t.co/MBuagCc1vd", "indices": [0, 22]}]}, "description": {"urls": []}}, "name": "Don", "profile_background_image_url": "http://abs.twimg.com/images/themes/theme1/bg.png", "status": {"id": 923725041036136448, "in_reply_to_status_id": 923181896858824705, "source": "<a href=\"http://twitter.com/download/android\" rel=\"nofollow\">Twitter for Android</a>", "in_reply_to_user_id_str": "905095603297943554", "is_quote_status": false, "place": null, "entities": {"hashtags": [], "symbols": [], "urls": [], "user_mentions": [{"id_str": "905095603297943554", "indices": [0, 12], "name": "Andy", "id": 905095603297943554, "screen_name": "frostycamel"}, {"id_str": "3580248555", "indices": [13, 26], "name": "Trumpism\u2122", "id": 3580248555, "screen_name": "Team_Trump45"}, {"id_str": "25073877", "indices": [27, 43], "name": "Donald J. Trump", "id": 25073877, "screen_name": "realDonaldTrump"}]}, "in_reply_to_screen_name": "frostycamel", "geo": null, "in_reply_to_user_id": 905095603297943554, "retweet_count": 0, "retweeted": false, "created_at": "Fri Oct 27 01:36:26 +0000 2017", "text": "@frostycamel @Team_Trump45 @realDonaldTrump Details.", "lang": "en", "truncated": false, "favorite_count": 0, "id_str": "923725041036136448", "coordinates": null, "contributors": null, "favorited": false, "in_reply_to_status_id_str": "923181896858824705"}, "statuses_count": 31, "verified": false, "profile_image_url_https": "https://pbs.twimg.com/profile_images/1479734318/IMG04_normal.JPG", "profile_background_tile": false, "utc_offset": -28800, "lang": "en", "following": false, "created_at": "Wed Mar 11 16:07:12 +0000 2009", "followers_count": 1, "is_translation_enabled": false, "favourites_count": 20, "contributors_enabled": false, "id_str": "23783299", "notifications": false, "screen_name": "wales4me", "profile_use_background_image": true, "profile_background_color": "C0DEED", "friends_count": 37, "geo_enabled": false, "profile_sidebar_border_color": "C0DEED", "listed_count": 0, "profile_background_image_url_https": "https://abs.twimg.com/images/themes/theme1/bg.png", "url": "http://t.co/MBuagCc1vd", "protected": false}
2017-11-09T12:00:04.936639	{"profile_image_url": "http://pbs.twimg.com/profile_images/1479734318/IMG04_normal.JPG", "translator_type": "none", "url": "http://t.co/MBuagCc1vd", "is_translator": false, "is_translation_enabled": false, "notifications": false, "profile_image_url_https": "https://pbs.twimg.com/profile_images/1479734318/IMG04_normal.JPG", "follow_request_sent": false, "statuses_count": 31, "profile_background_image_url": "http://abs.twimg.com/images/themes/theme1/bg.png", "profile_background_tile": false, "description": "Enjoying retirement", "protected": false, "status": {"created_at": "Fri Oct 27 01:36:26 +0000 2017", "in_reply_to_status_id": 923181896858824705, "text": "@frostycamel @Team_Trump45 @realDonaldTrump Details.", "geo": null, "retweeted": false, "in_reply_to_screen_name": "frostycamel", "favorite_count": 0, "favorited": false, "source": "<a href=\"http://twitter.com/download/android\" rel=\"nofollow\">Twitter for Android</a>", "id": 923725041036136448, "truncated": false, "in_reply_to_user_id": 905095603297943554, "contributors": null, "id_str": "923725041036136448", "entities": {"urls": [], "symbols": [], "user_mentions": [{"id_str": "905095603297943554", "id": 905095603297943554, "name": "Andy", "indices": [0, 12], "screen_name": "frostycamel"}, {"id_str": "3580248555", "id": 3580248555, "name": "Trumpism\u2122", "indices": [13, 26], "screen_name": "Team_Trump45"}, {"id_str": "25073877", "id": 25073877, "name": "Donald J. Trump", "indices": [27, 43], "screen_name": "realDonaldTrump"}], "hashtags": []}, "retweet_count": 0, "in_reply_to_status_id_str": "923181896858824705", "lang": "en", "coordinates": null, "place": null, "in_reply_to_user_id_str": "905095603297943554", "is_quote_status": false}, "followers_count": 1, "utc_offset": -28800, "profile_background_color": "C0DEED", "verified": false, "geo_enabled": false, "time_zone": "Pacific Time (US & Canada)", "has_extended_profile": false, "profile_sidebar_fill_color": "DDEEF6", "default_profile": true, "id": 23783299, "profile_use_background_image": true, "screen_name": "wales4me", "name": "Don", "entities": {"description": {"urls": []}, "url": {"urls": [{"url": "http://t.co/MBuagCc1vd", "display_url": "twitter.com/wales4me", "indices": [0, 22], "expanded_url": "https://twitter.com/wales4me"}]}}, "location": "Concord, California", "profile_link_color": "1DA1F2", "contributors_enabled": false, "lang": "en", "friends_count": 37, "created_at": "Wed Mar 11 16:07:12 +0000 2009", "profile_sidebar_border_color": "C0DEED", "following": false, "default_profile_image": false, "favourites_count": 20, "listed_count": 0, "id_str": "23783299", "profile_background_image_url_https": "https://abs.twimg.com/images/themes/theme1/bg.png", "profile_text_color": "333333"}
2017-11-09T13:00:04.709911	{"verified": false, "profile_background_color": "C0DEED", "statuses_count": 31, "is_translation_enabled": false, "has_extended_profile": false, "profile_image_url": "http://pbs.twimg.com/profile_images/1479734318/IMG04_normal.JPG", "screen_name": "wales4me", "description": "Enjoying retirement", "is_translator": false, "listed_count": 0, "friends_count": 37, "default_profile_image": false, "default_profile": true, "profile_text_color": "333333", "profile_link_color": "1DA1F2", "protected": false, "favourites_count": 20, "created_at": "Wed Mar 11 16:07:12 +0000 2009", "status": {"in_reply_to_status_id": 923181896858824705, "retweet_count": 0, "truncated": false, "in_reply_to_screen_name": "frostycamel", "is_quote_status": false, "in_reply_to_user_id": 905095603297943554, "in_reply_to_status_id_str": "923181896858824705", "created_at": "Fri Oct 27 01:36:26 +0000 2017", "lang": "en", "text": "@frostycamel @Team_Trump45 @realDonaldTrump Details.", "favorited": false, "id": 923725041036136448, "coordinates": null, "id_str": "923725041036136448", "entities": {"user_mentions": [{"indices": [0, 12], "name": "Andy", "id_str": "905095603297943554", "id": 905095603297943554, "screen_name": "frostycamel"}, {"indices": [13, 26], "name": "Trumpism\u2122", "id_str": "3580248555", "id": 3580248555, "screen_name": "Team_Trump45"}, {"indices": [27, 43], "name": "Donald J. Trump", "id_str": "25073877", "id": 25073877, "screen_name": "realDonaldTrump"}], "hashtags": [], "urls": [], "symbols": []}, "in_reply_to_user_id_str": "905095603297943554", "geo": null, "contributors": null, "favorite_count": 0, "source": "<a href=\"http://twitter.com/download/android\" rel=\"nofollow\">Twitter for Android</a>", "place": null, "retweeted": false}, "lang": "en", "geo_enabled": false, "profile_use_background_image": true, "following": false, "id": 23783299, "profile_sidebar_border_color": "C0DEED", "translator_type": "none", "url": "http://t.co/MBuagCc1vd", "profile_background_tile": false, "entities": {"description": {"urls": []}, "url": {"urls": [{"indices": [0, 22], "display_url": "twitter.com/wales4me", "url": "http://t.co/MBuagCc1vd", "expanded_url": "https://twitter.com/wales4me"}]}}, "time_zone": "Pacific Time (US & Canada)", "contributors_enabled": false, "id_str": "23783299", "name": "Don", "notifications": false, "profile_background_image_url": "http://abs.twimg.com/images/themes/theme1/bg.png", "follow_request_sent": false, "utc_offset": -28800, "profile_sidebar_fill_color": "DDEEF6", "profile_image_url_https": "https://pbs.twimg.com/profile_images/1479734318/IMG04_normal.JPG", "location": "Concord, California", "profile_background_image_url_https": "https://abs.twimg.com/images/themes/theme1/bg.png", "followers_count": 1}
2017-11-09T14:00:04.596371	{"time_zone": "Pacific Time (US & Canada)", "favourites_count": 20, "protected": false, "id": 23783299, "profile_sidebar_fill_color": "DDEEF6", "default_profile_image": false, "screen_name": "wales4me", "followers_count": 1, "profile_background_color": "C0DEED", "profile_sidebar_border_color": "C0DEED", "description": "Enjoying retirement", "profile_link_color": "1DA1F2", "profile_use_background_image": true, "translator_type": "none", "location": "Concord, California", "utc_offset": -28800, "has_extended_profile": false, "notifications": false, "name": "Don", "profile_background_image_url": "http://abs.twimg.com/images/themes/theme1/bg.png", "profile_text_color": "333333", "entities": {"description": {"urls": []}, "url": {"urls": [{"display_url": "twitter.com/wales4me", "expanded_url": "https://twitter.com/wales4me", "url": "http://t.co/MBuagCc1vd", "indices": [0, 22]}]}}, "friends_count": 37, "geo_enabled": false, "listed_count": 0, "is_translation_enabled": false, "default_profile": true, "follow_request_sent": false, "profile_image_url_https": "https://pbs.twimg.com/profile_images/1479734318/IMG04_normal.JPG", "following": false, "created_at": "Wed Mar 11 16:07:12 +0000 2009", "status": {"in_reply_to_status_id": 923181896858824705, "id": 923725041036136448, "source": "<a href=\"http://twitter.com/download/android\" rel=\"nofollow\">Twitter for Android</a>", "truncated": false, "place": null, "favorite_count": 0, "in_reply_to_user_id": 905095603297943554, "is_quote_status": false, "entities": {"user_mentions": [{"screen_name": "frostycamel", "id_str": "905095603297943554", "name": "Andy", "id": 905095603297943554, "indices": [0, 12]}, {"screen_name": "Team_Trump45", "id_str": "3580248555", "name": "Trumpism\u2122", "id": 3580248555, "indices": [13, 26]}, {"screen_name": "realDonaldTrump", "id_str": "25073877", "name": "Donald J. Trump", "id": 25073877, "indices": [27, 43]}], "urls": [], "symbols": [], "hashtags": []}, "in_reply_to_status_id_str": "923181896858824705", "contributors": null, "in_reply_to_user_id_str": "905095603297943554", "favorited": false, "geo": null, "retweeted": false, "in_reply_to_screen_name": "frostycamel", "lang": "en", "text": "@frostycamel @Team_Trump45 @realDonaldTrump Details.", "retweet_count": 0, "id_str": "923725041036136448", "created_at": "Fri Oct 27 01:36:26 +0000 2017", "coordinates": null}, "lang": "en", "contributors_enabled": false, "url": "http://t.co/MBuagCc1vd", "is_translator": false, "statuses_count": 31, "profile_background_tile": false, "id_str": "23783299", "verified": false, "profile_background_image_url_https": "https://abs.twimg.com/images/themes/theme1/bg.png", "profile_image_url": "http://pbs.twimg.com/profile_images/1479734318/IMG04_normal.JPG"}
2017-11-09T15:00:04.716357	{"has_extended_profile": false, "profile_text_color": "333333", "notifications": false, "screen_name": "wales4me", "profile_background_tile": false, "follow_request_sent": false, "id_str": "23783299", "contributors_enabled": false, "entities": {"description": {"urls": []}, "url": {"urls": [{"indices": [0, 22], "expanded_url": "https://twitter.com/wales4me", "display_url": "twitter.com/wales4me", "url": "http://t.co/MBuagCc1vd"}]}}, "time_zone": "Pacific Time (US & Canada)", "profile_image_url_https": "https://pbs.twimg.com/profile_images/1479734318/IMG04_normal.JPG", "profile_link_color": "1DA1F2", "protected": false, "profile_background_image_url": "http://abs.twimg.com/images/themes/theme1/bg.png", "is_translation_enabled": false, "listed_count": 0, "default_profile_image": false, "lang": "en", "followers_count": 1, "status": {"geo": null, "retweeted": false, "in_reply_to_status_id": 923181896858824705, "in_reply_to_status_id_str": "923181896858824705", "in_reply_to_user_id_str": "905095603297943554", "source": "<a href=\"http://twitter.com/download/android\" rel=\"nofollow\">Twitter for Android</a>", "place": null, "lang": "en", "contributors": null, "favorite_count": 0, "entities": {"urls": [], "user_mentions": [{"id": 905095603297943554, "indices": [0, 12], "name": "Andy", "id_str": "905095603297943554", "screen_name": "frostycamel"}, {"id": 3580248555, "indices": [13, 26], "name": "Trumpism\u2122", "id_str": "3580248555", "screen_name": "Team_Trump45"}, {"id": 25073877, "indices": [27, 43], "name": "Donald J. Trump", "id_str": "25073877", "screen_name": "realDonaldTrump"}], "symbols": [], "hashtags": []}, "in_reply_to_screen_name": "frostycamel", "coordinates": null, "id_str": "923725041036136448", "text": "@frostycamel @Team_Trump45 @realDonaldTrump Details.", "favorited": false, "in_reply_to_user_id": 905095603297943554, "retweet_count": 0, "id": 923725041036136448, "is_quote_status": false, "created_at": "Fri Oct 27 01:36:26 +0000 2017", "truncated": false}, "name": "Don", "profile_background_color": "C0DEED", "profile_use_background_image": true, "location": "Concord, California", "profile_sidebar_border_color": "C0DEED", "verified": false, "default_profile": true, "statuses_count": 31, "translator_type": "none", "utc_offset": -28800, "following": false, "profile_sidebar_fill_color": "DDEEF6", "description": "Enjoying retirement", "profile_image_url": "http://pbs.twimg.com/profile_images/1479734318/IMG04_normal.JPG", "favourites_count": 20, "url": "http://t.co/MBuagCc1vd", "is_translator": false, "id": 23783299, "friends_count": 37, "geo_enabled": false, "created_at": "Wed Mar 11 16:07:12 +0000 2009", "profile_background_image_url_https": "https://abs.twimg.com/images/themes/theme1/bg.png"}
2017-11-09T16:00:04.676551	{"status": {"retweeted": false, "entities": {"hashtags": [], "user_mentions": [{"id": 905095603297943554, "indices": [0, 12], "id_str": "905095603297943554", "screen_name": "frostycamel", "name": "Andy"}, {"id": 3580248555, "indices": [13, 26], "id_str": "3580248555", "screen_name": "Team_Trump45", "name": "Trumpism\u2122"}, {"id": 25073877, "indices": [27, 43], "id_str": "25073877", "screen_name": "realDonaldTrump", "name": "Donald J. Trump"}], "symbols": [], "urls": []}, "source": "<a href=\"http://twitter.com/download/android\" rel=\"nofollow\">Twitter for Android</a>", "id_str": "923725041036136448", "is_quote_status": false, "contributors": null, "in_reply_to_user_id_str": "905095603297943554", "created_at": "Fri Oct 27 01:36:26 +0000 2017", "truncated": false, "retweet_count": 0, "in_reply_to_screen_name": "frostycamel", "lang": "en", "geo": null, "text": "@frostycamel @Team_Trump45 @realDonaldTrump Details.", "place": null, "favorite_count": 0, "in_reply_to_status_id_str": "923181896858824705", "coordinates": null, "in_reply_to_status_id": 923181896858824705, "in_reply_to_user_id": 905095603297943554, "favorited": false, "id": 923725041036136448}, "is_translator": false, "entities": {"url": {"urls": [{"url": "http://t.co/MBuagCc1vd", "indices": [0, 22], "expanded_url": "https://twitter.com/wales4me", "display_url": "twitter.com/wales4me"}]}, "description": {"urls": []}}, "notifications": false, "default_profile": true, "favourites_count": 20, "id_str": "23783299", "profile_background_image_url_https": "https://abs.twimg.com/images/themes/theme1/bg.png", "profile_image_url_https": "https://pbs.twimg.com/profile_images/1479734318/IMG04_normal.JPG", "profile_text_color": "333333", "profile_image_url": "http://pbs.twimg.com/profile_images/1479734318/IMG04_normal.JPG", "lang": "en", "created_at": "Wed Mar 11 16:07:12 +0000 2009", "profile_background_image_url": "http://abs.twimg.com/images/themes/theme1/bg.png", "name": "Don", "following": false, "profile_use_background_image": true, "profile_sidebar_fill_color": "DDEEF6", "is_translation_enabled": false, "translator_type": "none", "default_profile_image": false, "profile_background_color": "C0DEED", "location": "Concord, California", "profile_background_tile": false, "contributors_enabled": false, "screen_name": "wales4me", "profile_sidebar_border_color": "C0DEED", "follow_request_sent": false, "description": "Enjoying retirement", "profile_link_color": "1DA1F2", "followers_count": 1, "has_extended_profile": false, "protected": false, "utc_offset": -28800, "listed_count": 0, "verified": false, "time_zone": "Pacific Time (US & Canada)", "url": "http://t.co/MBuagCc1vd", "id": 23783299, "geo_enabled": false, "friends_count": 37, "statuses_count": 31}
2017-11-09T17:00:05.418581	{"status": {"geo": null, "in_reply_to_user_id_str": "905095603297943554", "favorite_count": 0, "source": "<a href=\"http://twitter.com/download/android\" rel=\"nofollow\">Twitter for Android</a>", "lang": "en", "contributors": null, "is_quote_status": false, "id_str": "923725041036136448", "created_at": "Fri Oct 27 01:36:26 +0000 2017", "in_reply_to_status_id": 923181896858824705, "retweeted": false, "retweet_count": 0, "truncated": false, "in_reply_to_screen_name": "frostycamel", "text": "@frostycamel @Team_Trump45 @realDonaldTrump Details.", "in_reply_to_user_id": 905095603297943554, "in_reply_to_status_id_str": "923181896858824705", "place": null, "entities": {"hashtags": [], "urls": [], "symbols": [], "user_mentions": [{"name": "Andy", "id_str": "905095603297943554", "screen_name": "frostycamel", "indices": [0, 12], "id": 905095603297943554}, {"name": "Trumpism\u2122", "id_str": "3580248555", "screen_name": "Team_Trump45", "indices": [13, 26], "id": 3580248555}, {"name": "Donald J. Trump", "id_str": "25073877", "screen_name": "realDonaldTrump", "indices": [27, 43], "id": 25073877}]}, "favorited": false, "coordinates": null, "id": 923725041036136448}, "friends_count": 37, "profile_background_color": "C0DEED", "location": "Concord, California", "profile_background_tile": false, "followers_count": 1, "profile_image_url_https": "https://pbs.twimg.com/profile_images/1479734318/IMG04_normal.JPG", "protected": false, "time_zone": "Pacific Time (US & Canada)", "lang": "en", "listed_count": 0, "default_profile": true, "favourites_count": 20, "profile_sidebar_fill_color": "DDEEF6", "notifications": false, "id_str": "23783299", "profile_sidebar_border_color": "C0DEED", "is_translator": false, "profile_use_background_image": true, "created_at": "Wed Mar 11 16:07:12 +0000 2009", "statuses_count": 31, "geo_enabled": false, "profile_background_image_url": "http://abs.twimg.com/images/themes/theme1/bg.png", "is_translation_enabled": false, "profile_text_color": "333333", "profile_image_url": "http://pbs.twimg.com/profile_images/1479734318/IMG04_normal.JPG", "name": "Don", "following": false, "follow_request_sent": false, "verified": false, "has_extended_profile": false, "description": "Enjoying retirement", "screen_name": "wales4me", "entities": {"url": {"urls": [{"url": "http://t.co/MBuagCc1vd", "indices": [0, 22], "expanded_url": "https://twitter.com/wales4me", "display_url": "twitter.com/wales4me"}]}, "description": {"urls": []}}, "default_profile_image": false, "contributors_enabled": false, "url": "http://t.co/MBuagCc1vd", "profile_background_image_url_https": "https://abs.twimg.com/images/themes/theme1/bg.png", "utc_offset": -28800, "profile_link_color": "1DA1F2", "id": 23783299, "translator_type": "none"}
2017-11-09T18:00:05.447415	{"profile_background_tile": false, "profile_sidebar_fill_color": "DDEEF6", "statuses_count": 31, "default_profile": true, "name": "Don", "favourites_count": 20, "notifications": false, "created_at": "Wed Mar 11 16:07:12 +0000 2009", "profile_text_color": "333333", "profile_background_color": "C0DEED", "listed_count": 0, "is_translator": false, "follow_request_sent": false, "url": "http://t.co/MBuagCc1vd", "following": false, "entities": {"description": {"urls": []}, "url": {"urls": [{"url": "http://t.co/MBuagCc1vd", "indices": [0, 22], "display_url": "twitter.com/wales4me", "expanded_url": "https://twitter.com/wales4me"}]}}, "default_profile_image": false, "lang": "en", "has_extended_profile": false, "profile_image_url_https": "https://pbs.twimg.com/profile_images/1479734318/IMG04_normal.JPG", "is_translation_enabled": false, "profile_sidebar_border_color": "C0DEED", "description": "Enjoying retirement", "verified": false, "id": 23783299, "profile_use_background_image": true, "profile_link_color": "1DA1F2", "id_str": "23783299", "translator_type": "none", "status": {"geo": null, "text": "@frostycamel @Team_Trump45 @realDonaldTrump Details.", "retweet_count": 0, "favorited": false, "created_at": "Fri Oct 27 01:36:26 +0000 2017", "source": "<a href=\"http://twitter.com/download/android\" rel=\"nofollow\">Twitter for Android</a>", "truncated": false, "in_reply_to_screen_name": "frostycamel", "in_reply_to_user_id": 905095603297943554, "in_reply_to_user_id_str": "905095603297943554", "in_reply_to_status_id_str": "923181896858824705", "entities": {"hashtags": [], "user_mentions": [{"id_str": "905095603297943554", "id": 905095603297943554, "name": "Andy", "indices": [0, 12], "screen_name": "frostycamel"}, {"id_str": "3580248555", "id": 3580248555, "name": "Trumpism\u2122", "indices": [13, 26], "screen_name": "Team_Trump45"}, {"id_str": "25073877", "id": 25073877, "name": "Donald J. Trump", "indices": [27, 43], "screen_name": "realDonaldTrump"}], "urls": [], "symbols": []}, "coordinates": null, "place": null, "is_quote_status": false, "id": 923725041036136448, "lang": "en", "id_str": "923725041036136448", "retweeted": false, "contributors": null, "in_reply_to_status_id": 923181896858824705, "favorite_count": 0}, "profile_background_image_url_https": "https://abs.twimg.com/images/themes/theme1/bg.png", "screen_name": "wales4me", "utc_offset": -28800, "protected": false, "time_zone": "Pacific Time (US & Canada)", "geo_enabled": false, "location": "Concord, California", "profile_image_url": "http://pbs.twimg.com/profile_images/1479734318/IMG04_normal.JPG", "profile_background_image_url": "http://abs.twimg.com/images/themes/theme1/bg.png", "followers_count": 1, "contributors_enabled": false, "friends_count": 37}
2017-11-09T19:00:04.652071	{"entities": {"url": {"urls": [{"display_url": "twitter.com/wales4me", "expanded_url": "https://twitter.com/wales4me", "url": "http://t.co/MBuagCc1vd", "indices": [0, 22]}]}, "description": {"urls": []}}, "contributors_enabled": false, "default_profile_image": false, "url": "http://t.co/MBuagCc1vd", "protected": false, "notifications": false, "id_str": "23783299", "listed_count": 0, "friends_count": 37, "location": "Concord, California", "profile_sidebar_border_color": "C0DEED", "profile_use_background_image": true, "created_at": "Wed Mar 11 16:07:12 +0000 2009", "profile_image_url": "http://pbs.twimg.com/profile_images/1479734318/IMG04_normal.JPG", "lang": "en", "profile_link_color": "1DA1F2", "utc_offset": -28800, "time_zone": "Pacific Time (US & Canada)", "profile_sidebar_fill_color": "DDEEF6", "is_translation_enabled": false, "geo_enabled": false, "profile_background_image_url_https": "https://abs.twimg.com/images/themes/theme1/bg.png", "following": false, "profile_text_color": "333333", "description": "Enjoying retirement", "profile_background_color": "C0DEED", "translator_type": "none", "followers_count": 1, "default_profile": true, "favourites_count": 20, "status": {"entities": {"hashtags": [], "user_mentions": [{"id": 905095603297943554, "name": "Andy", "id_str": "905095603297943554", "screen_name": "frostycamel", "indices": [0, 12]}, {"id": 3580248555, "name": "Trumpism\u2122", "id_str": "3580248555", "screen_name": "Team_Trump45", "indices": [13, 26]}, {"id": 25073877, "name": "Donald J. Trump", "id_str": "25073877", "screen_name": "realDonaldTrump", "indices": [27, 43]}], "symbols": [], "urls": []}, "in_reply_to_user_id_str": "905095603297943554", "contributors": null, "id_str": "923725041036136448", "retweet_count": 0, "favorited": false, "coordinates": null, "favorite_count": 0, "place": null, "created_at": "Fri Oct 27 01:36:26 +0000 2017", "lang": "en", "in_reply_to_status_id_str": "923181896858824705", "truncated": false, "is_quote_status": false, "retweeted": false, "in_reply_to_screen_name": "frostycamel", "source": "<a href=\"http://twitter.com/download/android\" rel=\"nofollow\">Twitter for Android</a>", "in_reply_to_status_id": 923181896858824705, "text": "@frostycamel @Team_Trump45 @realDonaldTrump Details.", "in_reply_to_user_id": 905095603297943554, "id": 923725041036136448, "geo": null}, "statuses_count": 31, "profile_background_tile": false, "profile_background_image_url": "http://abs.twimg.com/images/themes/theme1/bg.png", "is_translator": false, "follow_request_sent": false, "id": 23783299, "name": "Don", "verified": false, "screen_name": "wales4me", "profile_image_url_https": "https://pbs.twimg.com/profile_images/1479734318/IMG04_normal.JPG", "has_extended_profile": false}
2017-11-09T20:00:05.139856	{"follow_request_sent": false, "contributors_enabled": false, "profile_sidebar_fill_color": "DDEEF6", "profile_background_image_url": "http://abs.twimg.com/images/themes/theme1/bg.png", "profile_background_image_url_https": "https://abs.twimg.com/images/themes/theme1/bg.png", "followers_count": 1, "notifications": false, "profile_text_color": "333333", "is_translator": false, "location": "Concord, California", "profile_background_color": "C0DEED", "screen_name": "wales4me", "utc_offset": -28800, "protected": false, "profile_background_tile": false, "status": {"source": "<a href=\"http://twitter.com/download/android\" rel=\"nofollow\">Twitter for Android</a>", "geo": null, "favorite_count": 0, "truncated": false, "is_quote_status": false, "contributors": null, "in_reply_to_status_id": 923181896858824705, "text": "@frostycamel @Team_Trump45 @realDonaldTrump Details.", "coordinates": null, "in_reply_to_user_id_str": "905095603297943554", "retweeted": false, "in_reply_to_screen_name": "frostycamel", "entities": {"user_mentions": [{"id_str": "905095603297943554", "indices": [0, 12], "id": 905095603297943554, "screen_name": "frostycamel", "name": "Andy"}, {"id_str": "3580248555", "indices": [13, 26], "id": 3580248555, "screen_name": "Team_Trump45", "name": "Trumpism\u2122"}, {"id_str": "25073877", "indices": [27, 43], "id": 25073877, "screen_name": "realDonaldTrump", "name": "Donald J. Trump"}], "symbols": [], "hashtags": [], "urls": []}, "place": null, "lang": "en", "id": 923725041036136448, "id_str": "923725041036136448", "in_reply_to_user_id": 905095603297943554, "favorited": false, "retweet_count": 0, "in_reply_to_status_id_str": "923181896858824705", "created_at": "Fri Oct 27 01:36:26 +0000 2017"}, "default_profile": true, "profile_image_url_https": "https://pbs.twimg.com/profile_images/1479734318/IMG04_normal.JPG", "friends_count": 37, "entities": {"description": {"urls": []}, "url": {"urls": [{"indices": [0, 22], "display_url": "twitter.com/wales4me", "expanded_url": "https://twitter.com/wales4me", "url": "http://t.co/MBuagCc1vd"}]}}, "statuses_count": 31, "default_profile_image": false, "geo_enabled": false, "profile_use_background_image": true, "translator_type": "none", "profile_image_url": "http://pbs.twimg.com/profile_images/1479734318/IMG04_normal.JPG", "name": "Don", "has_extended_profile": false, "is_translation_enabled": false, "listed_count": 0, "description": "Enjoying retirement", "time_zone": "Pacific Time (US & Canada)", "id": 23783299, "id_str": "23783299", "favourites_count": 20, "lang": "en", "created_at": "Wed Mar 11 16:07:12 +0000 2009", "profile_sidebar_border_color": "C0DEED", "profile_link_color": "1DA1F2", "verified": false, "following": false, "url": "http://t.co/MBuagCc1vd"}
2017-11-09T21:00:04.249251	{"default_profile_image": false, "profile_background_color": "C0DEED", "id_str": "23783299", "protected": false, "profile_sidebar_fill_color": "DDEEF6", "translator_type": "none", "notifications": false, "profile_text_color": "333333", "profile_image_url_https": "https://pbs.twimg.com/profile_images/1479734318/IMG04_normal.JPG", "friends_count": 37, "name": "Don", "profile_background_tile": false, "statuses_count": 31, "utc_offset": -28800, "followers_count": 1, "entities": {"url": {"urls": [{"display_url": "twitter.com/wales4me", "expanded_url": "https://twitter.com/wales4me", "url": "http://t.co/MBuagCc1vd", "indices": [0, 22]}]}, "description": {"urls": []}}, "profile_use_background_image": true, "url": "http://t.co/MBuagCc1vd", "following": false, "status": {"id_str": "923725041036136448", "is_quote_status": false, "in_reply_to_screen_name": "frostycamel", "source": "<a href=\"http://twitter.com/download/android\" rel=\"nofollow\">Twitter for Android</a>", "contributors": null, "favorite_count": 0, "place": null, "entities": {"symbols": [], "urls": [], "user_mentions": [{"name": "Andy", "id": 905095603297943554, "id_str": "905095603297943554", "screen_name": "frostycamel", "indices": [0, 12]}, {"name": "Trumpism\u2122", "id": 3580248555, "id_str": "3580248555", "screen_name": "Team_Trump45", "indices": [13, 26]}, {"name": "Donald J. Trump", "id": 25073877, "id_str": "25073877", "screen_name": "realDonaldTrump", "indices": [27, 43]}], "hashtags": []}, "in_reply_to_user_id_str": "905095603297943554", "favorited": false, "retweet_count": 0, "in_reply_to_user_id": 905095603297943554, "retweeted": false, "coordinates": null, "truncated": false, "id": 923725041036136448, "geo": null, "in_reply_to_status_id": 923181896858824705, "created_at": "Fri Oct 27 01:36:26 +0000 2017", "in_reply_to_status_id_str": "923181896858824705", "text": "@frostycamel @Team_Trump45 @realDonaldTrump Details.", "lang": "en"}, "profile_background_image_url_https": "https://abs.twimg.com/images/themes/theme1/bg.png", "follow_request_sent": false, "profile_sidebar_border_color": "C0DEED", "is_translator": false, "listed_count": 0, "profile_link_color": "1DA1F2", "is_translation_enabled": false, "id": 23783299, "default_profile": true, "profile_background_image_url": "http://abs.twimg.com/images/themes/theme1/bg.png", "contributors_enabled": false, "location": "Concord, California", "favourites_count": 20, "description": "Enjoying retirement", "has_extended_profile": false, "screen_name": "wales4me", "profile_image_url": "http://pbs.twimg.com/profile_images/1479734318/IMG04_normal.JPG", "time_zone": "Pacific Time (US & Canada)", "lang": "en", "verified": false, "created_at": "Wed Mar 11 16:07:12 +0000 2009", "geo_enabled": false}
2017-11-09T22:00:04.637503	{"name": "Don", "location": "Concord, California", "profile_image_url": "http://pbs.twimg.com/profile_images/1479734318/IMG04_normal.JPG", "profile_background_image_url_https": "https://abs.twimg.com/images/themes/theme1/bg.png", "follow_request_sent": false, "utc_offset": -28800, "default_profile_image": false, "profile_sidebar_fill_color": "DDEEF6", "friends_count": 37, "verified": false, "profile_sidebar_border_color": "C0DEED", "is_translator": false, "description": "Enjoying retirement", "default_profile": true, "protected": false, "statuses_count": 31, "profile_use_background_image": true, "profile_background_image_url": "http://abs.twimg.com/images/themes/theme1/bg.png", "translator_type": "none", "lang": "en", "profile_image_url_https": "https://pbs.twimg.com/profile_images/1479734318/IMG04_normal.JPG", "is_translation_enabled": false, "followers_count": 1, "following": false, "profile_background_color": "C0DEED", "contributors_enabled": false, "profile_text_color": "333333", "has_extended_profile": false, "favourites_count": 20, "url": "http://t.co/MBuagCc1vd", "profile_link_color": "1DA1F2", "profile_background_tile": false, "listed_count": 0, "id_str": "23783299", "created_at": "Wed Mar 11 16:07:12 +0000 2009", "notifications": false, "time_zone": "Pacific Time (US & Canada)", "entities": {"url": {"urls": [{"url": "http://t.co/MBuagCc1vd", "expanded_url": "https://twitter.com/wales4me", "indices": [0, 22], "display_url": "twitter.com/wales4me"}]}, "description": {"urls": []}}, "geo_enabled": false, "status": {"is_quote_status": false, "in_reply_to_status_id_str": "923181896858824705", "contributors": null, "in_reply_to_user_id_str": "905095603297943554", "in_reply_to_user_id": 905095603297943554, "source": "<a href=\"http://twitter.com/download/android\" rel=\"nofollow\">Twitter for Android</a>", "favorited": false, "place": null, "geo": null, "retweet_count": 0, "lang": "en", "favorite_count": 0, "text": "@frostycamel @Team_Trump45 @realDonaldTrump Details.", "truncated": false, "in_reply_to_screen_name": "frostycamel", "in_reply_to_status_id": 923181896858824705, "id_str": "923725041036136448", "created_at": "Fri Oct 27 01:36:26 +0000 2017", "coordinates": null, "entities": {"urls": [], "symbols": [], "hashtags": [], "user_mentions": [{"name": "Andy", "indices": [0, 12], "id_str": "905095603297943554", "screen_name": "frostycamel", "id": 905095603297943554}, {"name": "Trumpism\u2122", "indices": [13, 26], "id_str": "3580248555", "screen_name": "Team_Trump45", "id": 3580248555}, {"name": "Donald J. Trump", "indices": [27, 43], "id_str": "25073877", "screen_name": "realDonaldTrump", "id": 25073877}]}, "retweeted": false, "id": 923725041036136448}, "screen_name": "wales4me", "id": 23783299}
2017-11-09T23:00:04.878883	{"entities": {"url": {"urls": [{"url": "http://t.co/MBuagCc1vd", "display_url": "twitter.com/wales4me", "expanded_url": "https://twitter.com/wales4me", "indices": [0, 22]}]}, "description": {"urls": []}}, "statuses_count": 31, "created_at": "Wed Mar 11 16:07:12 +0000 2009", "status": {"entities": {"hashtags": [], "symbols": [], "user_mentions": [{"screen_name": "frostycamel", "indices": [0, 12], "id_str": "905095603297943554", "id": 905095603297943554, "name": "Andy"}, {"screen_name": "Team_Trump45", "indices": [13, 26], "id_str": "3580248555", "id": 3580248555, "name": "Trumpism\u2122"}, {"screen_name": "realDonaldTrump", "indices": [27, 43], "id_str": "25073877", "id": 25073877, "name": "Donald J. Trump"}], "urls": []}, "coordinates": null, "text": "@frostycamel @Team_Trump45 @realDonaldTrump Details.", "created_at": "Fri Oct 27 01:36:26 +0000 2017", "favorite_count": 0, "in_reply_to_screen_name": "frostycamel", "favorited": false, "geo": null, "retweet_count": 0, "in_reply_to_user_id_str": "905095603297943554", "in_reply_to_user_id": 905095603297943554, "contributors": null, "lang": "en", "truncated": false, "id_str": "923725041036136448", "retweeted": false, "in_reply_to_status_id_str": "923181896858824705", "in_reply_to_status_id": 923181896858824705, "place": null, "is_quote_status": false, "source": "<a href=\"http://twitter.com/download/android\" rel=\"nofollow\">Twitter for Android</a>", "id": 923725041036136448}, "profile_background_image_url": "http://abs.twimg.com/images/themes/theme1/bg.png", "friends_count": 37, "protected": false, "name": "Don", "profile_image_url_https": "https://pbs.twimg.com/profile_images/1479734318/IMG04_normal.JPG", "follow_request_sent": false, "is_translation_enabled": false, "profile_use_background_image": true, "verified": false, "utc_offset": -28800, "translator_type": "none", "listed_count": 0, "default_profile": true, "lang": "en", "location": "Concord, California", "is_translator": false, "screen_name": "wales4me", "profile_background_color": "C0DEED", "following": false, "geo_enabled": false, "has_extended_profile": false, "description": "Enjoying retirement", "time_zone": "Pacific Time (US & Canada)", "favourites_count": 20, "profile_sidebar_fill_color": "DDEEF6", "url": "http://t.co/MBuagCc1vd", "id_str": "23783299", "profile_link_color": "1DA1F2", "contributors_enabled": false, "profile_background_tile": false, "default_profile_image": false, "profile_background_image_url_https": "https://abs.twimg.com/images/themes/theme1/bg.png", "notifications": false, "followers_count": 1, "profile_text_color": "333333", "profile_image_url": "http://pbs.twimg.com/profile_images/1479734318/IMG04_normal.JPG", "id": 23783299, "profile_sidebar_border_color": "C0DEED"}
2017-11-10T00:00:05.162936	{"profile_image_url_https": "https://pbs.twimg.com/profile_images/1479734318/IMG04_normal.JPG", "has_extended_profile": false, "profile_sidebar_border_color": "C0DEED", "profile_background_image_url": "http://abs.twimg.com/images/themes/theme1/bg.png", "friends_count": 37, "time_zone": "Pacific Time (US & Canada)", "profile_sidebar_fill_color": "DDEEF6", "profile_background_image_url_https": "https://abs.twimg.com/images/themes/theme1/bg.png", "name": "Don", "id_str": "23783299", "url": "http://t.co/MBuagCc1vd", "screen_name": "wales4me", "is_translator": false, "geo_enabled": false, "status": {"in_reply_to_screen_name": "frostycamel", "in_reply_to_status_id_str": "923181896858824705", "place": null, "in_reply_to_user_id_str": "905095603297943554", "favorite_count": 0, "id_str": "923725041036136448", "source": "<a href=\"http://twitter.com/download/android\" rel=\"nofollow\">Twitter for Android</a>", "contributors": null, "in_reply_to_user_id": 905095603297943554, "retweeted": false, "text": "@frostycamel @Team_Trump45 @realDonaldTrump Details.", "truncated": false, "is_quote_status": false, "id": 923725041036136448, "geo": null, "entities": {"symbols": [], "hashtags": [], "user_mentions": [{"id": 905095603297943554, "screen_name": "frostycamel", "indices": [0, 12], "name": "Andy", "id_str": "905095603297943554"}, {"id": 3580248555, "screen_name": "Team_Trump45", "indices": [13, 26], "name": "Trumpism\u2122", "id_str": "3580248555"}, {"id": 25073877, "screen_name": "realDonaldTrump", "indices": [27, 43], "name": "Donald J. Trump", "id_str": "25073877"}], "urls": []}, "in_reply_to_status_id": 923181896858824705, "lang": "en", "retweet_count": 0, "favorited": false, "coordinates": null, "created_at": "Fri Oct 27 01:36:26 +0000 2017"}, "default_profile_image": false, "favourites_count": 20, "profile_text_color": "333333", "profile_use_background_image": true, "id": 23783299, "translator_type": "none", "location": "Concord, California", "default_profile": true, "profile_background_tile": false, "listed_count": 0, "profile_background_color": "C0DEED", "verified": false, "contributors_enabled": false, "is_translation_enabled": false, "following": false, "entities": {"url": {"urls": [{"url": "http://t.co/MBuagCc1vd", "indices": [0, 22], "display_url": "twitter.com/wales4me", "expanded_url": "https://twitter.com/wales4me"}]}, "description": {"urls": []}}, "protected": false, "lang": "en", "statuses_count": 31, "follow_request_sent": false, "profile_image_url": "http://pbs.twimg.com/profile_images/1479734318/IMG04_normal.JPG", "utc_offset": -28800, "followers_count": 1, "notifications": false, "created_at": "Wed Mar 11 16:07:12 +0000 2009", "profile_link_color": "1DA1F2", "description": "Enjoying retirement"}
2017-11-10T01:00:04.464232	{"id_str": "23783299", "default_profile": true, "protected": false, "is_translation_enabled": false, "followers_count": 1, "statuses_count": 31, "profile_image_url_https": "https://pbs.twimg.com/profile_images/1479734318/IMG04_normal.JPG", "following": false, "friends_count": 37, "created_at": "Wed Mar 11 16:07:12 +0000 2009", "screen_name": "wales4me", "description": "Enjoying retirement", "profile_sidebar_fill_color": "DDEEF6", "id": 23783299, "notifications": false, "name": "Don", "verified": false, "listed_count": 0, "entities": {"description": {"urls": []}, "url": {"urls": [{"display_url": "twitter.com/wales4me", "expanded_url": "https://twitter.com/wales4me", "indices": [0, 22], "url": "http://t.co/MBuagCc1vd"}]}}, "profile_link_color": "1DA1F2", "profile_background_image_url": "http://abs.twimg.com/images/themes/theme1/bg.png", "profile_background_image_url_https": "https://abs.twimg.com/images/themes/theme1/bg.png", "utc_offset": -28800, "geo_enabled": false, "has_extended_profile": false, "profile_image_url": "http://pbs.twimg.com/profile_images/1479734318/IMG04_normal.JPG", "profile_text_color": "333333", "status": {"retweet_count": 0, "id_str": "923725041036136448", "is_quote_status": false, "source": "<a href=\"http://twitter.com/download/android\" rel=\"nofollow\">Twitter for Android</a>", "in_reply_to_user_id_str": "905095603297943554", "created_at": "Fri Oct 27 01:36:26 +0000 2017", "in_reply_to_status_id_str": "923181896858824705", "in_reply_to_user_id": 905095603297943554, "place": null, "id": 923725041036136448, "text": "@frostycamel @Team_Trump45 @realDonaldTrump Details.", "entities": {"symbols": [], "user_mentions": [{"name": "Andy", "indices": [0, 12], "id": 905095603297943554, "screen_name": "frostycamel", "id_str": "905095603297943554"}, {"name": "Trumpism\u2122", "indices": [13, 26], "id": 3580248555, "screen_name": "Team_Trump45", "id_str": "3580248555"}, {"name": "Donald J. Trump", "indices": [27, 43], "id": 25073877, "screen_name": "realDonaldTrump", "id_str": "25073877"}], "urls": [], "hashtags": []}, "favorited": false, "coordinates": null, "in_reply_to_status_id": 923181896858824705, "contributors": null, "retweeted": false, "favorite_count": 0, "in_reply_to_screen_name": "frostycamel", "truncated": false, "lang": "en", "geo": null}, "follow_request_sent": false, "url": "http://t.co/MBuagCc1vd", "favourites_count": 20, "lang": "en", "is_translator": false, "location": "Concord, California", "profile_background_color": "C0DEED", "profile_use_background_image": true, "profile_background_tile": false, "time_zone": "Pacific Time (US & Canada)", "translator_type": "none", "profile_sidebar_border_color": "C0DEED", "contributors_enabled": false, "default_profile_image": false}
2017-11-10T02:00:04.337713	{"contributors_enabled": false, "utc_offset": -28800, "profile_text_color": "333333", "screen_name": "wales4me", "is_translator": false, "favourites_count": 20, "description": "Enjoying retirement", "created_at": "Wed Mar 11 16:07:12 +0000 2009", "translator_type": "none", "default_profile": true, "id_str": "23783299", "id": 23783299, "geo_enabled": false, "profile_background_image_url": "http://abs.twimg.com/images/themes/theme1/bg.png", "verified": false, "listed_count": 0, "notifications": false, "statuses_count": 31, "default_profile_image": false, "profile_link_color": "1DA1F2", "profile_sidebar_border_color": "C0DEED", "profile_background_color": "C0DEED", "name": "Don", "follow_request_sent": false, "time_zone": "Pacific Time (US & Canada)", "url": "http://t.co/MBuagCc1vd", "profile_background_image_url_https": "https://abs.twimg.com/images/themes/theme1/bg.png", "profile_background_tile": false, "followers_count": 1, "profile_use_background_image": true, "has_extended_profile": false, "profile_image_url_https": "https://pbs.twimg.com/profile_images/1479734318/IMG04_normal.JPG", "entities": {"description": {"urls": []}, "url": {"urls": [{"expanded_url": "https://twitter.com/wales4me", "display_url": "twitter.com/wales4me", "indices": [0, 22], "url": "http://t.co/MBuagCc1vd"}]}}, "is_translation_enabled": false, "status": {"text": "@frostycamel @Team_Trump45 @realDonaldTrump Details.", "favorited": false, "is_quote_status": false, "created_at": "Fri Oct 27 01:36:26 +0000 2017", "truncated": false, "in_reply_to_screen_name": "frostycamel", "id_str": "923725041036136448", "id": 923725041036136448, "contributors": null, "retweet_count": 0, "geo": null, "place": null, "in_reply_to_user_id_str": "905095603297943554", "in_reply_to_user_id": 905095603297943554, "retweeted": false, "coordinates": null, "entities": {"user_mentions": [{"id": 905095603297943554, "id_str": "905095603297943554", "screen_name": "frostycamel", "indices": [0, 12], "name": "Andy"}, {"id": 3580248555, "id_str": "3580248555", "screen_name": "Team_Trump45", "indices": [13, 26], "name": "Trumpism\u2122"}, {"id": 25073877, "id_str": "25073877", "screen_name": "realDonaldTrump", "indices": [27, 43], "name": "Donald J. Trump"}], "symbols": [], "urls": [], "hashtags": []}, "in_reply_to_status_id_str": "923181896858824705", "in_reply_to_status_id": 923181896858824705, "source": "<a href=\"http://twitter.com/download/android\" rel=\"nofollow\">Twitter for Android</a>", "lang": "en", "favorite_count": 0}, "location": "Concord, California", "friends_count": 37, "profile_image_url": "http://pbs.twimg.com/profile_images/1479734318/IMG04_normal.JPG", "protected": false, "following": false, "lang": "en", "profile_sidebar_fill_color": "DDEEF6"}
2017-11-10T03:00:05.592309	{"location": "Concord, California", "listed_count": 0, "utc_offset": -28800, "favourites_count": 20, "name": "Don", "profile_image_url": "http://pbs.twimg.com/profile_images/1479734318/IMG04_normal.JPG", "profile_text_color": "333333", "time_zone": "Pacific Time (US & Canada)", "created_at": "Wed Mar 11 16:07:12 +0000 2009", "description": "Enjoying retirement", "profile_link_color": "1DA1F2", "screen_name": "wales4me", "is_translation_enabled": false, "profile_background_color": "C0DEED", "url": "http://t.co/MBuagCc1vd", "entities": {"url": {"urls": [{"display_url": "twitter.com/wales4me", "url": "http://t.co/MBuagCc1vd", "expanded_url": "https://twitter.com/wales4me", "indices": [0, 22]}]}, "description": {"urls": []}}, "friends_count": 37, "notifications": false, "geo_enabled": false, "following": false, "lang": "en", "contributors_enabled": false, "has_extended_profile": false, "profile_background_image_url": "http://abs.twimg.com/images/themes/theme1/bg.png", "default_profile_image": false, "profile_use_background_image": true, "verified": false, "id_str": "23783299", "is_translator": false, "default_profile": true, "statuses_count": 31, "followers_count": 1, "profile_image_url_https": "https://pbs.twimg.com/profile_images/1479734318/IMG04_normal.JPG", "protected": false, "profile_sidebar_fill_color": "DDEEF6", "id": 23783299, "translator_type": "none", "profile_background_image_url_https": "https://abs.twimg.com/images/themes/theme1/bg.png", "follow_request_sent": false, "profile_sidebar_border_color": "C0DEED", "profile_background_tile": false, "status": {"text": "@frostycamel @Team_Trump45 @realDonaldTrump Details.", "entities": {"hashtags": [], "symbols": [], "user_mentions": [{"name": "Andy", "id": 905095603297943554, "indices": [0, 12], "id_str": "905095603297943554", "screen_name": "frostycamel"}, {"name": "Trumpism\u2122", "id": 3580248555, "indices": [13, 26], "id_str": "3580248555", "screen_name": "Team_Trump45"}, {"name": "Donald J. Trump", "id": 25073877, "indices": [27, 43], "id_str": "25073877", "screen_name": "realDonaldTrump"}], "urls": []}, "source": "<a href=\"http://twitter.com/download/android\" rel=\"nofollow\">Twitter for Android</a>", "in_reply_to_status_id": 923181896858824705, "created_at": "Fri Oct 27 01:36:26 +0000 2017", "truncated": false, "favorited": false, "retweet_count": 0, "lang": "en", "coordinates": null, "geo": null, "in_reply_to_user_id_str": "905095603297943554", "in_reply_to_screen_name": "frostycamel", "in_reply_to_user_id": 905095603297943554, "id_str": "923725041036136448", "favorite_count": 0, "in_reply_to_status_id_str": "923181896858824705", "is_quote_status": false, "id": 923725041036136448, "place": null, "retweeted": false, "contributors": null}}
2017-11-10T04:00:05.052365	{"time_zone": "Pacific Time (US & Canada)", "follow_request_sent": false, "favourites_count": 20, "entities": {"url": {"urls": [{"display_url": "twitter.com/wales4me", "url": "http://t.co/MBuagCc1vd", "indices": [0, 22], "expanded_url": "https://twitter.com/wales4me"}]}, "description": {"urls": []}}, "friends_count": 37, "url": "http://t.co/MBuagCc1vd", "profile_sidebar_fill_color": "DDEEF6", "profile_background_image_url": "http://abs.twimg.com/images/themes/theme1/bg.png", "lang": "en", "profile_text_color": "333333", "profile_background_color": "C0DEED", "name": "Don", "profile_image_url": "http://pbs.twimg.com/profile_images/1479734318/IMG04_normal.JPG", "id_str": "23783299", "statuses_count": 31, "description": "Enjoying retirement", "translator_type": "none", "profile_background_image_url_https": "https://abs.twimg.com/images/themes/theme1/bg.png", "contributors_enabled": false, "id": 23783299, "is_translation_enabled": false, "default_profile_image": false, "geo_enabled": false, "profile_link_color": "1DA1F2", "profile_sidebar_border_color": "C0DEED", "default_profile": true, "notifications": false, "utc_offset": -28800, "verified": false, "created_at": "Wed Mar 11 16:07:12 +0000 2009", "following": false, "profile_background_tile": false, "followers_count": 1, "is_translator": false, "listed_count": 0, "profile_image_url_https": "https://pbs.twimg.com/profile_images/1479734318/IMG04_normal.JPG", "screen_name": "wales4me", "status": {"retweet_count": 0, "coordinates": null, "entities": {"hashtags": [], "symbols": [], "user_mentions": [{"name": "Andy", "id": 905095603297943554, "indices": [0, 12], "screen_name": "frostycamel", "id_str": "905095603297943554"}, {"name": "Trumpism\u2122", "id": 3580248555, "indices": [13, 26], "screen_name": "Team_Trump45", "id_str": "3580248555"}, {"name": "Donald J. Trump", "id": 25073877, "indices": [27, 43], "screen_name": "realDonaldTrump", "id_str": "25073877"}], "urls": []}, "lang": "en", "text": "@frostycamel @Team_Trump45 @realDonaldTrump Details.", "favorite_count": 0, "in_reply_to_user_id": 905095603297943554, "id_str": "923725041036136448", "in_reply_to_status_id": 923181896858824705, "source": "<a href=\"http://twitter.com/download/android\" rel=\"nofollow\">Twitter for Android</a>", "id": 923725041036136448, "geo": null, "is_quote_status": false, "in_reply_to_status_id_str": "923181896858824705", "contributors": null, "place": null, "created_at": "Fri Oct 27 01:36:26 +0000 2017", "truncated": false, "in_reply_to_user_id_str": "905095603297943554", "in_reply_to_screen_name": "frostycamel", "favorited": false, "retweeted": false}, "has_extended_profile": false, "protected": false, "location": "Concord, California", "profile_use_background_image": true}
2017-11-10T05:00:04.345435	{"profile_use_background_image": true, "contributors_enabled": false, "lang": "en", "protected": false, "entities": {"description": {"urls": []}, "url": {"urls": [{"expanded_url": "https://twitter.com/wales4me", "indices": [0, 22], "display_url": "twitter.com/wales4me", "url": "http://t.co/MBuagCc1vd"}]}}, "followers_count": 1, "profile_link_color": "1DA1F2", "default_profile_image": false, "profile_text_color": "333333", "profile_sidebar_border_color": "C0DEED", "description": "Enjoying retirement", "profile_background_image_url": "http://abs.twimg.com/images/themes/theme1/bg.png", "verified": false, "id": 23783299, "profile_image_url_https": "https://pbs.twimg.com/profile_images/1479734318/IMG04_normal.JPG", "friends_count": 37, "utc_offset": -28800, "statuses_count": 31, "profile_image_url": "http://pbs.twimg.com/profile_images/1479734318/IMG04_normal.JPG", "id_str": "23783299", "translator_type": "none", "favourites_count": 20, "is_translator": false, "time_zone": "Pacific Time (US & Canada)", "has_extended_profile": false, "following": false, "profile_background_tile": false, "name": "Don", "geo_enabled": false, "created_at": "Wed Mar 11 16:07:12 +0000 2009", "status": {"truncated": false, "in_reply_to_screen_name": "frostycamel", "contributors": null, "text": "@frostycamel @Team_Trump45 @realDonaldTrump Details.", "entities": {"user_mentions": [{"name": "Andy", "id": 905095603297943554, "id_str": "905095603297943554", "indices": [0, 12], "screen_name": "frostycamel"}, {"name": "Trumpism\u2122", "id": 3580248555, "id_str": "3580248555", "indices": [13, 26], "screen_name": "Team_Trump45"}, {"name": "Donald J. Trump", "id": 25073877, "id_str": "25073877", "indices": [27, 43], "screen_name": "realDonaldTrump"}], "symbols": [], "hashtags": [], "urls": []}, "lang": "en", "place": null, "source": "<a href=\"http://twitter.com/download/android\" rel=\"nofollow\">Twitter for Android</a>", "id": 923725041036136448, "in_reply_to_status_id_str": "923181896858824705", "in_reply_to_status_id": 923181896858824705, "retweeted": false, "id_str": "923725041036136448", "in_reply_to_user_id": 905095603297943554, "coordinates": null, "in_reply_to_user_id_str": "905095603297943554", "geo": null, "is_quote_status": false, "favorite_count": 0, "created_at": "Fri Oct 27 01:36:26 +0000 2017", "retweet_count": 0, "favorited": false}, "listed_count": 0, "notifications": false, "profile_background_image_url_https": "https://abs.twimg.com/images/themes/theme1/bg.png", "profile_sidebar_fill_color": "DDEEF6", "screen_name": "wales4me", "url": "http://t.co/MBuagCc1vd", "location": "Concord, California", "default_profile": true, "follow_request_sent": false, "is_translation_enabled": false, "profile_background_color": "C0DEED"}
2017-11-10T06:00:04.739363	{"location": "Concord, California", "url": "http://t.co/MBuagCc1vd", "status": {"contributors": null, "id": 923725041036136448, "retweeted": false, "truncated": false, "in_reply_to_user_id_str": "905095603297943554", "in_reply_to_user_id": 905095603297943554, "lang": "en", "id_str": "923725041036136448", "favorited": false, "place": null, "retweet_count": 0, "coordinates": null, "entities": {"hashtags": [], "user_mentions": [{"screen_name": "frostycamel", "indices": [0, 12], "id": 905095603297943554, "name": "Andy", "id_str": "905095603297943554"}, {"screen_name": "Team_Trump45", "indices": [13, 26], "id": 3580248555, "name": "Trumpism\u2122", "id_str": "3580248555"}, {"screen_name": "realDonaldTrump", "indices": [27, 43], "id": 25073877, "name": "Donald J. Trump", "id_str": "25073877"}], "urls": [], "symbols": []}, "geo": null, "in_reply_to_screen_name": "frostycamel", "text": "@frostycamel @Team_Trump45 @realDonaldTrump Details.", "in_reply_to_status_id_str": "923181896858824705", "in_reply_to_status_id": 923181896858824705, "source": "<a href=\"http://twitter.com/download/android\" rel=\"nofollow\">Twitter for Android</a>", "favorite_count": 0, "is_quote_status": false, "created_at": "Fri Oct 27 01:36:26 +0000 2017"}, "id": 23783299, "statuses_count": 31, "has_extended_profile": false, "is_translation_enabled": false, "profile_background_image_url": "http://abs.twimg.com/images/themes/theme1/bg.png", "lang": "en", "profile_sidebar_fill_color": "DDEEF6", "profile_use_background_image": true, "contributors_enabled": false, "geo_enabled": false, "id_str": "23783299", "screen_name": "wales4me", "listed_count": 0, "friends_count": 37, "profile_text_color": "333333", "profile_background_color": "C0DEED", "notifications": false, "utc_offset": -28800, "profile_image_url": "http://pbs.twimg.com/profile_images/1479734318/IMG04_normal.JPG", "translator_type": "none", "entities": {"url": {"urls": [{"url": "http://t.co/MBuagCc1vd", "expanded_url": "https://twitter.com/wales4me", "display_url": "twitter.com/wales4me", "indices": [0, 22]}]}, "description": {"urls": []}}, "protected": false, "name": "Don", "profile_image_url_https": "https://pbs.twimg.com/profile_images/1479734318/IMG04_normal.JPG", "is_translator": false, "profile_background_tile": false, "profile_background_image_url_https": "https://abs.twimg.com/images/themes/theme1/bg.png", "following": false, "followers_count": 1, "follow_request_sent": false, "default_profile_image": false, "verified": false, "description": "Enjoying retirement", "profile_sidebar_border_color": "C0DEED", "profile_link_color": "1DA1F2", "default_profile": true, "favourites_count": 20, "created_at": "Wed Mar 11 16:07:12 +0000 2009", "time_zone": "Pacific Time (US & Canada)"}
2017-11-10T07:00:04.577175	{"follow_request_sent": false, "protected": false, "id_str": "23783299", "is_translator": false, "description": "Enjoying retirement", "profile_sidebar_border_color": "C0DEED", "url": "http://t.co/MBuagCc1vd", "is_translation_enabled": false, "translator_type": "none", "profile_use_background_image": true, "verified": false, "utc_offset": -28800, "default_profile": true, "profile_sidebar_fill_color": "DDEEF6", "has_extended_profile": false, "profile_image_url": "http://pbs.twimg.com/profile_images/1479734318/IMG04_normal.JPG", "created_at": "Wed Mar 11 16:07:12 +0000 2009", "entities": {"url": {"urls": [{"url": "http://t.co/MBuagCc1vd", "indices": [0, 22], "display_url": "twitter.com/wales4me", "expanded_url": "https://twitter.com/wales4me"}]}, "description": {"urls": []}}, "profile_background_color": "C0DEED", "location": "Concord, California", "screen_name": "wales4me", "profile_background_tile": false, "name": "Don", "profile_background_image_url": "http://abs.twimg.com/images/themes/theme1/bg.png", "following": false, "id": 23783299, "profile_link_color": "1DA1F2", "statuses_count": 31, "favourites_count": 20, "profile_text_color": "333333", "profile_background_image_url_https": "https://abs.twimg.com/images/themes/theme1/bg.png", "friends_count": 37, "listed_count": 0, "status": {"id_str": "923725041036136448", "in_reply_to_user_id": 905095603297943554, "favorited": false, "geo": null, "in_reply_to_status_id": 923181896858824705, "truncated": false, "retweet_count": 0, "favorite_count": 0, "in_reply_to_status_id_str": "923181896858824705", "created_at": "Fri Oct 27 01:36:26 +0000 2017", "entities": {"symbols": [], "user_mentions": [{"id": 905095603297943554, "name": "Andy", "id_str": "905095603297943554", "indices": [0, 12], "screen_name": "frostycamel"}, {"id": 3580248555, "name": "Trumpism\u2122", "id_str": "3580248555", "indices": [13, 26], "screen_name": "Team_Trump45"}, {"id": 25073877, "name": "Donald J. Trump", "id_str": "25073877", "indices": [27, 43], "screen_name": "realDonaldTrump"}], "urls": [], "hashtags": []}, "contributors": null, "text": "@frostycamel @Team_Trump45 @realDonaldTrump Details.", "id": 923725041036136448, "in_reply_to_screen_name": "frostycamel", "coordinates": null, "place": null, "retweeted": false, "source": "<a href=\"http://twitter.com/download/android\" rel=\"nofollow\">Twitter for Android</a>", "in_reply_to_user_id_str": "905095603297943554", "lang": "en", "is_quote_status": false}, "profile_image_url_https": "https://pbs.twimg.com/profile_images/1479734318/IMG04_normal.JPG", "time_zone": "Pacific Time (US & Canada)", "contributors_enabled": false, "notifications": false, "lang": "en", "followers_count": 1, "default_profile_image": false, "geo_enabled": false}
2017-11-10T08:00:04.716140	{"following": false, "url": "http://t.co/MBuagCc1vd", "entities": {"url": {"urls": [{"url": "http://t.co/MBuagCc1vd", "expanded_url": "https://twitter.com/wales4me", "display_url": "twitter.com/wales4me", "indices": [0, 22]}]}, "description": {"urls": []}}, "translator_type": "none", "profile_use_background_image": true, "profile_link_color": "1DA1F2", "is_translation_enabled": false, "notifications": false, "is_translator": false, "description": "Enjoying retirement", "profile_background_color": "C0DEED", "profile_text_color": "333333", "contributors_enabled": false, "followers_count": 1, "profile_background_image_url_https": "https://abs.twimg.com/images/themes/theme1/bg.png", "default_profile": true, "profile_sidebar_fill_color": "DDEEF6", "profile_image_url": "http://pbs.twimg.com/profile_images/1479734318/IMG04_normal.JPG", "verified": false, "follow_request_sent": false, "id_str": "23783299", "profile_background_image_url": "http://abs.twimg.com/images/themes/theme1/bg.png", "id": 23783299, "friends_count": 37, "profile_sidebar_border_color": "C0DEED", "has_extended_profile": false, "profile_background_tile": false, "geo_enabled": false, "profile_image_url_https": "https://pbs.twimg.com/profile_images/1479734318/IMG04_normal.JPG", "status": {"retweeted": false, "geo": null, "favorited": false, "entities": {"symbols": [], "user_mentions": [{"id_str": "905095603297943554", "screen_name": "frostycamel", "name": "Andy", "id": 905095603297943554, "indices": [0, 12]}, {"id_str": "3580248555", "screen_name": "Team_Trump45", "name": "Trumpism\u2122", "id": 3580248555, "indices": [13, 26]}, {"id_str": "25073877", "screen_name": "realDonaldTrump", "name": "Donald J. Trump", "id": 25073877, "indices": [27, 43]}], "urls": [], "hashtags": []}, "in_reply_to_status_id": 923181896858824705, "coordinates": null, "place": null, "in_reply_to_user_id_str": "905095603297943554", "retweet_count": 0, "lang": "en", "favorite_count": 0, "id": 923725041036136448, "in_reply_to_screen_name": "frostycamel", "in_reply_to_user_id": 905095603297943554, "truncated": false, "id_str": "923725041036136448", "contributors": null, "text": "@frostycamel @Team_Trump45 @realDonaldTrump Details.", "in_reply_to_status_id_str": "923181896858824705", "is_quote_status": false, "source": "<a href=\"http://twitter.com/download/android\" rel=\"nofollow\">Twitter for Android</a>", "created_at": "Fri Oct 27 01:36:26 +0000 2017"}, "default_profile_image": false, "name": "Don", "time_zone": "Pacific Time (US & Canada)", "favourites_count": 20, "listed_count": 0, "protected": false, "location": "Concord, California", "statuses_count": 31, "lang": "en", "utc_offset": -28800, "screen_name": "wales4me", "created_at": "Wed Mar 11 16:07:12 +0000 2009"}
2017-11-10T09:00:04.683110	{"id_str": "23783299", "statuses_count": 31, "default_profile_image": false, "is_translation_enabled": false, "location": "Concord, California", "profile_sidebar_border_color": "C0DEED", "entities": {"description": {"urls": []}, "url": {"urls": [{"expanded_url": "https://twitter.com/wales4me", "indices": [0, 22], "url": "http://t.co/MBuagCc1vd", "display_url": "twitter.com/wales4me"}]}}, "has_extended_profile": false, "default_profile": true, "geo_enabled": false, "description": "Enjoying retirement", "profile_use_background_image": true, "friends_count": 37, "profile_background_color": "C0DEED", "profile_image_url_https": "https://pbs.twimg.com/profile_images/1479734318/IMG04_normal.JPG", "is_translator": false, "profile_text_color": "333333", "status": {"id_str": "923725041036136448", "text": "@frostycamel @Team_Trump45 @realDonaldTrump Details.", "contributors": null, "source": "<a href=\"http://twitter.com/download/android\" rel=\"nofollow\">Twitter for Android</a>", "entities": {"symbols": [], "urls": [], "hashtags": [], "user_mentions": [{"id": 905095603297943554, "name": "Andy", "id_str": "905095603297943554", "indices": [0, 12], "screen_name": "frostycamel"}, {"id": 3580248555, "name": "Trumpism\u2122", "id_str": "3580248555", "indices": [13, 26], "screen_name": "Team_Trump45"}, {"id": 25073877, "name": "Donald J. Trump", "id_str": "25073877", "indices": [27, 43], "screen_name": "realDonaldTrump"}]}, "retweeted": false, "in_reply_to_status_id": 923181896858824705, "favorited": false, "in_reply_to_screen_name": "frostycamel", "coordinates": null, "created_at": "Fri Oct 27 01:36:26 +0000 2017", "in_reply_to_status_id_str": "923181896858824705", "in_reply_to_user_id": 905095603297943554, "id": 923725041036136448, "geo": null, "truncated": false, "retweet_count": 0, "is_quote_status": false, "place": null, "lang": "en", "favorite_count": 0, "in_reply_to_user_id_str": "905095603297943554"}, "profile_image_url": "http://pbs.twimg.com/profile_images/1479734318/IMG04_normal.JPG", "profile_background_image_url": "http://abs.twimg.com/images/themes/theme1/bg.png", "url": "http://t.co/MBuagCc1vd", "protected": false, "notifications": false, "created_at": "Wed Mar 11 16:07:12 +0000 2009", "profile_sidebar_fill_color": "DDEEF6", "utc_offset": -28800, "translator_type": "none", "name": "Don", "listed_count": 0, "following": false, "profile_link_color": "1DA1F2", "profile_background_tile": false, "screen_name": "wales4me", "time_zone": "Pacific Time (US & Canada)", "id": 23783299, "followers_count": 1, "lang": "en", "favourites_count": 20, "verified": false, "contributors_enabled": false, "profile_background_image_url_https": "https://abs.twimg.com/images/themes/theme1/bg.png", "follow_request_sent": false}
2017-11-10T10:00:04.760790	{"profile_sidebar_fill_color": "DDEEF6", "is_translation_enabled": false, "is_translator": false, "status": {"in_reply_to_user_id_str": "905095603297943554", "favorite_count": 0, "entities": {"user_mentions": [{"id_str": "905095603297943554", "indices": [0, 12], "name": "Andy", "screen_name": "frostycamel", "id": 905095603297943554}, {"id_str": "3580248555", "indices": [13, 26], "name": "Trumpism\u2122", "screen_name": "Team_Trump45", "id": 3580248555}, {"id_str": "25073877", "indices": [27, 43], "name": "Donald J. Trump", "screen_name": "realDonaldTrump", "id": 25073877}], "symbols": [], "urls": [], "hashtags": []}, "in_reply_to_user_id": 905095603297943554, "in_reply_to_status_id": 923181896858824705, "source": "<a href=\"http://twitter.com/download/android\" rel=\"nofollow\">Twitter for Android</a>", "text": "@frostycamel @Team_Trump45 @realDonaldTrump Details.", "in_reply_to_screen_name": "frostycamel", "id": 923725041036136448, "coordinates": null, "created_at": "Fri Oct 27 01:36:26 +0000 2017", "id_str": "923725041036136448", "place": null, "retweet_count": 0, "geo": null, "contributors": null, "in_reply_to_status_id_str": "923181896858824705", "lang": "en", "truncated": false, "favorited": false, "is_quote_status": false, "retweeted": false}, "entities": {"description": {"urls": []}, "url": {"urls": [{"url": "http://t.co/MBuagCc1vd", "indices": [0, 22], "display_url": "twitter.com/wales4me", "expanded_url": "https://twitter.com/wales4me"}]}}, "url": "http://t.co/MBuagCc1vd", "followers_count": 1, "following": false, "geo_enabled": false, "profile_text_color": "333333", "translator_type": "none", "profile_link_color": "1DA1F2", "time_zone": "Pacific Time (US & Canada)", "profile_background_tile": false, "notifications": false, "verified": false, "id": 23783299, "created_at": "Wed Mar 11 16:07:12 +0000 2009", "profile_background_image_url": "http://abs.twimg.com/images/themes/theme1/bg.png", "id_str": "23783299", "follow_request_sent": false, "profile_sidebar_border_color": "C0DEED", "profile_image_url": "http://pbs.twimg.com/profile_images/1479734318/IMG04_normal.JPG", "description": "Enjoying retirement", "default_profile": true, "friends_count": 37, "profile_use_background_image": true, "profile_image_url_https": "https://pbs.twimg.com/profile_images/1479734318/IMG04_normal.JPG", "screen_name": "wales4me", "profile_background_image_url_https": "https://abs.twimg.com/images/themes/theme1/bg.png", "favourites_count": 20, "protected": false, "profile_background_color": "C0DEED", "default_profile_image": false, "listed_count": 0, "name": "Don", "location": "Concord, California", "has_extended_profile": false, "statuses_count": 31, "lang": "en", "utc_offset": -28800, "contributors_enabled": false}
2017-11-10T11:00:05.305269	{"created_at": "Wed Mar 11 16:07:12 +0000 2009", "contributors_enabled": false, "is_translator": false, "is_translation_enabled": false, "profile_image_url_https": "https://pbs.twimg.com/profile_images/1479734318/IMG04_normal.JPG", "id_str": "23783299", "follow_request_sent": false, "profile_use_background_image": true, "notifications": false, "lang": "en", "listed_count": 0, "location": "Concord, California", "translator_type": "none", "protected": false, "profile_image_url": "http://pbs.twimg.com/profile_images/1479734318/IMG04_normal.JPG", "profile_background_image_url_https": "https://abs.twimg.com/images/themes/theme1/bg.png", "time_zone": "Pacific Time (US & Canada)", "following": false, "profile_background_color": "C0DEED", "default_profile": true, "description": "Enjoying retirement", "profile_background_tile": false, "utc_offset": -28800, "profile_sidebar_fill_color": "DDEEF6", "profile_text_color": "333333", "url": "http://t.co/MBuagCc1vd", "profile_link_color": "1DA1F2", "geo_enabled": false, "statuses_count": 31, "id": 23783299, "favourites_count": 20, "default_profile_image": false, "has_extended_profile": false, "entities": {"description": {"urls": []}, "url": {"urls": [{"expanded_url": "https://twitter.com/wales4me", "display_url": "twitter.com/wales4me", "url": "http://t.co/MBuagCc1vd", "indices": [0, 22]}]}}, "status": {"created_at": "Fri Oct 27 01:36:26 +0000 2017", "in_reply_to_user_id": 905095603297943554, "text": "@frostycamel @Team_Trump45 @realDonaldTrump Details.", "geo": null, "id_str": "923725041036136448", "truncated": false, "lang": "en", "in_reply_to_screen_name": "frostycamel", "in_reply_to_user_id_str": "905095603297943554", "favorite_count": 0, "favorited": false, "coordinates": null, "retweet_count": 0, "is_quote_status": false, "id": 923725041036136448, "retweeted": false, "entities": {"hashtags": [], "symbols": [], "urls": [], "user_mentions": [{"id": 905095603297943554, "id_str": "905095603297943554", "indices": [0, 12], "screen_name": "frostycamel", "name": "Andy"}, {"id": 3580248555, "id_str": "3580248555", "indices": [13, 26], "screen_name": "Team_Trump45", "name": "Trumpism\u2122"}, {"id": 25073877, "id_str": "25073877", "indices": [27, 43], "screen_name": "realDonaldTrump", "name": "Donald J. Trump"}]}, "contributors": null, "in_reply_to_status_id": 923181896858824705, "place": null, "in_reply_to_status_id_str": "923181896858824705", "source": "<a href=\"http://twitter.com/download/android\" rel=\"nofollow\">Twitter for Android</a>"}, "profile_background_image_url": "http://abs.twimg.com/images/themes/theme1/bg.png", "screen_name": "wales4me", "profile_sidebar_border_color": "C0DEED", "name": "Don", "followers_count": 1, "friends_count": 37, "verified": false}
2017-11-10T12:00:04.545825	{"verified": false, "contributors_enabled": false, "geo_enabled": false, "location": "Concord, California", "profile_image_url": "http://pbs.twimg.com/profile_images/1479734318/IMG04_normal.JPG", "profile_image_url_https": "https://pbs.twimg.com/profile_images/1479734318/IMG04_normal.JPG", "notifications": false, "id_str": "23783299", "profile_background_image_url": "http://abs.twimg.com/images/themes/theme1/bg.png", "profile_link_color": "1DA1F2", "lang": "en", "time_zone": "Pacific Time (US & Canada)", "profile_use_background_image": true, "is_translator": false, "followers_count": 1, "following": false, "default_profile_image": false, "status": {"in_reply_to_status_id": 923181896858824705, "id_str": "923725041036136448", "truncated": false, "lang": "en", "in_reply_to_user_id_str": "905095603297943554", "in_reply_to_status_id_str": "923181896858824705", "place": null, "contributors": null, "id": 923725041036136448, "favorited": false, "geo": null, "is_quote_status": false, "in_reply_to_screen_name": "frostycamel", "text": "@frostycamel @Team_Trump45 @realDonaldTrump Details.", "retweeted": false, "entities": {"urls": [], "hashtags": [], "user_mentions": [{"name": "Andy", "id": 905095603297943554, "screen_name": "frostycamel", "indices": [0, 12], "id_str": "905095603297943554"}, {"name": "Trumpism\u2122", "id": 3580248555, "screen_name": "Team_Trump45", "indices": [13, 26], "id_str": "3580248555"}, {"name": "Donald J. Trump", "id": 25073877, "screen_name": "realDonaldTrump", "indices": [27, 43], "id_str": "25073877"}], "symbols": []}, "coordinates": null, "in_reply_to_user_id": 905095603297943554, "retweet_count": 0, "favorite_count": 0, "created_at": "Fri Oct 27 01:36:26 +0000 2017", "source": "<a href=\"http://twitter.com/download/android\" rel=\"nofollow\">Twitter for Android</a>"}, "id": 23783299, "listed_count": 0, "profile_background_image_url_https": "https://abs.twimg.com/images/themes/theme1/bg.png", "name": "Don", "utc_offset": -28800, "screen_name": "wales4me", "profile_background_tile": false, "default_profile": true, "has_extended_profile": false, "description": "Enjoying retirement", "follow_request_sent": false, "translator_type": "none", "entities": {"url": {"urls": [{"expanded_url": "https://twitter.com/wales4me", "url": "http://t.co/MBuagCc1vd", "indices": [0, 22], "display_url": "twitter.com/wales4me"}]}, "description": {"urls": []}}, "profile_sidebar_fill_color": "DDEEF6", "statuses_count": 31, "profile_sidebar_border_color": "C0DEED", "protected": false, "friends_count": 37, "profile_background_color": "C0DEED", "favourites_count": 20, "profile_text_color": "333333", "created_at": "Wed Mar 11 16:07:12 +0000 2009", "url": "http://t.co/MBuagCc1vd", "is_translation_enabled": false}
2017-11-10T13:00:05.283561	{"notifications": false, "entities": {"url": {"urls": [{"expanded_url": "https://twitter.com/wales4me", "url": "http://t.co/MBuagCc1vd", "indices": [0, 22], "display_url": "twitter.com/wales4me"}]}, "description": {"urls": []}}, "contributors_enabled": false, "profile_sidebar_border_color": "C0DEED", "has_extended_profile": false, "screen_name": "wales4me", "following": false, "statuses_count": 31, "protected": false, "location": "Concord, California", "created_at": "Wed Mar 11 16:07:12 +0000 2009", "url": "http://t.co/MBuagCc1vd", "profile_background_image_url_https": "https://abs.twimg.com/images/themes/theme1/bg.png", "name": "Don", "followers_count": 1, "profile_image_url_https": "https://pbs.twimg.com/profile_images/1479734318/IMG04_normal.JPG", "profile_link_color": "1DA1F2", "profile_image_url": "http://pbs.twimg.com/profile_images/1479734318/IMG04_normal.JPG", "profile_sidebar_fill_color": "DDEEF6", "follow_request_sent": false, "friends_count": 37, "profile_use_background_image": true, "favourites_count": 20, "is_translation_enabled": false, "utc_offset": -28800, "geo_enabled": false, "lang": "en", "id": 23783299, "description": "Enjoying retirement", "listed_count": 0, "verified": false, "time_zone": "Pacific Time (US & Canada)", "is_translator": false, "default_profile_image": false, "profile_text_color": "333333", "id_str": "23783299", "profile_background_image_url": "http://abs.twimg.com/images/themes/theme1/bg.png", "profile_background_tile": false, "status": {"in_reply_to_user_id_str": "905095603297943554", "entities": {"user_mentions": [{"id": 905095603297943554, "name": "Andy", "screen_name": "frostycamel", "indices": [0, 12], "id_str": "905095603297943554"}, {"id": 3580248555, "name": "Trumpism\u2122", "screen_name": "Team_Trump45", "indices": [13, 26], "id_str": "3580248555"}, {"id": 25073877, "name": "Donald J. Trump", "screen_name": "realDonaldTrump", "indices": [27, 43], "id_str": "25073877"}], "hashtags": [], "symbols": [], "urls": []}, "source": "<a href=\"http://twitter.com/download/android\" rel=\"nofollow\">Twitter for Android</a>", "id": 923725041036136448, "geo": null, "retweeted": false, "favorite_count": 0, "retweet_count": 0, "in_reply_to_screen_name": "frostycamel", "place": null, "created_at": "Fri Oct 27 01:36:26 +0000 2017", "in_reply_to_status_id": 923181896858824705, "favorited": false, "in_reply_to_user_id": 905095603297943554, "text": "@frostycamel @Team_Trump45 @realDonaldTrump Details.", "lang": "en", "coordinates": null, "is_quote_status": false, "id_str": "923725041036136448", "contributors": null, "truncated": false, "in_reply_to_status_id_str": "923181896858824705"}, "default_profile": true, "profile_background_color": "C0DEED", "translator_type": "none"}
2017-11-10T14:00:04.719820	{"contributors_enabled": false, "profile_image_url_https": "https://pbs.twimg.com/profile_images/1479734318/IMG04_normal.JPG", "follow_request_sent": false, "profile_text_color": "333333", "default_profile": true, "lang": "en", "favourites_count": 20, "statuses_count": 31, "profile_background_color": "C0DEED", "profile_use_background_image": true, "notifications": false, "name": "Don", "is_translation_enabled": false, "geo_enabled": false, "entities": {"url": {"urls": [{"display_url": "twitter.com/wales4me", "url": "http://t.co/MBuagCc1vd", "indices": [0, 22], "expanded_url": "https://twitter.com/wales4me"}]}, "description": {"urls": []}}, "id_str": "23783299", "is_translator": false, "has_extended_profile": false, "utc_offset": -28800, "profile_background_image_url": "http://abs.twimg.com/images/themes/theme1/bg.png", "translator_type": "none", "profile_sidebar_fill_color": "DDEEF6", "protected": false, "friends_count": 37, "time_zone": "Pacific Time (US & Canada)", "url": "http://t.co/MBuagCc1vd", "profile_sidebar_border_color": "C0DEED", "profile_image_url": "http://pbs.twimg.com/profile_images/1479734318/IMG04_normal.JPG", "default_profile_image": false, "profile_background_image_url_https": "https://abs.twimg.com/images/themes/theme1/bg.png", "profile_background_tile": false, "followers_count": 1, "screen_name": "wales4me", "verified": false, "listed_count": 0, "created_at": "Wed Mar 11 16:07:12 +0000 2009", "location": "Concord, California", "id": 23783299, "description": "Enjoying retirement", "following": false, "status": {"retweet_count": 0, "in_reply_to_user_id": 905095603297943554, "lang": "en", "contributors": null, "in_reply_to_user_id_str": "905095603297943554", "truncated": false, "in_reply_to_status_id": 923181896858824705, "source": "<a href=\"http://twitter.com/download/android\" rel=\"nofollow\">Twitter for Android</a>", "coordinates": null, "entities": {"hashtags": [], "user_mentions": [{"screen_name": "frostycamel", "indices": [0, 12], "name": "Andy", "id": 905095603297943554, "id_str": "905095603297943554"}, {"screen_name": "Team_Trump45", "indices": [13, 26], "name": "Trumpism\u2122", "id": 3580248555, "id_str": "3580248555"}, {"screen_name": "realDonaldTrump", "indices": [27, 43], "name": "Donald J. Trump", "id": 25073877, "id_str": "25073877"}], "urls": [], "symbols": []}, "favorite_count": 0, "retweeted": false, "place": null, "id_str": "923725041036136448", "created_at": "Fri Oct 27 01:36:26 +0000 2017", "id": 923725041036136448, "in_reply_to_status_id_str": "923181896858824705", "text": "@frostycamel @Team_Trump45 @realDonaldTrump Details.", "in_reply_to_screen_name": "frostycamel", "is_quote_status": false, "geo": null, "favorited": false}, "profile_link_color": "1DA1F2"}
2017-11-10T15:00:05.473955	{"default_profile_image": false, "url": "http://t.co/MBuagCc1vd", "status": {"favorited": false, "lang": "en", "is_quote_status": false, "source": "<a href=\"http://twitter.com/download/android\" rel=\"nofollow\">Twitter for Android</a>", "id": 923725041036136448, "contributors": null, "favorite_count": 0, "text": "@frostycamel @Team_Trump45 @realDonaldTrump Details.", "in_reply_to_screen_name": "frostycamel", "in_reply_to_status_id_str": "923181896858824705", "in_reply_to_user_id_str": "905095603297943554", "id_str": "923725041036136448", "truncated": false, "in_reply_to_user_id": 905095603297943554, "coordinates": null, "entities": {"urls": [], "user_mentions": [{"id_str": "905095603297943554", "indices": [0, 12], "screen_name": "frostycamel", "id": 905095603297943554, "name": "Andy"}, {"id_str": "3580248555", "indices": [13, 26], "screen_name": "Team_Trump45", "id": 3580248555, "name": "Trumpism\u2122"}, {"id_str": "25073877", "indices": [27, 43], "screen_name": "realDonaldTrump", "id": 25073877, "name": "Donald J. Trump"}], "symbols": [], "hashtags": []}, "retweeted": false, "place": null, "retweet_count": 0, "geo": null, "created_at": "Fri Oct 27 01:36:26 +0000 2017", "in_reply_to_status_id": 923181896858824705}, "lang": "en", "profile_background_image_url": "http://abs.twimg.com/images/themes/theme1/bg.png", "following": false, "location": "Concord, California", "is_translation_enabled": false, "profile_use_background_image": true, "statuses_count": 31, "id": 23783299, "profile_text_color": "333333", "description": "Enjoying retirement", "follow_request_sent": false, "profile_image_url": "http://pbs.twimg.com/profile_images/1479734318/IMG04_normal.JPG", "profile_link_color": "1DA1F2", "followers_count": 1, "profile_image_url_https": "https://pbs.twimg.com/profile_images/1479734318/IMG04_normal.JPG", "geo_enabled": false, "is_translator": false, "name": "Don", "default_profile": true, "has_extended_profile": false, "screen_name": "wales4me", "profile_sidebar_fill_color": "DDEEF6", "id_str": "23783299", "translator_type": "none", "entities": {"url": {"urls": [{"url": "http://t.co/MBuagCc1vd", "display_url": "twitter.com/wales4me", "indices": [0, 22], "expanded_url": "https://twitter.com/wales4me"}]}, "description": {"urls": []}}, "profile_background_tile": false, "protected": false, "profile_background_color": "C0DEED", "listed_count": 0, "utc_offset": -28800, "contributors_enabled": false, "profile_background_image_url_https": "https://abs.twimg.com/images/themes/theme1/bg.png", "time_zone": "Pacific Time (US & Canada)", "friends_count": 37, "favourites_count": 20, "notifications": false, "created_at": "Wed Mar 11 16:07:12 +0000 2009", "verified": false, "profile_sidebar_border_color": "C0DEED"}
2017-11-10T16:00:05.468852	{"default_profile": true, "followers_count": 1, "protected": false, "lang": "en", "translator_type": "none", "notifications": false, "screen_name": "wales4me", "url": "http://t.co/MBuagCc1vd", "following": false, "default_profile_image": false, "profile_background_tile": false, "has_extended_profile": false, "time_zone": "Pacific Time (US & Canada)", "id": 23783299, "id_str": "23783299", "profile_background_image_url_https": "https://abs.twimg.com/images/themes/theme1/bg.png", "location": "Concord, California", "entities": {"url": {"urls": [{"url": "http://t.co/MBuagCc1vd", "expanded_url": "https://twitter.com/wales4me", "indices": [0, 22], "display_url": "twitter.com/wales4me"}]}, "description": {"urls": []}}, "name": "Don", "profile_image_url": "http://pbs.twimg.com/profile_images/1479734318/IMG04_normal.JPG", "status": {"contributors": null, "retweet_count": 0, "is_quote_status": false, "coordinates": null, "source": "<a href=\"http://twitter.com/download/android\" rel=\"nofollow\">Twitter for Android</a>", "id_str": "923725041036136448", "geo": null, "id": 923725041036136448, "in_reply_to_status_id": 923181896858824705, "retweeted": false, "in_reply_to_screen_name": "frostycamel", "entities": {"urls": [], "symbols": [], "user_mentions": [{"id_str": "905095603297943554", "id": 905095603297943554, "name": "Andy", "indices": [0, 12], "screen_name": "frostycamel"}, {"id_str": "3580248555", "id": 3580248555, "name": "Trumpism\u2122", "indices": [13, 26], "screen_name": "Team_Trump45"}, {"id_str": "25073877", "id": 25073877, "name": "Donald J. Trump", "indices": [27, 43], "screen_name": "realDonaldTrump"}], "hashtags": []}, "truncated": false, "text": "@frostycamel @Team_Trump45 @realDonaldTrump Details.", "lang": "en", "in_reply_to_status_id_str": "923181896858824705", "in_reply_to_user_id_str": "905095603297943554", "created_at": "Fri Oct 27 01:36:26 +0000 2017", "favorite_count": 0, "in_reply_to_user_id": 905095603297943554, "place": null, "favorited": false}, "utc_offset": -28800, "description": "Enjoying retirement", "profile_sidebar_border_color": "C0DEED", "profile_sidebar_fill_color": "DDEEF6", "favourites_count": 20, "geo_enabled": false, "statuses_count": 31, "is_translation_enabled": false, "profile_text_color": "333333", "listed_count": 0, "profile_background_image_url": "http://abs.twimg.com/images/themes/theme1/bg.png", "is_translator": false, "created_at": "Wed Mar 11 16:07:12 +0000 2009", "friends_count": 37, "profile_background_color": "C0DEED", "contributors_enabled": false, "profile_use_background_image": true, "profile_link_color": "1DA1F2", "profile_image_url_https": "https://pbs.twimg.com/profile_images/1479734318/IMG04_normal.JPG", "follow_request_sent": false, "verified": false}
2017-11-10T17:00:05.044273	{"profile_sidebar_fill_color": "DDEEF6", "profile_image_url_https": "https://pbs.twimg.com/profile_images/1479734318/IMG04_normal.JPG", "status": {"in_reply_to_status_id": 923181896858824705, "is_quote_status": false, "place": null, "retweeted": false, "in_reply_to_screen_name": "frostycamel", "text": "@frostycamel @Team_Trump45 @realDonaldTrump Details.", "truncated": false, "created_at": "Fri Oct 27 01:36:26 +0000 2017", "coordinates": null, "in_reply_to_user_id_str": "905095603297943554", "in_reply_to_status_id_str": "923181896858824705", "id_str": "923725041036136448", "favorited": false, "id": 923725041036136448, "favorite_count": 0, "lang": "en", "geo": null, "entities": {"urls": [], "hashtags": [], "symbols": [], "user_mentions": [{"indices": [0, 12], "name": "Andy", "id_str": "905095603297943554", "id": 905095603297943554, "screen_name": "frostycamel"}, {"indices": [13, 26], "name": "Trumpism\u2122", "id_str": "3580248555", "id": 3580248555, "screen_name": "Team_Trump45"}, {"indices": [27, 43], "name": "Donald J. Trump", "id_str": "25073877", "id": 25073877, "screen_name": "realDonaldTrump"}]}, "contributors": null, "retweet_count": 0, "in_reply_to_user_id": 905095603297943554, "source": "<a href=\"http://twitter.com/download/android\" rel=\"nofollow\">Twitter for Android</a>"}, "verified": false, "profile_background_tile": false, "contributors_enabled": false, "following": false, "profile_sidebar_border_color": "C0DEED", "notifications": false, "favourites_count": 20, "description": "Enjoying retirement", "protected": false, "friends_count": 37, "has_extended_profile": false, "location": "Concord, California", "utc_offset": -28800, "time_zone": "Pacific Time (US & Canada)", "created_at": "Wed Mar 11 16:07:12 +0000 2009", "profile_text_color": "333333", "is_translator": false, "profile_link_color": "1DA1F2", "profile_use_background_image": true, "profile_background_image_url_https": "https://abs.twimg.com/images/themes/theme1/bg.png", "statuses_count": 31, "default_profile_image": false, "profile_image_url": "http://pbs.twimg.com/profile_images/1479734318/IMG04_normal.JPG", "listed_count": 0, "translator_type": "none", "url": "http://t.co/MBuagCc1vd", "follow_request_sent": false, "default_profile": true, "id": 23783299, "screen_name": "wales4me", "profile_background_image_url": "http://abs.twimg.com/images/themes/theme1/bg.png", "name": "Don", "id_str": "23783299", "lang": "en", "profile_background_color": "C0DEED", "entities": {"description": {"urls": []}, "url": {"urls": [{"indices": [0, 22], "display_url": "twitter.com/wales4me", "expanded_url": "https://twitter.com/wales4me", "url": "http://t.co/MBuagCc1vd"}]}}, "geo_enabled": false, "is_translation_enabled": false, "followers_count": 1}
2017-11-10T18:00:05.367767	{"is_translation_enabled": false, "url": "http://t.co/MBuagCc1vd", "name": "Don", "has_extended_profile": false, "profile_use_background_image": true, "status": {"in_reply_to_user_id_str": "905095603297943554", "in_reply_to_status_id_str": "923181896858824705", "id": 923725041036136448, "in_reply_to_user_id": 905095603297943554, "in_reply_to_screen_name": "frostycamel", "place": null, "in_reply_to_status_id": 923181896858824705, "favorited": false, "source": "<a href=\"http://twitter.com/download/android\" rel=\"nofollow\">Twitter for Android</a>", "geo": null, "is_quote_status": false, "text": "@frostycamel @Team_Trump45 @realDonaldTrump Details.", "created_at": "Fri Oct 27 01:36:26 +0000 2017", "favorite_count": 0, "entities": {"symbols": [], "user_mentions": [{"id": 905095603297943554, "screen_name": "frostycamel", "name": "Andy", "id_str": "905095603297943554", "indices": [0, 12]}, {"id": 3580248555, "screen_name": "Team_Trump45", "name": "Trumpism\u2122", "id_str": "3580248555", "indices": [13, 26]}, {"id": 25073877, "screen_name": "realDonaldTrump", "name": "Donald J. Trump", "id_str": "25073877", "indices": [27, 43]}], "hashtags": [], "urls": []}, "id_str": "923725041036136448", "coordinates": null, "truncated": false, "retweet_count": 0, "contributors": null, "lang": "en", "retweeted": false}, "profile_background_tile": false, "id": 23783299, "listed_count": 0, "profile_image_url_https": "https://pbs.twimg.com/profile_images/1479734318/IMG04_normal.JPG", "profile_background_color": "C0DEED", "followers_count": 1, "id_str": "23783299", "follow_request_sent": false, "following": false, "lang": "en", "contributors_enabled": false, "verified": false, "translator_type": "none", "screen_name": "wales4me", "notifications": false, "utc_offset": -28800, "description": "Enjoying retirement", "profile_link_color": "1DA1F2", "geo_enabled": false, "profile_image_url": "http://pbs.twimg.com/profile_images/1479734318/IMG04_normal.JPG", "created_at": "Wed Mar 11 16:07:12 +0000 2009", "favourites_count": 20, "profile_sidebar_fill_color": "DDEEF6", "default_profile_image": false, "entities": {"url": {"urls": [{"display_url": "twitter.com/wales4me", "expanded_url": "https://twitter.com/wales4me", "url": "http://t.co/MBuagCc1vd", "indices": [0, 22]}]}, "description": {"urls": []}}, "location": "Concord, California", "friends_count": 37, "profile_sidebar_border_color": "C0DEED", "is_translator": false, "default_profile": true, "statuses_count": 31, "time_zone": "Pacific Time (US & Canada)", "profile_background_image_url_https": "https://abs.twimg.com/images/themes/theme1/bg.png", "protected": false, "profile_background_image_url": "http://abs.twimg.com/images/themes/theme1/bg.png", "profile_text_color": "333333"}
2017-11-10T19:00:04.930591	{"name": "Don", "screen_name": "wales4me", "protected": false, "profile_sidebar_border_color": "C0DEED", "profile_background_tile": false, "profile_sidebar_fill_color": "DDEEF6", "created_at": "Wed Mar 11 16:07:12 +0000 2009", "statuses_count": 31, "utc_offset": -28800, "profile_image_url_https": "https://pbs.twimg.com/profile_images/1479734318/IMG04_normal.JPG", "is_translator": false, "is_translation_enabled": false, "geo_enabled": false, "profile_background_image_url": "http://abs.twimg.com/images/themes/theme1/bg.png", "status": {"coordinates": null, "source": "<a href=\"http://twitter.com/download/android\" rel=\"nofollow\">Twitter for Android</a>", "in_reply_to_status_id_str": "923181896858824705", "created_at": "Fri Oct 27 01:36:26 +0000 2017", "is_quote_status": false, "in_reply_to_user_id_str": "905095603297943554", "retweet_count": 0, "id": 923725041036136448, "contributors": null, "geo": null, "in_reply_to_screen_name": "frostycamel", "retweeted": false, "truncated": false, "favorited": false, "id_str": "923725041036136448", "text": "@frostycamel @Team_Trump45 @realDonaldTrump Details.", "favorite_count": 0, "in_reply_to_user_id": 905095603297943554, "entities": {"symbols": [], "hashtags": [], "urls": [], "user_mentions": [{"screen_name": "frostycamel", "name": "Andy", "id": 905095603297943554, "id_str": "905095603297943554", "indices": [0, 12]}, {"screen_name": "Team_Trump45", "name": "Trumpism\u2122", "id": 3580248555, "id_str": "3580248555", "indices": [13, 26]}, {"screen_name": "realDonaldTrump", "name": "Donald J. Trump", "id": 25073877, "id_str": "25073877", "indices": [27, 43]}]}, "place": null, "lang": "en", "in_reply_to_status_id": 923181896858824705}, "has_extended_profile": false, "profile_background_image_url_https": "https://abs.twimg.com/images/themes/theme1/bg.png", "notifications": false, "contributors_enabled": false, "following": false, "verified": false, "profile_image_url": "http://pbs.twimg.com/profile_images/1479734318/IMG04_normal.JPG", "followers_count": 1, "profile_text_color": "333333", "profile_link_color": "1DA1F2", "profile_background_color": "C0DEED", "default_profile_image": false, "follow_request_sent": false, "id_str": "23783299", "listed_count": 0, "friends_count": 37, "url": "http://t.co/MBuagCc1vd", "time_zone": "Pacific Time (US & Canada)", "default_profile": true, "location": "Concord, California", "profile_use_background_image": true, "entities": {"url": {"urls": [{"url": "http://t.co/MBuagCc1vd", "display_url": "twitter.com/wales4me", "expanded_url": "https://twitter.com/wales4me", "indices": [0, 22]}]}, "description": {"urls": []}}, "id": 23783299, "lang": "en", "translator_type": "none", "description": "Enjoying retirement", "favourites_count": 20}
2017-11-10T20:00:04.862251	{"profile_sidebar_border_color": "C0DEED", "url": "http://t.co/MBuagCc1vd", "id": 23783299, "description": "Enjoying retirement", "default_profile": true, "listed_count": 0, "id_str": "23783299", "protected": false, "lang": "en", "name": "Don", "profile_image_url": "http://pbs.twimg.com/profile_images/1479734318/IMG04_normal.JPG", "follow_request_sent": false, "profile_background_tile": false, "notifications": false, "verified": false, "created_at": "Wed Mar 11 16:07:12 +0000 2009", "is_translation_enabled": false, "utc_offset": -28800, "entities": {"description": {"urls": []}, "url": {"urls": [{"expanded_url": "https://twitter.com/wales4me", "indices": [0, 22], "url": "http://t.co/MBuagCc1vd", "display_url": "twitter.com/wales4me"}]}}, "is_translator": false, "status": {"source": "<a href=\"http://twitter.com/download/android\" rel=\"nofollow\">Twitter for Android</a>", "id": 923725041036136448, "text": "@frostycamel @Team_Trump45 @realDonaldTrump Details.", "geo": null, "favorite_count": 0, "id_str": "923725041036136448", "lang": "en", "created_at": "Fri Oct 27 01:36:26 +0000 2017", "in_reply_to_status_id": 923181896858824705, "in_reply_to_user_id_str": "905095603297943554", "retweeted": false, "coordinates": null, "favorited": false, "entities": {"hashtags": [], "urls": [], "user_mentions": [{"name": "Andy", "screen_name": "frostycamel", "indices": [0, 12], "id_str": "905095603297943554", "id": 905095603297943554}, {"name": "Trumpism\u2122", "screen_name": "Team_Trump45", "indices": [13, 26], "id_str": "3580248555", "id": 3580248555}, {"name": "Donald J. Trump", "screen_name": "realDonaldTrump", "indices": [27, 43], "id_str": "25073877", "id": 25073877}], "symbols": []}, "is_quote_status": false, "in_reply_to_screen_name": "frostycamel", "in_reply_to_status_id_str": "923181896858824705", "truncated": false, "retweet_count": 0, "contributors": null, "in_reply_to_user_id": 905095603297943554, "place": null}, "profile_text_color": "333333", "profile_image_url_https": "https://pbs.twimg.com/profile_images/1479734318/IMG04_normal.JPG", "translator_type": "none", "location": "Concord, California", "profile_background_color": "C0DEED", "contributors_enabled": false, "friends_count": 37, "default_profile_image": false, "profile_use_background_image": true, "profile_background_image_url": "http://abs.twimg.com/images/themes/theme1/bg.png", "following": false, "profile_background_image_url_https": "https://abs.twimg.com/images/themes/theme1/bg.png", "time_zone": "Pacific Time (US & Canada)", "statuses_count": 31, "followers_count": 1, "has_extended_profile": false, "profile_sidebar_fill_color": "DDEEF6", "screen_name": "wales4me", "profile_link_color": "1DA1F2", "favourites_count": 20, "geo_enabled": false}
2017-11-10T21:00:04.751525	{"profile_background_image_url": "http://abs.twimg.com/images/themes/theme1/bg.png", "default_profile": true, "profile_sidebar_border_color": "C0DEED", "profile_use_background_image": true, "listed_count": 0, "profile_sidebar_fill_color": "DDEEF6", "following": false, "profile_image_url_https": "https://pbs.twimg.com/profile_images/1479734318/IMG04_normal.JPG", "default_profile_image": false, "follow_request_sent": false, "protected": false, "verified": false, "time_zone": "Pacific Time (US & Canada)", "profile_background_image_url_https": "https://abs.twimg.com/images/themes/theme1/bg.png", "notifications": false, "profile_image_url": "http://pbs.twimg.com/profile_images/1479734318/IMG04_normal.JPG", "location": "Concord, California", "is_translation_enabled": false, "created_at": "Wed Mar 11 16:07:12 +0000 2009", "favourites_count": 20, "entities": {"url": {"urls": [{"url": "http://t.co/MBuagCc1vd", "display_url": "twitter.com/wales4me", "indices": [0, 22], "expanded_url": "https://twitter.com/wales4me"}]}, "description": {"urls": []}}, "id_str": "23783299", "translator_type": "none", "contributors_enabled": false, "profile_link_color": "1DA1F2", "statuses_count": 31, "url": "http://t.co/MBuagCc1vd", "has_extended_profile": false, "is_translator": false, "friends_count": 37, "status": {"truncated": false, "in_reply_to_screen_name": "frostycamel", "favorite_count": 0, "source": "<a href=\"http://twitter.com/download/android\" rel=\"nofollow\">Twitter for Android</a>", "is_quote_status": false, "in_reply_to_status_id": 923181896858824705, "retweeted": false, "favorited": false, "created_at": "Fri Oct 27 01:36:26 +0000 2017", "entities": {"urls": [], "user_mentions": [{"screen_name": "frostycamel", "id_str": "905095603297943554", "name": "Andy", "id": 905095603297943554, "indices": [0, 12]}, {"screen_name": "Team_Trump45", "id_str": "3580248555", "name": "Trumpism\u2122", "id": 3580248555, "indices": [13, 26]}, {"screen_name": "realDonaldTrump", "id_str": "25073877", "name": "Donald J. Trump", "id": 25073877, "indices": [27, 43]}], "symbols": [], "hashtags": []}, "id_str": "923725041036136448", "coordinates": null, "in_reply_to_user_id": 905095603297943554, "in_reply_to_status_id_str": "923181896858824705", "geo": null, "place": null, "text": "@frostycamel @Team_Trump45 @realDonaldTrump Details.", "retweet_count": 0, "id": 923725041036136448, "contributors": null, "in_reply_to_user_id_str": "905095603297943554", "lang": "en"}, "geo_enabled": false, "screen_name": "wales4me", "profile_background_color": "C0DEED", "profile_background_tile": false, "name": "Don", "id": 23783299, "profile_text_color": "333333", "utc_offset": -28800, "description": "Enjoying retirement", "followers_count": 1, "lang": "en"}
2017-11-10T22:00:04.394581	{"following": false, "contributors_enabled": false, "followers_count": 1, "default_profile": true, "profile_sidebar_border_color": "C0DEED", "description": "Enjoying retirement", "id_str": "23783299", "screen_name": "wales4me", "notifications": false, "id": 23783299, "default_profile_image": false, "profile_background_tile": false, "follow_request_sent": false, "location": "Concord, California", "protected": false, "status": {"is_quote_status": false, "contributors": null, "id_str": "923725041036136448", "in_reply_to_status_id_str": "923181896858824705", "retweeted": false, "id": 923725041036136448, "truncated": false, "created_at": "Fri Oct 27 01:36:26 +0000 2017", "favorite_count": 0, "in_reply_to_user_id_str": "905095603297943554", "in_reply_to_user_id": 905095603297943554, "entities": {"urls": [], "user_mentions": [{"indices": [0, 12], "id_str": "905095603297943554", "name": "Andy", "screen_name": "frostycamel", "id": 905095603297943554}, {"indices": [13, 26], "id_str": "3580248555", "name": "Trumpism\u2122", "screen_name": "Team_Trump45", "id": 3580248555}, {"indices": [27, 43], "id_str": "25073877", "name": "Donald J. Trump", "screen_name": "realDonaldTrump", "id": 25073877}], "hashtags": [], "symbols": []}, "retweet_count": 0, "favorited": false, "geo": null, "place": null, "in_reply_to_screen_name": "frostycamel", "text": "@frostycamel @Team_Trump45 @realDonaldTrump Details.", "coordinates": null, "lang": "en", "source": "<a href=\"http://twitter.com/download/android\" rel=\"nofollow\">Twitter for Android</a>", "in_reply_to_status_id": 923181896858824705}, "verified": false, "is_translator": false, "name": "Don", "friends_count": 37, "profile_use_background_image": true, "created_at": "Wed Mar 11 16:07:12 +0000 2009", "utc_offset": -28800, "statuses_count": 31, "url": "http://t.co/MBuagCc1vd", "is_translation_enabled": false, "geo_enabled": false, "profile_image_url": "http://pbs.twimg.com/profile_images/1479734318/IMG04_normal.JPG", "entities": {"url": {"urls": [{"display_url": "twitter.com/wales4me", "indices": [0, 22], "url": "http://t.co/MBuagCc1vd", "expanded_url": "https://twitter.com/wales4me"}]}, "description": {"urls": []}}, "lang": "en", "profile_background_color": "C0DEED", "has_extended_profile": false, "profile_background_image_url": "http://abs.twimg.com/images/themes/theme1/bg.png", "translator_type": "none", "profile_link_color": "1DA1F2", "profile_background_image_url_https": "https://abs.twimg.com/images/themes/theme1/bg.png", "profile_text_color": "333333", "profile_sidebar_fill_color": "DDEEF6", "listed_count": 0, "profile_image_url_https": "https://pbs.twimg.com/profile_images/1479734318/IMG04_normal.JPG", "favourites_count": 20, "time_zone": "Pacific Time (US & Canada)"}
2017-11-10T23:00:05.294375	{"profile_background_image_url_https": "https://abs.twimg.com/images/themes/theme1/bg.png", "url": "http://t.co/MBuagCc1vd", "status": {"coordinates": null, "created_at": "Fri Oct 27 01:36:26 +0000 2017", "text": "@frostycamel @Team_Trump45 @realDonaldTrump Details.", "id_str": "923725041036136448", "in_reply_to_status_id_str": "923181896858824705", "retweeted": false, "source": "<a href=\"http://twitter.com/download/android\" rel=\"nofollow\">Twitter for Android</a>", "id": 923725041036136448, "in_reply_to_status_id": 923181896858824705, "favorite_count": 0, "truncated": false, "in_reply_to_screen_name": "frostycamel", "contributors": null, "geo": null, "entities": {"user_mentions": [{"id_str": "905095603297943554", "indices": [0, 12], "name": "Andy", "id": 905095603297943554, "screen_name": "frostycamel"}, {"id_str": "3580248555", "indices": [13, 26], "name": "Trumpism\u2122", "id": 3580248555, "screen_name": "Team_Trump45"}, {"id_str": "25073877", "indices": [27, 43], "name": "Donald J. Trump", "id": 25073877, "screen_name": "realDonaldTrump"}], "urls": [], "symbols": [], "hashtags": []}, "is_quote_status": false, "retweet_count": 0, "in_reply_to_user_id_str": "905095603297943554", "in_reply_to_user_id": 905095603297943554, "favorited": false, "place": null, "lang": "en"}, "description": "Enjoying retirement", "protected": false, "id_str": "23783299", "location": "Concord, California", "following": false, "profile_use_background_image": true, "created_at": "Wed Mar 11 16:07:12 +0000 2009", "favourites_count": 20, "id": 23783299, "is_translator": false, "has_extended_profile": false, "notifications": false, "statuses_count": 31, "default_profile_image": false, "followers_count": 1, "profile_background_image_url": "http://abs.twimg.com/images/themes/theme1/bg.png", "translator_type": "none", "is_translation_enabled": false, "profile_background_tile": false, "friends_count": 37, "profile_text_color": "333333", "entities": {"url": {"urls": [{"url": "http://t.co/MBuagCc1vd", "display_url": "twitter.com/wales4me", "expanded_url": "https://twitter.com/wales4me", "indices": [0, 22]}]}, "description": {"urls": []}}, "contributors_enabled": false, "name": "Don", "listed_count": 0, "screen_name": "wales4me", "profile_link_color": "1DA1F2", "verified": false, "profile_image_url_https": "https://pbs.twimg.com/profile_images/1479734318/IMG04_normal.JPG", "default_profile": true, "follow_request_sent": false, "utc_offset": -28800, "geo_enabled": false, "profile_image_url": "http://pbs.twimg.com/profile_images/1479734318/IMG04_normal.JPG", "profile_sidebar_fill_color": "DDEEF6", "profile_sidebar_border_color": "C0DEED", "profile_background_color": "C0DEED", "lang": "en", "time_zone": "Pacific Time (US & Canada)"}
2017-11-11T00:00:04.483539	{"profile_background_color": "C0DEED", "following": false, "name": "Don", "protected": false, "statuses_count": 31, "utc_offset": -28800, "has_extended_profile": false, "followers_count": 1, "verified": false, "lang": "en", "location": "Concord, California", "description": "Enjoying retirement", "default_profile": true, "id": 23783299, "profile_background_image_url": "http://abs.twimg.com/images/themes/theme1/bg.png", "profile_text_color": "333333", "profile_sidebar_fill_color": "DDEEF6", "geo_enabled": false, "contributors_enabled": false, "is_translator": false, "created_at": "Wed Mar 11 16:07:12 +0000 2009", "friends_count": 37, "id_str": "23783299", "profile_background_image_url_https": "https://abs.twimg.com/images/themes/theme1/bg.png", "profile_image_url": "http://pbs.twimg.com/profile_images/1479734318/IMG04_normal.JPG", "status": {"truncated": false, "in_reply_to_status_id_str": "923181896858824705", "in_reply_to_user_id_str": "905095603297943554", "in_reply_to_user_id": 905095603297943554, "lang": "en", "text": "@frostycamel @Team_Trump45 @realDonaldTrump Details.", "id": 923725041036136448, "in_reply_to_status_id": 923181896858824705, "retweet_count": 0, "retweeted": false, "favorited": false, "created_at": "Fri Oct 27 01:36:26 +0000 2017", "id_str": "923725041036136448", "place": null, "coordinates": null, "in_reply_to_screen_name": "frostycamel", "geo": null, "source": "<a href=\"http://twitter.com/download/android\" rel=\"nofollow\">Twitter for Android</a>", "contributors": null, "favorite_count": 0, "is_quote_status": false, "entities": {"urls": [], "user_mentions": [{"id_str": "905095603297943554", "name": "Andy", "screen_name": "frostycamel", "id": 905095603297943554, "indices": [0, 12]}, {"id_str": "3580248555", "name": "Trumpism\u2122", "screen_name": "Team_Trump45", "id": 3580248555, "indices": [13, 26]}, {"id_str": "25073877", "name": "Donald J. Trump", "screen_name": "realDonaldTrump", "id": 25073877, "indices": [27, 43]}], "hashtags": [], "symbols": []}}, "default_profile_image": false, "listed_count": 0, "screen_name": "wales4me", "notifications": false, "profile_image_url_https": "https://pbs.twimg.com/profile_images/1479734318/IMG04_normal.JPG", "profile_use_background_image": true, "translator_type": "none", "profile_link_color": "1DA1F2", "profile_sidebar_border_color": "C0DEED", "profile_background_tile": false, "url": "http://t.co/MBuagCc1vd", "follow_request_sent": false, "favourites_count": 20, "is_translation_enabled": false, "entities": {"url": {"urls": [{"url": "http://t.co/MBuagCc1vd", "expanded_url": "https://twitter.com/wales4me", "display_url": "twitter.com/wales4me", "indices": [0, 22]}]}, "description": {"urls": []}}, "time_zone": "Pacific Time (US & Canada)"}
2017-11-11T01:00:04.486660	{"contributors_enabled": false, "has_extended_profile": false, "id": 23783299, "profile_image_url": "http://pbs.twimg.com/profile_images/1479734318/IMG04_normal.JPG", "translator_type": "none", "notifications": false, "default_profile": true, "profile_link_color": "1DA1F2", "profile_sidebar_border_color": "C0DEED", "protected": false, "utc_offset": -28800, "is_translator": false, "id_str": "23783299", "geo_enabled": false, "is_translation_enabled": false, "url": "http://t.co/MBuagCc1vd", "following": false, "statuses_count": 31, "profile_text_color": "333333", "profile_use_background_image": true, "time_zone": "Pacific Time (US & Canada)", "verified": false, "friends_count": 37, "favourites_count": 20, "location": "Concord, California", "profile_background_image_url": "http://abs.twimg.com/images/themes/theme1/bg.png", "screen_name": "wales4me", "status": {"retweet_count": 0, "id": 923725041036136448, "truncated": false, "text": "@frostycamel @Team_Trump45 @realDonaldTrump Details.", "source": "<a href=\"http://twitter.com/download/android\" rel=\"nofollow\">Twitter for Android</a>", "contributors": null, "id_str": "923725041036136448", "in_reply_to_status_id_str": "923181896858824705", "in_reply_to_user_id": 905095603297943554, "favorited": false, "is_quote_status": false, "lang": "en", "in_reply_to_status_id": 923181896858824705, "retweeted": false, "geo": null, "in_reply_to_screen_name": "frostycamel", "place": null, "entities": {"user_mentions": [{"id_str": "905095603297943554", "indices": [0, 12], "name": "Andy", "id": 905095603297943554, "screen_name": "frostycamel"}, {"id_str": "3580248555", "indices": [13, 26], "name": "Trumpism\u2122", "id": 3580248555, "screen_name": "Team_Trump45"}, {"id_str": "25073877", "indices": [27, 43], "name": "Donald J. Trump", "id": 25073877, "screen_name": "realDonaldTrump"}], "urls": [], "symbols": [], "hashtags": []}, "coordinates": null, "favorite_count": 0, "in_reply_to_user_id_str": "905095603297943554", "created_at": "Fri Oct 27 01:36:26 +0000 2017"}, "profile_background_tile": false, "profile_background_image_url_https": "https://abs.twimg.com/images/themes/theme1/bg.png", "default_profile_image": false, "listed_count": 0, "lang": "en", "profile_background_color": "C0DEED", "name": "Don", "profile_image_url_https": "https://pbs.twimg.com/profile_images/1479734318/IMG04_normal.JPG", "follow_request_sent": false, "entities": {"description": {"urls": []}, "url": {"urls": [{"expanded_url": "https://twitter.com/wales4me", "display_url": "twitter.com/wales4me", "indices": [0, 22], "url": "http://t.co/MBuagCc1vd"}]}}, "profile_sidebar_fill_color": "DDEEF6", "followers_count": 1, "description": "Enjoying retirement", "created_at": "Wed Mar 11 16:07:12 +0000 2009"}
2017-11-11T02:00:04.916327	{"profile_background_image_url_https": "https://abs.twimg.com/images/themes/theme1/bg.png", "id_str": "23783299", "url": "http://t.co/MBuagCc1vd", "listed_count": 0, "friends_count": 37, "verified": false, "name": "Don", "default_profile_image": false, "utc_offset": -28800, "is_translator": false, "created_at": "Wed Mar 11 16:07:12 +0000 2009", "profile_background_image_url": "http://abs.twimg.com/images/themes/theme1/bg.png", "lang": "en", "screen_name": "wales4me", "profile_link_color": "1DA1F2", "profile_background_tile": false, "protected": false, "translator_type": "none", "profile_image_url": "http://pbs.twimg.com/profile_images/1479734318/IMG04_normal.JPG", "profile_use_background_image": true, "default_profile": true, "profile_sidebar_fill_color": "DDEEF6", "time_zone": "Pacific Time (US & Canada)", "contributors_enabled": false, "followers_count": 1, "status": {"coordinates": null, "favorited": false, "id_str": "923725041036136448", "lang": "en", "created_at": "Fri Oct 27 01:36:26 +0000 2017", "retweeted": false, "truncated": false, "in_reply_to_user_id_str": "905095603297943554", "in_reply_to_status_id": 923181896858824705, "geo": null, "in_reply_to_status_id_str": "923181896858824705", "in_reply_to_user_id": 905095603297943554, "text": "@frostycamel @Team_Trump45 @realDonaldTrump Details.", "contributors": null, "source": "<a href=\"http://twitter.com/download/android\" rel=\"nofollow\">Twitter for Android</a>", "is_quote_status": false, "favorite_count": 0, "in_reply_to_screen_name": "frostycamel", "entities": {"user_mentions": [{"id": 905095603297943554, "name": "Andy", "indices": [0, 12], "id_str": "905095603297943554", "screen_name": "frostycamel"}, {"id": 3580248555, "name": "Trumpism\u2122", "indices": [13, 26], "id_str": "3580248555", "screen_name": "Team_Trump45"}, {"id": 25073877, "name": "Donald J. Trump", "indices": [27, 43], "id_str": "25073877", "screen_name": "realDonaldTrump"}], "urls": [], "symbols": [], "hashtags": []}, "retweet_count": 0, "id": 923725041036136448, "place": null}, "geo_enabled": false, "profile_text_color": "333333", "profile_image_url_https": "https://pbs.twimg.com/profile_images/1479734318/IMG04_normal.JPG", "is_translation_enabled": false, "description": "Enjoying retirement", "follow_request_sent": false, "entities": {"description": {"urls": []}, "url": {"urls": [{"expanded_url": "https://twitter.com/wales4me", "display_url": "twitter.com/wales4me", "indices": [0, 22], "url": "http://t.co/MBuagCc1vd"}]}}, "has_extended_profile": false, "location": "Concord, California", "profile_background_color": "C0DEED", "following": false, "favourites_count": 20, "id": 23783299, "profile_sidebar_border_color": "C0DEED", "notifications": false, "statuses_count": 31}
2017-11-11T03:00:05.224107	{"is_translation_enabled": false, "profile_background_color": "C0DEED", "follow_request_sent": false, "protected": false, "notifications": false, "profile_background_image_url_https": "https://abs.twimg.com/images/themes/theme1/bg.png", "profile_link_color": "1DA1F2", "profile_text_color": "333333", "friends_count": 37, "utc_offset": -28800, "listed_count": 0, "geo_enabled": false, "time_zone": "Pacific Time (US & Canada)", "id": 23783299, "created_at": "Wed Mar 11 16:07:12 +0000 2009", "location": "Concord, California", "has_extended_profile": false, "entities": {"url": {"urls": [{"url": "http://t.co/MBuagCc1vd", "display_url": "twitter.com/wales4me", "indices": [0, 22], "expanded_url": "https://twitter.com/wales4me"}]}, "description": {"urls": []}}, "profile_sidebar_border_color": "C0DEED", "lang": "en", "id_str": "23783299", "followers_count": 1, "profile_image_url": "http://pbs.twimg.com/profile_images/1479734318/IMG04_normal.JPG", "is_translator": false, "statuses_count": 31, "profile_background_tile": false, "profile_use_background_image": true, "screen_name": "wales4me", "following": false, "default_profile_image": false, "description": "Enjoying retirement", "name": "Don", "url": "http://t.co/MBuagCc1vd", "contributors_enabled": false, "profile_image_url_https": "https://pbs.twimg.com/profile_images/1479734318/IMG04_normal.JPG", "verified": false, "profile_background_image_url": "http://abs.twimg.com/images/themes/theme1/bg.png", "translator_type": "none", "favourites_count": 20, "status": {"contributors": null, "in_reply_to_user_id_str": "905095603297943554", "coordinates": null, "favorited": false, "source": "<a href=\"http://twitter.com/download/android\" rel=\"nofollow\">Twitter for Android</a>", "geo": null, "in_reply_to_user_id": 905095603297943554, "created_at": "Fri Oct 27 01:36:26 +0000 2017", "favorite_count": 0, "entities": {"hashtags": [], "symbols": [], "user_mentions": [{"screen_name": "frostycamel", "indices": [0, 12], "id": 905095603297943554, "name": "Andy", "id_str": "905095603297943554"}, {"screen_name": "Team_Trump45", "indices": [13, 26], "id": 3580248555, "name": "Trumpism\u2122", "id_str": "3580248555"}, {"screen_name": "realDonaldTrump", "indices": [27, 43], "id": 25073877, "name": "Donald J. Trump", "id_str": "25073877"}], "urls": []}, "id": 923725041036136448, "id_str": "923725041036136448", "in_reply_to_screen_name": "frostycamel", "retweeted": false, "in_reply_to_status_id_str": "923181896858824705", "in_reply_to_status_id": 923181896858824705, "truncated": false, "text": "@frostycamel @Team_Trump45 @realDonaldTrump Details.", "lang": "en", "retweet_count": 0, "place": null, "is_quote_status": false}, "profile_sidebar_fill_color": "DDEEF6", "default_profile": true}
2017-11-11T04:00:05.266112	{"profile_image_url_https": "https://pbs.twimg.com/profile_images/1479734318/IMG04_normal.JPG", "favourites_count": 20, "contributors_enabled": false, "name": "Don", "followers_count": 1, "following": false, "profile_use_background_image": true, "listed_count": 0, "has_extended_profile": false, "is_translator": false, "description": "Enjoying retirement", "verified": false, "is_translation_enabled": false, "time_zone": "Pacific Time (US & Canada)", "location": "Concord, California", "profile_background_image_url_https": "https://abs.twimg.com/images/themes/theme1/bg.png", "profile_text_color": "333333", "id_str": "23783299", "profile_sidebar_fill_color": "DDEEF6", "url": "http://t.co/MBuagCc1vd", "screen_name": "wales4me", "statuses_count": 31, "friends_count": 37, "created_at": "Wed Mar 11 16:07:12 +0000 2009", "profile_background_color": "C0DEED", "profile_sidebar_border_color": "C0DEED", "geo_enabled": false, "follow_request_sent": false, "utc_offset": -28800, "notifications": false, "profile_image_url": "http://pbs.twimg.com/profile_images/1479734318/IMG04_normal.JPG", "entities": {"description": {"urls": []}, "url": {"urls": [{"indices": [0, 22], "expanded_url": "https://twitter.com/wales4me", "display_url": "twitter.com/wales4me", "url": "http://t.co/MBuagCc1vd"}]}}, "profile_background_image_url": "http://abs.twimg.com/images/themes/theme1/bg.png", "translator_type": "none", "protected": false, "default_profile": true, "lang": "en", "profile_background_tile": false, "status": {"entities": {"user_mentions": [{"id_str": "905095603297943554", "indices": [0, 12], "name": "Andy", "id": 905095603297943554, "screen_name": "frostycamel"}, {"id_str": "3580248555", "indices": [13, 26], "name": "Trumpism\u2122", "id": 3580248555, "screen_name": "Team_Trump45"}, {"id_str": "25073877", "indices": [27, 43], "name": "Donald J. Trump", "id": 25073877, "screen_name": "realDonaldTrump"}], "symbols": [], "hashtags": [], "urls": []}, "truncated": false, "is_quote_status": false, "in_reply_to_status_id_str": "923181896858824705", "retweet_count": 0, "id_str": "923725041036136448", "contributors": null, "in_reply_to_status_id": 923181896858824705, "coordinates": null, "created_at": "Fri Oct 27 01:36:26 +0000 2017", "text": "@frostycamel @Team_Trump45 @realDonaldTrump Details.", "source": "<a href=\"http://twitter.com/download/android\" rel=\"nofollow\">Twitter for Android</a>", "retweeted": false, "geo": null, "place": null, "in_reply_to_user_id": 905095603297943554, "favorite_count": 0, "lang": "en", "favorited": false, "id": 923725041036136448, "in_reply_to_user_id_str": "905095603297943554", "in_reply_to_screen_name": "frostycamel"}, "id": 23783299, "profile_link_color": "1DA1F2", "default_profile_image": false}
2017-11-11T05:00:04.437901	{"profile_text_color": "333333", "profile_background_image_url": "http://abs.twimg.com/images/themes/theme1/bg.png", "profile_use_background_image": true, "followers_count": 1, "profile_background_image_url_https": "https://abs.twimg.com/images/themes/theme1/bg.png", "friends_count": 37, "profile_background_tile": false, "description": "Enjoying retirement", "status": {"truncated": false, "in_reply_to_user_id_str": "905095603297943554", "lang": "en", "in_reply_to_status_id": 923181896858824705, "retweeted": false, "geo": null, "retweet_count": 0, "favorite_count": 0, "in_reply_to_screen_name": "frostycamel", "created_at": "Fri Oct 27 01:36:26 +0000 2017", "favorited": false, "id_str": "923725041036136448", "is_quote_status": false, "place": null, "in_reply_to_status_id_str": "923181896858824705", "id": 923725041036136448, "coordinates": null, "contributors": null, "in_reply_to_user_id": 905095603297943554, "entities": {"symbols": [], "hashtags": [], "user_mentions": [{"id_str": "905095603297943554", "name": "Andy", "screen_name": "frostycamel", "indices": [0, 12], "id": 905095603297943554}, {"id_str": "3580248555", "name": "Trumpism\u2122", "screen_name": "Team_Trump45", "indices": [13, 26], "id": 3580248555}, {"id_str": "25073877", "name": "Donald J. Trump", "screen_name": "realDonaldTrump", "indices": [27, 43], "id": 25073877}], "urls": []}, "text": "@frostycamel @Team_Trump45 @realDonaldTrump Details.", "source": "<a href=\"http://twitter.com/download/android\" rel=\"nofollow\">Twitter for Android</a>"}, "follow_request_sent": false, "utc_offset": -28800, "has_extended_profile": false, "geo_enabled": false, "profile_sidebar_fill_color": "DDEEF6", "profile_image_url_https": "https://pbs.twimg.com/profile_images/1479734318/IMG04_normal.JPG", "favourites_count": 20, "translator_type": "none", "notifications": false, "lang": "en", "id_str": "23783299", "protected": false, "created_at": "Wed Mar 11 16:07:12 +0000 2009", "following": false, "verified": false, "entities": {"url": {"urls": [{"url": "http://t.co/MBuagCc1vd", "expanded_url": "https://twitter.com/wales4me", "indices": [0, 22], "display_url": "twitter.com/wales4me"}]}, "description": {"urls": []}}, "location": "Concord, California", "contributors_enabled": false, "is_translator": false, "default_profile_image": false, "id": 23783299, "time_zone": "Pacific Time (US & Canada)", "profile_background_color": "C0DEED", "default_profile": true, "profile_sidebar_border_color": "C0DEED", "statuses_count": 31, "is_translation_enabled": false, "url": "http://t.co/MBuagCc1vd", "profile_image_url": "http://pbs.twimg.com/profile_images/1479734318/IMG04_normal.JPG", "name": "Don", "screen_name": "wales4me", "listed_count": 0, "profile_link_color": "1DA1F2"}
2017-11-11T06:00:05.034505	{"url": "http://t.co/MBuagCc1vd", "time_zone": "Pacific Time (US & Canada)", "profile_background_image_url_https": "https://abs.twimg.com/images/themes/theme1/bg.png", "geo_enabled": false, "created_at": "Wed Mar 11 16:07:12 +0000 2009", "id_str": "23783299", "friends_count": 37, "profile_image_url_https": "https://pbs.twimg.com/profile_images/1479734318/IMG04_normal.JPG", "id": 23783299, "lang": "en", "following": false, "profile_background_tile": false, "followers_count": 1, "default_profile": true, "default_profile_image": false, "description": "Enjoying retirement", "is_translation_enabled": false, "profile_link_color": "1DA1F2", "translator_type": "none", "profile_use_background_image": true, "protected": false, "name": "Don", "location": "Concord, California", "notifications": false, "profile_background_color": "C0DEED", "contributors_enabled": false, "follow_request_sent": false, "has_extended_profile": false, "verified": false, "listed_count": 0, "profile_background_image_url": "http://abs.twimg.com/images/themes/theme1/bg.png", "screen_name": "wales4me", "entities": {"url": {"urls": [{"url": "http://t.co/MBuagCc1vd", "display_url": "twitter.com/wales4me", "expanded_url": "https://twitter.com/wales4me", "indices": [0, 22]}]}, "description": {"urls": []}}, "utc_offset": -28800, "profile_sidebar_border_color": "C0DEED", "status": {"is_quote_status": false, "id": 923725041036136448, "created_at": "Fri Oct 27 01:36:26 +0000 2017", "id_str": "923725041036136448", "in_reply_to_user_id_str": "905095603297943554", "favorite_count": 0, "lang": "en", "retweeted": false, "retweet_count": 0, "coordinates": null, "in_reply_to_screen_name": "frostycamel", "place": null, "source": "<a href=\"http://twitter.com/download/android\" rel=\"nofollow\">Twitter for Android</a>", "text": "@frostycamel @Team_Trump45 @realDonaldTrump Details.", "in_reply_to_status_id_str": "923181896858824705", "contributors": null, "geo": null, "entities": {"urls": [], "user_mentions": [{"id": 905095603297943554, "indices": [0, 12], "name": "Andy", "id_str": "905095603297943554", "screen_name": "frostycamel"}, {"id": 3580248555, "indices": [13, 26], "name": "Trumpism\u2122", "id_str": "3580248555", "screen_name": "Team_Trump45"}, {"id": 25073877, "indices": [27, 43], "name": "Donald J. Trump", "id_str": "25073877", "screen_name": "realDonaldTrump"}], "symbols": [], "hashtags": []}, "in_reply_to_status_id": 923181896858824705, "favorited": false, "truncated": false, "in_reply_to_user_id": 905095603297943554}, "statuses_count": 31, "profile_sidebar_fill_color": "DDEEF6", "profile_image_url": "http://pbs.twimg.com/profile_images/1479734318/IMG04_normal.JPG", "profile_text_color": "333333", "is_translator": false, "favourites_count": 20}
2017-11-11T07:00:04.685408	{"following": false, "lang": "en", "profile_sidebar_fill_color": "DDEEF6", "utc_offset": -28800, "favourites_count": 20, "screen_name": "wales4me", "geo_enabled": false, "default_profile": true, "profile_background_image_url_https": "https://abs.twimg.com/images/themes/theme1/bg.png", "profile_use_background_image": true, "translator_type": "none", "verified": false, "statuses_count": 31, "friends_count": 37, "is_translation_enabled": false, "profile_text_color": "333333", "profile_background_tile": false, "status": {"text": "@frostycamel @Team_Trump45 @realDonaldTrump Details.", "lang": "en", "in_reply_to_status_id": 923181896858824705, "is_quote_status": false, "retweeted": false, "in_reply_to_user_id_str": "905095603297943554", "source": "<a href=\"http://twitter.com/download/android\" rel=\"nofollow\">Twitter for Android</a>", "in_reply_to_status_id_str": "923181896858824705", "retweet_count": 0, "created_at": "Fri Oct 27 01:36:26 +0000 2017", "coordinates": null, "entities": {"urls": [], "user_mentions": [{"screen_name": "frostycamel", "name": "Andy", "id": 905095603297943554, "indices": [0, 12], "id_str": "905095603297943554"}, {"screen_name": "Team_Trump45", "name": "Trumpism\u2122", "id": 3580248555, "indices": [13, 26], "id_str": "3580248555"}, {"screen_name": "realDonaldTrump", "name": "Donald J. Trump", "id": 25073877, "indices": [27, 43], "id_str": "25073877"}], "hashtags": [], "symbols": []}, "truncated": false, "in_reply_to_screen_name": "frostycamel", "in_reply_to_user_id": 905095603297943554, "place": null, "favorited": false, "id": 923725041036136448, "id_str": "923725041036136448", "contributors": null, "favorite_count": 0, "geo": null}, "entities": {"description": {"urls": []}, "url": {"urls": [{"indices": [0, 22], "url": "http://t.co/MBuagCc1vd", "display_url": "twitter.com/wales4me", "expanded_url": "https://twitter.com/wales4me"}]}}, "created_at": "Wed Mar 11 16:07:12 +0000 2009", "profile_background_image_url": "http://abs.twimg.com/images/themes/theme1/bg.png", "follow_request_sent": false, "notifications": false, "name": "Don", "protected": false, "default_profile_image": false, "is_translator": false, "location": "Concord, California", "has_extended_profile": false, "listed_count": 0, "id": 23783299, "followers_count": 1, "id_str": "23783299", "profile_image_url": "http://pbs.twimg.com/profile_images/1479734318/IMG04_normal.JPG", "contributors_enabled": false, "profile_link_color": "1DA1F2", "time_zone": "Pacific Time (US & Canada)", "profile_image_url_https": "https://pbs.twimg.com/profile_images/1479734318/IMG04_normal.JPG", "profile_sidebar_border_color": "C0DEED", "description": "Enjoying retirement", "profile_background_color": "C0DEED", "url": "http://t.co/MBuagCc1vd"}
2017-11-11T08:00:04.668812	{"followers_count": 1, "default_profile_image": false, "friends_count": 37, "description": "Enjoying retirement", "id": 23783299, "id_str": "23783299", "entities": {"description": {"urls": []}, "url": {"urls": [{"display_url": "twitter.com/wales4me", "indices": [0, 22], "url": "http://t.co/MBuagCc1vd", "expanded_url": "https://twitter.com/wales4me"}]}}, "favourites_count": 20, "time_zone": "Pacific Time (US & Canada)", "geo_enabled": false, "is_translation_enabled": false, "default_profile": true, "created_at": "Wed Mar 11 16:07:12 +0000 2009", "profile_image_url_https": "https://pbs.twimg.com/profile_images/1479734318/IMG04_normal.JPG", "profile_background_color": "C0DEED", "profile_sidebar_fill_color": "DDEEF6", "profile_image_url": "http://pbs.twimg.com/profile_images/1479734318/IMG04_normal.JPG", "notifications": false, "translator_type": "none", "statuses_count": 31, "following": false, "lang": "en", "status": {"in_reply_to_status_id_str": "923181896858824705", "in_reply_to_status_id": 923181896858824705, "id": 923725041036136448, "id_str": "923725041036136448", "entities": {"symbols": [], "urls": [], "hashtags": [], "user_mentions": [{"id_str": "905095603297943554", "indices": [0, 12], "screen_name": "frostycamel", "id": 905095603297943554, "name": "Andy"}, {"id_str": "3580248555", "indices": [13, 26], "screen_name": "Team_Trump45", "id": 3580248555, "name": "Trumpism\u2122"}, {"id_str": "25073877", "indices": [27, 43], "screen_name": "realDonaldTrump", "id": 25073877, "name": "Donald J. Trump"}]}, "place": null, "created_at": "Fri Oct 27 01:36:26 +0000 2017", "contributors": null, "retweet_count": 0, "favorite_count": 0, "in_reply_to_screen_name": "frostycamel", "lang": "en", "retweeted": false, "is_quote_status": false, "in_reply_to_user_id_str": "905095603297943554", "truncated": false, "coordinates": null, "in_reply_to_user_id": 905095603297943554, "geo": null, "source": "<a href=\"http://twitter.com/download/android\" rel=\"nofollow\">Twitter for Android</a>", "favorited": false, "text": "@frostycamel @Team_Trump45 @realDonaldTrump Details."}, "url": "http://t.co/MBuagCc1vd", "is_translator": false, "profile_background_image_url_https": "https://abs.twimg.com/images/themes/theme1/bg.png", "profile_background_image_url": "http://abs.twimg.com/images/themes/theme1/bg.png", "has_extended_profile": false, "profile_background_tile": false, "listed_count": 0, "name": "Don", "contributors_enabled": false, "profile_text_color": "333333", "protected": false, "profile_use_background_image": true, "profile_link_color": "1DA1F2", "profile_sidebar_border_color": "C0DEED", "follow_request_sent": false, "verified": false, "utc_offset": -28800, "screen_name": "wales4me", "location": "Concord, California"}
2017-11-11T09:00:04.648752	{"profile_background_image_url_https": "https://abs.twimg.com/images/themes/theme1/bg.png", "default_profile_image": false, "is_translation_enabled": false, "profile_background_color": "C0DEED", "id_str": "23783299", "id": 23783299, "is_translator": false, "screen_name": "wales4me", "profile_background_tile": false, "profile_sidebar_border_color": "C0DEED", "profile_image_url_https": "https://pbs.twimg.com/profile_images/1479734318/IMG04_normal.JPG", "entities": {"url": {"urls": [{"display_url": "twitter.com/wales4me", "url": "http://t.co/MBuagCc1vd", "indices": [0, 22], "expanded_url": "https://twitter.com/wales4me"}]}, "description": {"urls": []}}, "profile_link_color": "1DA1F2", "profile_text_color": "333333", "name": "Don", "verified": false, "location": "Concord, California", "contributors_enabled": false, "followers_count": 1, "default_profile": true, "description": "Enjoying retirement", "statuses_count": 31, "lang": "en", "profile_background_image_url": "http://abs.twimg.com/images/themes/theme1/bg.png", "status": {"in_reply_to_status_id_str": "923181896858824705", "lang": "en", "retweeted": false, "id_str": "923725041036136448", "id": 923725041036136448, "in_reply_to_user_id_str": "905095603297943554", "entities": {"hashtags": [], "user_mentions": [{"id": 905095603297943554, "screen_name": "frostycamel", "indices": [0, 12], "name": "Andy", "id_str": "905095603297943554"}, {"id": 3580248555, "screen_name": "Team_Trump45", "indices": [13, 26], "name": "Trumpism\u2122", "id_str": "3580248555"}, {"id": 25073877, "screen_name": "realDonaldTrump", "indices": [27, 43], "name": "Donald J. Trump", "id_str": "25073877"}], "symbols": [], "urls": []}, "in_reply_to_status_id": 923181896858824705, "source": "<a href=\"http://twitter.com/download/android\" rel=\"nofollow\">Twitter for Android</a>", "favorite_count": 0, "place": null, "text": "@frostycamel @Team_Trump45 @realDonaldTrump Details.", "contributors": null, "favorited": false, "truncated": false, "created_at": "Fri Oct 27 01:36:26 +0000 2017", "geo": null, "is_quote_status": false, "in_reply_to_user_id": 905095603297943554, "in_reply_to_screen_name": "frostycamel", "retweet_count": 0, "coordinates": null}, "following": false, "listed_count": 0, "friends_count": 37, "profile_image_url": "http://pbs.twimg.com/profile_images/1479734318/IMG04_normal.JPG", "profile_use_background_image": true, "notifications": false, "favourites_count": 20, "protected": false, "created_at": "Wed Mar 11 16:07:12 +0000 2009", "follow_request_sent": false, "translator_type": "none", "utc_offset": -28800, "has_extended_profile": false, "url": "http://t.co/MBuagCc1vd", "time_zone": "Pacific Time (US & Canada)", "profile_sidebar_fill_color": "DDEEF6", "geo_enabled": false}
2017-11-11T10:00:05.149533	{"protected": false, "default_profile": true, "statuses_count": 31, "translator_type": "none", "notifications": false, "profile_background_image_url_https": "https://abs.twimg.com/images/themes/theme1/bg.png", "screen_name": "wales4me", "profile_link_color": "1DA1F2", "created_at": "Wed Mar 11 16:07:12 +0000 2009", "is_translator": false, "profile_background_color": "C0DEED", "following": false, "default_profile_image": false, "profile_background_tile": false, "followers_count": 1, "profile_image_url": "http://pbs.twimg.com/profile_images/1479734318/IMG04_normal.JPG", "utc_offset": -28800, "time_zone": "Pacific Time (US & Canada)", "is_translation_enabled": false, "id": 23783299, "follow_request_sent": false, "url": "http://t.co/MBuagCc1vd", "description": "Enjoying retirement", "profile_sidebar_fill_color": "DDEEF6", "contributors_enabled": false, "friends_count": 37, "name": "Don", "location": "Concord, California", "verified": false, "lang": "en", "profile_text_color": "333333", "profile_use_background_image": true, "id_str": "23783299", "profile_image_url_https": "https://pbs.twimg.com/profile_images/1479734318/IMG04_normal.JPG", "has_extended_profile": false, "status": {"in_reply_to_status_id": 923181896858824705, "coordinates": null, "text": "@frostycamel @Team_Trump45 @realDonaldTrump Details.", "created_at": "Fri Oct 27 01:36:26 +0000 2017", "favorite_count": 0, "contributors": null, "entities": {"user_mentions": [{"screen_name": "frostycamel", "id": 905095603297943554, "id_str": "905095603297943554", "indices": [0, 12], "name": "Andy"}, {"screen_name": "Team_Trump45", "id": 3580248555, "id_str": "3580248555", "indices": [13, 26], "name": "Trumpism\u2122"}, {"screen_name": "realDonaldTrump", "id": 25073877, "id_str": "25073877", "indices": [27, 43], "name": "Donald J. Trump"}], "hashtags": [], "symbols": [], "urls": []}, "retweeted": false, "in_reply_to_screen_name": "frostycamel", "source": "<a href=\"http://twitter.com/download/android\" rel=\"nofollow\">Twitter for Android</a>", "in_reply_to_user_id_str": "905095603297943554", "geo": null, "lang": "en", "in_reply_to_user_id": 905095603297943554, "in_reply_to_status_id_str": "923181896858824705", "is_quote_status": false, "favorited": false, "place": null, "truncated": false, "id_str": "923725041036136448", "retweet_count": 0, "id": 923725041036136448}, "entities": {"url": {"urls": [{"expanded_url": "https://twitter.com/wales4me", "indices": [0, 22], "url": "http://t.co/MBuagCc1vd", "display_url": "twitter.com/wales4me"}]}, "description": {"urls": []}}, "favourites_count": 20, "profile_sidebar_border_color": "C0DEED", "geo_enabled": false, "listed_count": 0, "profile_background_image_url": "http://abs.twimg.com/images/themes/theme1/bg.png"}
2017-11-11T11:00:04.841841	{"profile_background_color": "C0DEED", "statuses_count": 31, "listed_count": 0, "id": 23783299, "created_at": "Wed Mar 11 16:07:12 +0000 2009", "protected": false, "notifications": false, "verified": false, "profile_use_background_image": true, "profile_background_image_url": "http://abs.twimg.com/images/themes/theme1/bg.png", "profile_image_url": "http://pbs.twimg.com/profile_images/1479734318/IMG04_normal.JPG", "geo_enabled": false, "profile_sidebar_fill_color": "DDEEF6", "entities": {"description": {"urls": []}, "url": {"urls": [{"indices": [0, 22], "url": "http://t.co/MBuagCc1vd", "expanded_url": "https://twitter.com/wales4me", "display_url": "twitter.com/wales4me"}]}}, "profile_link_color": "1DA1F2", "url": "http://t.co/MBuagCc1vd", "status": {"text": "@frostycamel @Team_Trump45 @realDonaldTrump Details.", "truncated": false, "geo": null, "id": 923725041036136448, "created_at": "Fri Oct 27 01:36:26 +0000 2017", "is_quote_status": false, "in_reply_to_user_id_str": "905095603297943554", "retweet_count": 0, "place": null, "contributors": null, "in_reply_to_status_id_str": "923181896858824705", "id_str": "923725041036136448", "in_reply_to_user_id": 905095603297943554, "entities": {"hashtags": [], "symbols": [], "user_mentions": [{"id": 905095603297943554, "screen_name": "frostycamel", "id_str": "905095603297943554", "indices": [0, 12], "name": "Andy"}, {"id": 3580248555, "screen_name": "Team_Trump45", "id_str": "3580248555", "indices": [13, 26], "name": "Trumpism\u2122"}, {"id": 25073877, "screen_name": "realDonaldTrump", "id_str": "25073877", "indices": [27, 43], "name": "Donald J. Trump"}], "urls": []}, "retweeted": false, "in_reply_to_status_id": 923181896858824705, "lang": "en", "source": "<a href=\"http://twitter.com/download/android\" rel=\"nofollow\">Twitter for Android</a>", "favorite_count": 0, "coordinates": null, "in_reply_to_screen_name": "frostycamel", "favorited": false}, "is_translation_enabled": false, "id_str": "23783299", "default_profile": true, "friends_count": 37, "contributors_enabled": false, "name": "Don", "time_zone": "Pacific Time (US & Canada)", "location": "Concord, California", "translator_type": "none", "lang": "en", "profile_background_image_url_https": "https://abs.twimg.com/images/themes/theme1/bg.png", "utc_offset": -28800, "default_profile_image": false, "following": false, "screen_name": "wales4me", "description": "Enjoying retirement", "profile_sidebar_border_color": "C0DEED", "profile_background_tile": false, "follow_request_sent": false, "followers_count": 1, "has_extended_profile": false, "is_translator": false, "profile_image_url_https": "https://pbs.twimg.com/profile_images/1479734318/IMG04_normal.JPG", "profile_text_color": "333333", "favourites_count": 20}
2017-11-11T12:00:04.195950	{"friends_count": 37, "profile_sidebar_border_color": "C0DEED", "follow_request_sent": false, "profile_background_image_url": "http://abs.twimg.com/images/themes/theme1/bg.png", "profile_image_url_https": "https://pbs.twimg.com/profile_images/1479734318/IMG04_normal.JPG", "listed_count": 0, "profile_use_background_image": true, "has_extended_profile": false, "profile_background_tile": false, "id": 23783299, "profile_link_color": "1DA1F2", "created_at": "Wed Mar 11 16:07:12 +0000 2009", "profile_background_image_url_https": "https://abs.twimg.com/images/themes/theme1/bg.png", "geo_enabled": false, "favourites_count": 20, "profile_background_color": "C0DEED", "profile_sidebar_fill_color": "DDEEF6", "entities": {"url": {"urls": [{"url": "http://t.co/MBuagCc1vd", "display_url": "twitter.com/wales4me", "indices": [0, 22], "expanded_url": "https://twitter.com/wales4me"}]}, "description": {"urls": []}}, "url": "http://t.co/MBuagCc1vd", "is_translation_enabled": false, "lang": "en", "statuses_count": 31, "verified": false, "id_str": "23783299", "profile_image_url": "http://pbs.twimg.com/profile_images/1479734318/IMG04_normal.JPG", "location": "Concord, California", "description": "Enjoying retirement", "protected": false, "profile_text_color": "333333", "default_profile_image": false, "time_zone": "Pacific Time (US & Canada)", "is_translator": false, "contributors_enabled": false, "name": "Don", "status": {"is_quote_status": false, "retweeted": false, "truncated": false, "id": 923725041036136448, "created_at": "Fri Oct 27 01:36:26 +0000 2017", "in_reply_to_user_id": 905095603297943554, "entities": {"symbols": [], "urls": [], "user_mentions": [{"screen_name": "frostycamel", "id": 905095603297943554, "id_str": "905095603297943554", "indices": [0, 12], "name": "Andy"}, {"screen_name": "Team_Trump45", "id": 3580248555, "id_str": "3580248555", "indices": [13, 26], "name": "Trumpism\u2122"}, {"screen_name": "realDonaldTrump", "id": 25073877, "id_str": "25073877", "indices": [27, 43], "name": "Donald J. Trump"}], "hashtags": []}, "place": null, "in_reply_to_screen_name": "frostycamel", "lang": "en", "geo": null, "id_str": "923725041036136448", "contributors": null, "text": "@frostycamel @Team_Trump45 @realDonaldTrump Details.", "in_reply_to_status_id": 923181896858824705, "source": "<a href=\"http://twitter.com/download/android\" rel=\"nofollow\">Twitter for Android</a>", "favorite_count": 0, "retweet_count": 0, "coordinates": null, "in_reply_to_user_id_str": "905095603297943554", "in_reply_to_status_id_str": "923181896858824705", "favorited": false}, "notifications": false, "followers_count": 1, "screen_name": "wales4me", "default_profile": true, "utc_offset": -28800, "translator_type": "none", "following": false}
2017-11-11T13:00:05.838797	{"profile_background_image_url_https": "https://abs.twimg.com/images/themes/theme1/bg.png", "has_extended_profile": false, "utc_offset": -28800, "profile_background_color": "C0DEED", "translator_type": "none", "profile_background_image_url": "http://abs.twimg.com/images/themes/theme1/bg.png", "notifications": false, "profile_image_url_https": "https://pbs.twimg.com/profile_images/1479734318/IMG04_normal.JPG", "url": "http://t.co/MBuagCc1vd", "protected": false, "is_translation_enabled": false, "lang": "en", "entities": {"description": {"urls": []}, "url": {"urls": [{"indices": [0, 22], "url": "http://t.co/MBuagCc1vd", "display_url": "twitter.com/wales4me", "expanded_url": "https://twitter.com/wales4me"}]}}, "location": "Concord, California", "favourites_count": 20, "statuses_count": 31, "profile_background_tile": false, "is_translator": false, "time_zone": "Pacific Time (US & Canada)", "default_profile": true, "contributors_enabled": false, "followers_count": 1, "verified": false, "profile_sidebar_border_color": "C0DEED", "profile_text_color": "333333", "status": {"text": "@frostycamel @Team_Trump45 @realDonaldTrump Details.", "coordinates": null, "in_reply_to_screen_name": "frostycamel", "retweet_count": 0, "id": 923725041036136448, "entities": {"user_mentions": [{"indices": [0, 12], "id": 905095603297943554, "name": "Andy", "screen_name": "frostycamel", "id_str": "905095603297943554"}, {"indices": [13, 26], "id": 3580248555, "name": "Trumpism\u2122", "screen_name": "Team_Trump45", "id_str": "3580248555"}, {"indices": [27, 43], "id": 25073877, "name": "Donald J. Trump", "screen_name": "realDonaldTrump", "id_str": "25073877"}], "hashtags": [], "symbols": [], "urls": []}, "favorite_count": 0, "in_reply_to_user_id_str": "905095603297943554", "geo": null, "is_quote_status": false, "source": "<a href=\"http://twitter.com/download/android\" rel=\"nofollow\">Twitter for Android</a>", "favorited": false, "lang": "en", "id_str": "923725041036136448", "in_reply_to_status_id_str": "923181896858824705", "truncated": false, "created_at": "Fri Oct 27 01:36:26 +0000 2017", "retweeted": false, "place": null, "contributors": null, "in_reply_to_status_id": 923181896858824705, "in_reply_to_user_id": 905095603297943554}, "following": false, "friends_count": 37, "description": "Enjoying retirement", "follow_request_sent": false, "profile_use_background_image": true, "profile_sidebar_fill_color": "DDEEF6", "listed_count": 0, "id": 23783299, "geo_enabled": false, "id_str": "23783299", "created_at": "Wed Mar 11 16:07:12 +0000 2009", "screen_name": "wales4me", "profile_image_url": "http://pbs.twimg.com/profile_images/1479734318/IMG04_normal.JPG", "profile_link_color": "1DA1F2", "name": "Don", "default_profile_image": false}
2017-11-11T14:00:05.016408	{"has_extended_profile": false, "listed_count": 0, "translator_type": "none", "notifications": false, "profile_image_url": "http://pbs.twimg.com/profile_images/1479734318/IMG04_normal.JPG", "profile_background_color": "C0DEED", "follow_request_sent": false, "time_zone": "Pacific Time (US & Canada)", "screen_name": "wales4me", "utc_offset": -28800, "created_at": "Wed Mar 11 16:07:12 +0000 2009", "profile_sidebar_fill_color": "DDEEF6", "profile_sidebar_border_color": "C0DEED", "followers_count": 1, "following": false, "profile_link_color": "1DA1F2", "default_profile_image": false, "lang": "en", "profile_text_color": "333333", "profile_image_url_https": "https://pbs.twimg.com/profile_images/1479734318/IMG04_normal.JPG", "profile_background_image_url": "http://abs.twimg.com/images/themes/theme1/bg.png", "default_profile": true, "geo_enabled": false, "url": "http://t.co/MBuagCc1vd", "favourites_count": 20, "location": "Concord, California", "protected": false, "id": 23783299, "status": {"is_quote_status": false, "retweeted": false, "coordinates": null, "entities": {"hashtags": [], "symbols": [], "user_mentions": [{"screen_name": "frostycamel", "id": 905095603297943554, "id_str": "905095603297943554", "name": "Andy", "indices": [0, 12]}, {"screen_name": "Team_Trump45", "id": 3580248555, "id_str": "3580248555", "name": "Trumpism\u2122", "indices": [13, 26]}, {"screen_name": "realDonaldTrump", "id": 25073877, "id_str": "25073877", "name": "Donald J. Trump", "indices": [27, 43]}], "urls": []}, "favorited": false, "place": null, "truncated": false, "lang": "en", "source": "<a href=\"http://twitter.com/download/android\" rel=\"nofollow\">Twitter for Android</a>", "retweet_count": 0, "created_at": "Fri Oct 27 01:36:26 +0000 2017", "in_reply_to_user_id_str": "905095603297943554", "id": 923725041036136448, "geo": null, "text": "@frostycamel @Team_Trump45 @realDonaldTrump Details.", "id_str": "923725041036136448", "in_reply_to_user_id": 905095603297943554, "in_reply_to_status_id_str": "923181896858824705", "contributors": null, "favorite_count": 0, "in_reply_to_status_id": 923181896858824705, "in_reply_to_screen_name": "frostycamel"}, "name": "Don", "is_translator": false, "contributors_enabled": false, "id_str": "23783299", "is_translation_enabled": false, "statuses_count": 31, "friends_count": 37, "description": "Enjoying retirement", "profile_background_tile": false, "profile_background_image_url_https": "https://abs.twimg.com/images/themes/theme1/bg.png", "entities": {"description": {"urls": []}, "url": {"urls": [{"indices": [0, 22], "expanded_url": "https://twitter.com/wales4me", "url": "http://t.co/MBuagCc1vd", "display_url": "twitter.com/wales4me"}]}}, "profile_use_background_image": true, "verified": false}
2017-11-11T15:00:05.191399	{"follow_request_sent": false, "following": false, "has_extended_profile": false, "statuses_count": 31, "default_profile": true, "description": "Enjoying retirement", "id_str": "23783299", "lang": "en", "status": {"geo": null, "in_reply_to_status_id": 923181896858824705, "is_quote_status": false, "id_str": "923725041036136448", "retweet_count": 0, "lang": "en", "favorite_count": 0, "favorited": false, "created_at": "Fri Oct 27 01:36:26 +0000 2017", "in_reply_to_screen_name": "frostycamel", "text": "@frostycamel @Team_Trump45 @realDonaldTrump Details.", "truncated": false, "id": 923725041036136448, "in_reply_to_user_id": 905095603297943554, "in_reply_to_status_id_str": "923181896858824705", "entities": {"user_mentions": [{"id": 905095603297943554, "id_str": "905095603297943554", "indices": [0, 12], "name": "Andy", "screen_name": "frostycamel"}, {"id": 3580248555, "id_str": "3580248555", "indices": [13, 26], "name": "Trumpism\u2122", "screen_name": "Team_Trump45"}, {"id": 25073877, "id_str": "25073877", "indices": [27, 43], "name": "Donald J. Trump", "screen_name": "realDonaldTrump"}], "hashtags": [], "urls": [], "symbols": []}, "retweeted": false, "coordinates": null, "contributors": null, "source": "<a href=\"http://twitter.com/download/android\" rel=\"nofollow\">Twitter for Android</a>", "place": null, "in_reply_to_user_id_str": "905095603297943554"}, "profile_image_url": "http://pbs.twimg.com/profile_images/1479734318/IMG04_normal.JPG", "friends_count": 37, "profile_text_color": "333333", "profile_sidebar_border_color": "C0DEED", "created_at": "Wed Mar 11 16:07:12 +0000 2009", "screen_name": "wales4me", "profile_background_tile": false, "profile_sidebar_fill_color": "DDEEF6", "time_zone": "Pacific Time (US & Canada)", "location": "Concord, California", "default_profile_image": false, "profile_use_background_image": true, "is_translation_enabled": false, "id": 23783299, "entities": {"url": {"urls": [{"display_url": "twitter.com/wales4me", "url": "http://t.co/MBuagCc1vd", "expanded_url": "https://twitter.com/wales4me", "indices": [0, 22]}]}, "description": {"urls": []}}, "geo_enabled": false, "url": "http://t.co/MBuagCc1vd", "profile_link_color": "1DA1F2", "favourites_count": 20, "translator_type": "none", "contributors_enabled": false, "protected": false, "profile_background_color": "C0DEED", "utc_offset": -28800, "followers_count": 1, "notifications": false, "verified": false, "listed_count": 0, "profile_background_image_url_https": "https://abs.twimg.com/images/themes/theme1/bg.png", "is_translator": false, "profile_image_url_https": "https://pbs.twimg.com/profile_images/1479734318/IMG04_normal.JPG", "name": "Don", "profile_background_image_url": "http://abs.twimg.com/images/themes/theme1/bg.png"}
2017-11-11T16:00:04.903113	{"profile_sidebar_fill_color": "DDEEF6", "created_at": "Wed Mar 11 16:07:12 +0000 2009", "time_zone": "Pacific Time (US & Canada)", "location": "Concord, California", "profile_background_color": "C0DEED", "screen_name": "wales4me", "translator_type": "none", "geo_enabled": false, "is_translator": false, "default_profile": true, "profile_image_url_https": "https://pbs.twimg.com/profile_images/1479734318/IMG04_normal.JPG", "followers_count": 1, "profile_background_tile": false, "id": 23783299, "following": false, "profile_link_color": "1DA1F2", "entities": {"description": {"urls": []}, "url": {"urls": [{"indices": [0, 22], "display_url": "twitter.com/wales4me", "url": "http://t.co/MBuagCc1vd", "expanded_url": "https://twitter.com/wales4me"}]}}, "description": "Enjoying retirement", "default_profile_image": false, "listed_count": 0, "verified": false, "utc_offset": -28800, "statuses_count": 31, "friends_count": 37, "is_translation_enabled": false, "protected": false, "profile_text_color": "333333", "contributors_enabled": false, "url": "http://t.co/MBuagCc1vd", "favourites_count": 20, "profile_use_background_image": true, "status": {"created_at": "Fri Oct 27 01:36:26 +0000 2017", "favorited": false, "in_reply_to_user_id_str": "905095603297943554", "in_reply_to_user_id": 905095603297943554, "truncated": false, "contributors": null, "id": 923725041036136448, "coordinates": null, "entities": {"user_mentions": [{"indices": [0, 12], "id_str": "905095603297943554", "name": "Andy", "id": 905095603297943554, "screen_name": "frostycamel"}, {"indices": [13, 26], "id_str": "3580248555", "name": "Trumpism\u2122", "id": 3580248555, "screen_name": "Team_Trump45"}, {"indices": [27, 43], "id_str": "25073877", "name": "Donald J. Trump", "id": 25073877, "screen_name": "realDonaldTrump"}], "urls": [], "symbols": [], "hashtags": []}, "in_reply_to_status_id_str": "923181896858824705", "in_reply_to_screen_name": "frostycamel", "in_reply_to_status_id": 923181896858824705, "source": "<a href=\"http://twitter.com/download/android\" rel=\"nofollow\">Twitter for Android</a>", "text": "@frostycamel @Team_Trump45 @realDonaldTrump Details.", "geo": null, "is_quote_status": false, "retweeted": false, "lang": "en", "retweet_count": 0, "place": null, "favorite_count": 0, "id_str": "923725041036136448"}, "lang": "en", "profile_background_image_url": "http://abs.twimg.com/images/themes/theme1/bg.png", "has_extended_profile": false, "notifications": false, "profile_sidebar_border_color": "C0DEED", "profile_image_url": "http://pbs.twimg.com/profile_images/1479734318/IMG04_normal.JPG", "profile_background_image_url_https": "https://abs.twimg.com/images/themes/theme1/bg.png", "name": "Don", "follow_request_sent": false, "id_str": "23783299"}
2017-11-11T17:00:04.567777	{"name": "Don", "protected": false, "verified": false, "description": "Enjoying retirement", "location": "Concord, California", "statuses_count": 31, "id": 23783299, "profile_background_image_url": "http://abs.twimg.com/images/themes/theme1/bg.png", "profile_background_color": "C0DEED", "is_translation_enabled": false, "screen_name": "wales4me", "translator_type": "none", "profile_background_tile": false, "geo_enabled": false, "profile_link_color": "1DA1F2", "profile_text_color": "333333", "profile_image_url_https": "https://pbs.twimg.com/profile_images/1479734318/IMG04_normal.JPG", "has_extended_profile": false, "following": false, "listed_count": 0, "profile_image_url": "http://pbs.twimg.com/profile_images/1479734318/IMG04_normal.JPG", "utc_offset": -28800, "is_translator": false, "entities": {"url": {"urls": [{"indices": [0, 22], "expanded_url": "https://twitter.com/wales4me", "display_url": "twitter.com/wales4me", "url": "http://t.co/MBuagCc1vd"}]}, "description": {"urls": []}}, "url": "http://t.co/MBuagCc1vd", "notifications": false, "favourites_count": 20, "time_zone": "Pacific Time (US & Canada)", "profile_sidebar_fill_color": "DDEEF6", "friends_count": 37, "followers_count": 1, "profile_background_image_url_https": "https://abs.twimg.com/images/themes/theme1/bg.png", "lang": "en", "status": {"contributors": null, "in_reply_to_screen_name": "frostycamel", "in_reply_to_user_id_str": "905095603297943554", "created_at": "Fri Oct 27 01:36:26 +0000 2017", "id": 923725041036136448, "source": "<a href=\"http://twitter.com/download/android\" rel=\"nofollow\">Twitter for Android</a>", "text": "@frostycamel @Team_Trump45 @realDonaldTrump Details.", "in_reply_to_status_id": 923181896858824705, "in_reply_to_status_id_str": "923181896858824705", "favorite_count": 0, "truncated": false, "entities": {"urls": [], "symbols": [], "user_mentions": [{"id_str": "905095603297943554", "id": 905095603297943554, "screen_name": "frostycamel", "name": "Andy", "indices": [0, 12]}, {"id_str": "3580248555", "id": 3580248555, "screen_name": "Team_Trump45", "name": "Trumpism\u2122", "indices": [13, 26]}, {"id_str": "25073877", "id": 25073877, "screen_name": "realDonaldTrump", "name": "Donald J. Trump", "indices": [27, 43]}], "hashtags": []}, "coordinates": null, "place": null, "lang": "en", "in_reply_to_user_id": 905095603297943554, "retweeted": false, "geo": null, "id_str": "923725041036136448", "is_quote_status": false, "retweet_count": 0, "favorited": false}, "contributors_enabled": false, "default_profile": true, "profile_use_background_image": true, "created_at": "Wed Mar 11 16:07:12 +0000 2009", "id_str": "23783299", "default_profile_image": false, "follow_request_sent": false, "profile_sidebar_border_color": "C0DEED"}
2017-11-11T18:00:05.400704	{"profile_background_image_url_https": "https://abs.twimg.com/images/themes/theme1/bg.png", "status": {"truncated": false, "favorite_count": 0, "lang": "en", "contributors": null, "in_reply_to_status_id_str": "923181896858824705", "retweeted": false, "place": null, "created_at": "Fri Oct 27 01:36:26 +0000 2017", "retweet_count": 0, "source": "<a href=\"http://twitter.com/download/android\" rel=\"nofollow\">Twitter for Android</a>", "is_quote_status": false, "entities": {"symbols": [], "hashtags": [], "user_mentions": [{"indices": [0, 12], "screen_name": "frostycamel", "id_str": "905095603297943554", "id": 905095603297943554, "name": "Andy"}, {"indices": [13, 26], "screen_name": "Team_Trump45", "id_str": "3580248555", "id": 3580248555, "name": "Trumpism\u2122"}, {"indices": [27, 43], "screen_name": "realDonaldTrump", "id_str": "25073877", "id": 25073877, "name": "Donald J. Trump"}], "urls": []}, "id_str": "923725041036136448", "id": 923725041036136448, "coordinates": null, "text": "@frostycamel @Team_Trump45 @realDonaldTrump Details.", "in_reply_to_screen_name": "frostycamel", "in_reply_to_status_id": 923181896858824705, "in_reply_to_user_id_str": "905095603297943554", "geo": null, "favorited": false, "in_reply_to_user_id": 905095603297943554}, "utc_offset": -28800, "name": "Don", "id": 23783299, "contributors_enabled": false, "lang": "en", "profile_use_background_image": true, "favourites_count": 20, "profile_image_url": "http://pbs.twimg.com/profile_images/1479734318/IMG04_normal.JPG", "is_translator": false, "url": "http://t.co/MBuagCc1vd", "default_profile_image": false, "created_at": "Wed Mar 11 16:07:12 +0000 2009", "statuses_count": 31, "has_extended_profile": false, "listed_count": 0, "description": "Enjoying retirement", "follow_request_sent": false, "friends_count": 37, "following": false, "translator_type": "none", "time_zone": "Pacific Time (US & Canada)", "entities": {"description": {"urls": []}, "url": {"urls": [{"display_url": "twitter.com/wales4me", "indices": [0, 22], "expanded_url": "https://twitter.com/wales4me", "url": "http://t.co/MBuagCc1vd"}]}}, "location": "Concord, California", "verified": false, "geo_enabled": false, "screen_name": "wales4me", "followers_count": 1, "profile_background_image_url": "http://abs.twimg.com/images/themes/theme1/bg.png", "is_translation_enabled": false, "profile_sidebar_fill_color": "DDEEF6", "default_profile": true, "profile_link_color": "1DA1F2", "profile_sidebar_border_color": "C0DEED", "profile_text_color": "333333", "profile_background_tile": false, "protected": false, "profile_background_color": "C0DEED", "notifications": false, "id_str": "23783299", "profile_image_url_https": "https://pbs.twimg.com/profile_images/1479734318/IMG04_normal.JPG"}
2017-11-11T19:00:05.086504	{"is_translation_enabled": false, "statuses_count": 31, "followers_count": 1, "notifications": false, "profile_background_image_url_https": "https://abs.twimg.com/images/themes/theme1/bg.png", "profile_background_color": "C0DEED", "is_translator": false, "lang": "en", "url": "http://t.co/MBuagCc1vd", "profile_image_url_https": "https://pbs.twimg.com/profile_images/1479734318/IMG04_normal.JPG", "listed_count": 0, "name": "Don", "profile_sidebar_fill_color": "DDEEF6", "translator_type": "none", "time_zone": "Pacific Time (US & Canada)", "profile_background_image_url": "http://abs.twimg.com/images/themes/theme1/bg.png", "profile_background_tile": false, "id_str": "23783299", "entities": {"description": {"urls": []}, "url": {"urls": [{"indices": [0, 22], "expanded_url": "https://twitter.com/wales4me", "display_url": "twitter.com/wales4me", "url": "http://t.co/MBuagCc1vd"}]}}, "verified": false, "contributors_enabled": false, "has_extended_profile": false, "id": 23783299, "screen_name": "wales4me", "protected": false, "status": {"in_reply_to_user_id": 905095603297943554, "retweet_count": 0, "lang": "en", "favorited": false, "contributors": null, "text": "@frostycamel @Team_Trump45 @realDonaldTrump Details.", "truncated": false, "in_reply_to_screen_name": "frostycamel", "id_str": "923725041036136448", "in_reply_to_status_id_str": "923181896858824705", "entities": {"hashtags": [], "user_mentions": [{"screen_name": "frostycamel", "indices": [0, 12], "id_str": "905095603297943554", "name": "Andy", "id": 905095603297943554}, {"screen_name": "Team_Trump45", "indices": [13, 26], "id_str": "3580248555", "name": "Trumpism\u2122", "id": 3580248555}, {"screen_name": "realDonaldTrump", "indices": [27, 43], "id_str": "25073877", "name": "Donald J. Trump", "id": 25073877}], "urls": [], "symbols": []}, "geo": null, "in_reply_to_status_id": 923181896858824705, "id": 923725041036136448, "place": null, "coordinates": null, "source": "<a href=\"http://twitter.com/download/android\" rel=\"nofollow\">Twitter for Android</a>", "created_at": "Fri Oct 27 01:36:26 +0000 2017", "favorite_count": 0, "retweeted": false, "is_quote_status": false, "in_reply_to_user_id_str": "905095603297943554"}, "friends_count": 37, "location": "Concord, California", "profile_text_color": "333333", "utc_offset": -28800, "geo_enabled": false, "default_profile_image": false, "follow_request_sent": false, "profile_link_color": "1DA1F2", "following": false, "created_at": "Wed Mar 11 16:07:12 +0000 2009", "default_profile": true, "description": "Enjoying retirement", "profile_sidebar_border_color": "C0DEED", "favourites_count": 20, "profile_image_url": "http://pbs.twimg.com/profile_images/1479734318/IMG04_normal.JPG", "profile_use_background_image": true}
2017-11-11T20:00:05.171961	{"is_translator": false, "profile_sidebar_border_color": "C0DEED", "statuses_count": 31, "is_translation_enabled": false, "protected": false, "screen_name": "wales4me", "status": {"favorited": false, "in_reply_to_status_id": 923181896858824705, "coordinates": null, "truncated": false, "retweeted": false, "source": "<a href=\"http://twitter.com/download/android\" rel=\"nofollow\">Twitter for Android</a>", "entities": {"urls": [], "hashtags": [], "user_mentions": [{"id": 905095603297943554, "screen_name": "frostycamel", "indices": [0, 12], "name": "Andy", "id_str": "905095603297943554"}, {"id": 3580248555, "screen_name": "Team_Trump45", "indices": [13, 26], "name": "Trumpism\u2122", "id_str": "3580248555"}, {"id": 25073877, "screen_name": "realDonaldTrump", "indices": [27, 43], "name": "Donald J. Trump", "id_str": "25073877"}], "symbols": []}, "retweet_count": 0, "is_quote_status": false, "id": 923725041036136448, "place": null, "lang": "en", "contributors": null, "in_reply_to_screen_name": "frostycamel", "geo": null, "created_at": "Fri Oct 27 01:36:26 +0000 2017", "text": "@frostycamel @Team_Trump45 @realDonaldTrump Details.", "favorite_count": 0, "id_str": "923725041036136448", "in_reply_to_user_id_str": "905095603297943554", "in_reply_to_user_id": 905095603297943554, "in_reply_to_status_id_str": "923181896858824705"}, "profile_use_background_image": true, "default_profile": true, "entities": {"description": {"urls": []}, "url": {"urls": [{"display_url": "twitter.com/wales4me", "indices": [0, 22], "url": "http://t.co/MBuagCc1vd", "expanded_url": "https://twitter.com/wales4me"}]}}, "time_zone": "Pacific Time (US & Canada)", "profile_image_url_https": "https://pbs.twimg.com/profile_images/1479734318/IMG04_normal.JPG", "geo_enabled": false, "id": 23783299, "verified": false, "description": "Enjoying retirement", "name": "Don", "default_profile_image": false, "contributors_enabled": false, "utc_offset": -28800, "profile_background_image_url_https": "https://abs.twimg.com/images/themes/theme1/bg.png", "translator_type": "none", "friends_count": 37, "favourites_count": 20, "profile_sidebar_fill_color": "DDEEF6", "created_at": "Wed Mar 11 16:07:12 +0000 2009", "url": "http://t.co/MBuagCc1vd", "followers_count": 1, "has_extended_profile": false, "profile_background_tile": false, "profile_background_image_url": "http://abs.twimg.com/images/themes/theme1/bg.png", "profile_image_url": "http://pbs.twimg.com/profile_images/1479734318/IMG04_normal.JPG", "profile_link_color": "1DA1F2", "follow_request_sent": false, "location": "Concord, California", "notifications": false, "id_str": "23783299", "lang": "en", "following": false, "listed_count": 0, "profile_text_color": "333333", "profile_background_color": "C0DEED"}
2017-11-11T21:00:04.857259	{"profile_image_url_https": "https://pbs.twimg.com/profile_images/1479734318/IMG04_normal.JPG", "default_profile": true, "profile_link_color": "1DA1F2", "id": 23783299, "description": "Enjoying retirement", "following": false, "profile_background_color": "C0DEED", "profile_text_color": "333333", "protected": false, "created_at": "Wed Mar 11 16:07:12 +0000 2009", "is_translator": false, "url": "http://t.co/MBuagCc1vd", "profile_use_background_image": true, "notifications": false, "name": "Don", "geo_enabled": false, "status": {"favorited": false, "source": "<a href=\"http://twitter.com/download/android\" rel=\"nofollow\">Twitter for Android</a>", "in_reply_to_user_id": 905095603297943554, "favorite_count": 0, "id": 923725041036136448, "coordinates": null, "created_at": "Fri Oct 27 01:36:26 +0000 2017", "in_reply_to_status_id": 923181896858824705, "lang": "en", "in_reply_to_status_id_str": "923181896858824705", "truncated": false, "in_reply_to_screen_name": "frostycamel", "geo": null, "retweeted": false, "id_str": "923725041036136448", "retweet_count": 0, "contributors": null, "text": "@frostycamel @Team_Trump45 @realDonaldTrump Details.", "in_reply_to_user_id_str": "905095603297943554", "place": null, "is_quote_status": false, "entities": {"user_mentions": [{"id": 905095603297943554, "name": "Andy", "indices": [0, 12], "screen_name": "frostycamel", "id_str": "905095603297943554"}, {"id": 3580248555, "name": "Trumpism\u2122", "indices": [13, 26], "screen_name": "Team_Trump45", "id_str": "3580248555"}, {"id": 25073877, "name": "Donald J. Trump", "indices": [27, 43], "screen_name": "realDonaldTrump", "id_str": "25073877"}], "symbols": [], "urls": [], "hashtags": []}}, "verified": false, "default_profile_image": false, "friends_count": 37, "translator_type": "none", "screen_name": "wales4me", "profile_background_image_url_https": "https://abs.twimg.com/images/themes/theme1/bg.png", "profile_image_url": "http://pbs.twimg.com/profile_images/1479734318/IMG04_normal.JPG", "has_extended_profile": false, "followers_count": 1, "contributors_enabled": false, "id_str": "23783299", "location": "Concord, California", "lang": "en", "statuses_count": 31, "profile_sidebar_border_color": "C0DEED", "is_translation_enabled": false, "favourites_count": 20, "profile_background_tile": false, "listed_count": 0, "follow_request_sent": false, "entities": {"description": {"urls": []}, "url": {"urls": [{"display_url": "twitter.com/wales4me", "indices": [0, 22], "url": "http://t.co/MBuagCc1vd", "expanded_url": "https://twitter.com/wales4me"}]}}, "profile_sidebar_fill_color": "DDEEF6", "profile_background_image_url": "http://abs.twimg.com/images/themes/theme1/bg.png", "utc_offset": -28800, "time_zone": "Pacific Time (US & Canada)"}
2017-11-11T22:00:04.975113	{"profile_use_background_image": true, "friends_count": 37, "favourites_count": 20, "lang": "en", "profile_sidebar_fill_color": "DDEEF6", "translator_type": "none", "profile_image_url": "http://pbs.twimg.com/profile_images/1479734318/IMG04_normal.JPG", "profile_background_tile": false, "follow_request_sent": false, "profile_sidebar_border_color": "C0DEED", "statuses_count": 31, "default_profile": true, "url": "http://t.co/MBuagCc1vd", "profile_link_color": "1DA1F2", "default_profile_image": false, "is_translation_enabled": false, "geo_enabled": false, "contributors_enabled": false, "verified": false, "id_str": "23783299", "followers_count": 1, "protected": false, "name": "Don", "is_translator": false, "description": "Enjoying retirement", "has_extended_profile": false, "profile_background_image_url_https": "https://abs.twimg.com/images/themes/theme1/bg.png", "profile_image_url_https": "https://pbs.twimg.com/profile_images/1479734318/IMG04_normal.JPG", "profile_background_image_url": "http://abs.twimg.com/images/themes/theme1/bg.png", "profile_background_color": "C0DEED", "screen_name": "wales4me", "profile_text_color": "333333", "following": false, "id": 23783299, "time_zone": "Pacific Time (US & Canada)", "entities": {"url": {"urls": [{"display_url": "twitter.com/wales4me", "url": "http://t.co/MBuagCc1vd", "indices": [0, 22], "expanded_url": "https://twitter.com/wales4me"}]}, "description": {"urls": []}}, "utc_offset": -28800, "listed_count": 0, "location": "Concord, California", "status": {"place": null, "lang": "en", "in_reply_to_status_id_str": "923181896858824705", "in_reply_to_status_id": 923181896858824705, "text": "@frostycamel @Team_Trump45 @realDonaldTrump Details.", "favorite_count": 0, "favorited": false, "source": "<a href=\"http://twitter.com/download/android\" rel=\"nofollow\">Twitter for Android</a>", "contributors": null, "in_reply_to_screen_name": "frostycamel", "entities": {"urls": [], "symbols": [], "hashtags": [], "user_mentions": [{"id_str": "905095603297943554", "id": 905095603297943554, "name": "Andy", "screen_name": "frostycamel", "indices": [0, 12]}, {"id_str": "3580248555", "id": 3580248555, "name": "Trumpism\u2122", "screen_name": "Team_Trump45", "indices": [13, 26]}, {"id_str": "25073877", "id": 25073877, "name": "Donald J. Trump", "screen_name": "realDonaldTrump", "indices": [27, 43]}]}, "id_str": "923725041036136448", "in_reply_to_user_id": 905095603297943554, "truncated": false, "geo": null, "retweet_count": 0, "id": 923725041036136448, "in_reply_to_user_id_str": "905095603297943554", "is_quote_status": false, "retweeted": false, "created_at": "Fri Oct 27 01:36:26 +0000 2017", "coordinates": null}, "created_at": "Wed Mar 11 16:07:12 +0000 2009", "notifications": false}
2017-11-11T23:00:04.662793	{"profile_background_image_url": "http://abs.twimg.com/images/themes/theme1/bg.png", "profile_image_url_https": "https://pbs.twimg.com/profile_images/1479734318/IMG04_normal.JPG", "location": "Concord, California", "is_translator": false, "id": 23783299, "has_extended_profile": false, "created_at": "Wed Mar 11 16:07:12 +0000 2009", "time_zone": "Pacific Time (US & Canada)", "profile_use_background_image": true, "screen_name": "wales4me", "translator_type": "none", "verified": false, "profile_text_color": "333333", "url": "http://t.co/MBuagCc1vd", "profile_background_image_url_https": "https://abs.twimg.com/images/themes/theme1/bg.png", "profile_sidebar_fill_color": "DDEEF6", "protected": false, "followers_count": 1, "profile_background_color": "C0DEED", "favourites_count": 20, "is_translation_enabled": false, "name": "Don", "listed_count": 0, "profile_background_tile": false, "friends_count": 37, "default_profile_image": false, "description": "Enjoying retirement", "id_str": "23783299", "following": false, "utc_offset": -28800, "follow_request_sent": false, "statuses_count": 31, "geo_enabled": false, "profile_image_url": "http://pbs.twimg.com/profile_images/1479734318/IMG04_normal.JPG", "notifications": false, "default_profile": true, "profile_link_color": "1DA1F2", "profile_sidebar_border_color": "C0DEED", "contributors_enabled": false, "lang": "en", "status": {"in_reply_to_user_id": 905095603297943554, "id_str": "923725041036136448", "created_at": "Fri Oct 27 01:36:26 +0000 2017", "in_reply_to_screen_name": "frostycamel", "favorite_count": 0, "truncated": false, "favorited": false, "geo": null, "is_quote_status": false, "in_reply_to_status_id": 923181896858824705, "id": 923725041036136448, "coordinates": null, "in_reply_to_user_id_str": "905095603297943554", "retweet_count": 0, "lang": "en", "text": "@frostycamel @Team_Trump45 @realDonaldTrump Details.", "in_reply_to_status_id_str": "923181896858824705", "source": "<a href=\"http://twitter.com/download/android\" rel=\"nofollow\">Twitter for Android</a>", "retweeted": false, "place": null, "contributors": null, "entities": {"symbols": [], "user_mentions": [{"indices": [0, 12], "id_str": "905095603297943554", "id": 905095603297943554, "screen_name": "frostycamel", "name": "Andy"}, {"indices": [13, 26], "id_str": "3580248555", "id": 3580248555, "screen_name": "Team_Trump45", "name": "Trumpism\u2122"}, {"indices": [27, 43], "id_str": "25073877", "id": 25073877, "screen_name": "realDonaldTrump", "name": "Donald J. Trump"}], "hashtags": [], "urls": []}}, "entities": {"url": {"urls": [{"expanded_url": "https://twitter.com/wales4me", "url": "http://t.co/MBuagCc1vd", "display_url": "twitter.com/wales4me", "indices": [0, 22]}]}, "description": {"urls": []}}}
2017-11-12T00:00:04.889173	{"default_profile_image": false, "is_translation_enabled": false, "geo_enabled": false, "translator_type": "none", "default_profile": true, "status": {"favorited": false, "source": "<a href=\"http://twitter.com/download/android\" rel=\"nofollow\">Twitter for Android</a>", "retweeted": false, "coordinates": null, "lang": "en", "in_reply_to_status_id": 923181896858824705, "id_str": "923725041036136448", "is_quote_status": false, "favorite_count": 0, "truncated": false, "in_reply_to_user_id": 905095603297943554, "id": 923725041036136448, "contributors": null, "geo": null, "text": "@frostycamel @Team_Trump45 @realDonaldTrump Details.", "retweet_count": 0, "created_at": "Fri Oct 27 01:36:26 +0000 2017", "place": null, "in_reply_to_user_id_str": "905095603297943554", "in_reply_to_screen_name": "frostycamel", "entities": {"symbols": [], "hashtags": [], "urls": [], "user_mentions": [{"indices": [0, 12], "id": 905095603297943554, "id_str": "905095603297943554", "screen_name": "frostycamel", "name": "Andy"}, {"indices": [13, 26], "id": 3580248555, "id_str": "3580248555", "screen_name": "Team_Trump45", "name": "Trumpism\u2122"}, {"indices": [27, 43], "id": 25073877, "id_str": "25073877", "screen_name": "realDonaldTrump", "name": "Donald J. Trump"}]}, "in_reply_to_status_id_str": "923181896858824705"}, "verified": false, "utc_offset": -28800, "name": "Don", "contributors_enabled": false, "screen_name": "wales4me", "profile_background_image_url": "http://abs.twimg.com/images/themes/theme1/bg.png", "profile_sidebar_border_color": "C0DEED", "profile_background_tile": false, "id_str": "23783299", "favourites_count": 20, "protected": false, "following": false, "lang": "en", "profile_background_image_url_https": "https://abs.twimg.com/images/themes/theme1/bg.png", "is_translator": false, "follow_request_sent": false, "profile_link_color": "1DA1F2", "location": "Concord, California", "id": 23783299, "friends_count": 37, "listed_count": 0, "profile_use_background_image": true, "time_zone": "Pacific Time (US & Canada)", "followers_count": 1, "profile_image_url": "http://pbs.twimg.com/profile_images/1479734318/IMG04_normal.JPG", "has_extended_profile": false, "url": "http://t.co/MBuagCc1vd", "created_at": "Wed Mar 11 16:07:12 +0000 2009", "notifications": false, "description": "Enjoying retirement", "profile_background_color": "C0DEED", "statuses_count": 31, "profile_sidebar_fill_color": "DDEEF6", "profile_image_url_https": "https://pbs.twimg.com/profile_images/1479734318/IMG04_normal.JPG", "entities": {"url": {"urls": [{"display_url": "twitter.com/wales4me", "url": "http://t.co/MBuagCc1vd", "expanded_url": "https://twitter.com/wales4me", "indices": [0, 22]}]}, "description": {"urls": []}}, "profile_text_color": "333333"}
2017-11-12T01:00:05.131057	{"status": {"created_at": "Fri Oct 27 01:36:26 +0000 2017", "truncated": false, "contributors": null, "source": "<a href=\"http://twitter.com/download/android\" rel=\"nofollow\">Twitter for Android</a>", "entities": {"symbols": [], "urls": [], "hashtags": [], "user_mentions": [{"indices": [0, 12], "name": "Andy", "screen_name": "frostycamel", "id": 905095603297943554, "id_str": "905095603297943554"}, {"indices": [13, 26], "name": "Trumpism\u2122", "screen_name": "Team_Trump45", "id": 3580248555, "id_str": "3580248555"}, {"indices": [27, 43], "name": "Donald J. Trump", "screen_name": "realDonaldTrump", "id": 25073877, "id_str": "25073877"}]}, "lang": "en", "retweeted": false, "in_reply_to_user_id": 905095603297943554, "place": null, "in_reply_to_status_id_str": "923181896858824705", "text": "@frostycamel @Team_Trump45 @realDonaldTrump Details.", "in_reply_to_status_id": 923181896858824705, "id_str": "923725041036136448", "favorited": false, "coordinates": null, "geo": null, "retweet_count": 0, "is_quote_status": false, "id": 923725041036136448, "favorite_count": 0, "in_reply_to_screen_name": "frostycamel", "in_reply_to_user_id_str": "905095603297943554"}, "created_at": "Wed Mar 11 16:07:12 +0000 2009", "screen_name": "wales4me", "contributors_enabled": false, "profile_background_tile": false, "verified": false, "lang": "en", "description": "Enjoying retirement", "profile_text_color": "333333", "entities": {"description": {"urls": []}, "url": {"urls": [{"display_url": "twitter.com/wales4me", "expanded_url": "https://twitter.com/wales4me", "url": "http://t.co/MBuagCc1vd", "indices": [0, 22]}]}}, "url": "http://t.co/MBuagCc1vd", "translator_type": "none", "default_profile_image": false, "profile_image_url": "http://pbs.twimg.com/profile_images/1479734318/IMG04_normal.JPG", "profile_image_url_https": "https://pbs.twimg.com/profile_images/1479734318/IMG04_normal.JPG", "profile_link_color": "1DA1F2", "notifications": false, "utc_offset": -28800, "is_translation_enabled": false, "location": "Concord, California", "time_zone": "Pacific Time (US & Canada)", "profile_background_image_url_https": "https://abs.twimg.com/images/themes/theme1/bg.png", "statuses_count": 31, "listed_count": 0, "profile_sidebar_fill_color": "DDEEF6", "profile_use_background_image": true, "friends_count": 37, "default_profile": true, "profile_background_color": "C0DEED", "id_str": "23783299", "follow_request_sent": false, "protected": false, "followers_count": 1, "following": false, "favourites_count": 20, "name": "Don", "id": 23783299, "geo_enabled": false, "has_extended_profile": false, "profile_sidebar_border_color": "C0DEED", "profile_background_image_url": "http://abs.twimg.com/images/themes/theme1/bg.png", "is_translator": false}
2017-11-12T02:00:05.208682	{"profile_background_color": "C0DEED", "description": "Enjoying retirement", "protected": false, "is_translator": false, "lang": "en", "status": {"is_quote_status": false, "favorited": false, "in_reply_to_user_id_str": "905095603297943554", "in_reply_to_user_id": 905095603297943554, "truncated": false, "place": null, "contributors": null, "in_reply_to_status_id_str": "923181896858824705", "in_reply_to_screen_name": "frostycamel", "lang": "en", "created_at": "Fri Oct 27 01:36:26 +0000 2017", "in_reply_to_status_id": 923181896858824705, "source": "<a href=\"http://twitter.com/download/android\" rel=\"nofollow\">Twitter for Android</a>", "geo": null, "retweet_count": 0, "coordinates": null, "id": 923725041036136448, "entities": {"user_mentions": [{"name": "Andy", "screen_name": "frostycamel", "indices": [0, 12], "id": 905095603297943554, "id_str": "905095603297943554"}, {"name": "Trumpism\u2122", "screen_name": "Team_Trump45", "indices": [13, 26], "id": 3580248555, "id_str": "3580248555"}, {"name": "Donald J. Trump", "screen_name": "realDonaldTrump", "indices": [27, 43], "id": 25073877, "id_str": "25073877"}], "urls": [], "symbols": [], "hashtags": []}, "id_str": "923725041036136448", "retweeted": false, "text": "@frostycamel @Team_Trump45 @realDonaldTrump Details.", "favorite_count": 0}, "profile_sidebar_fill_color": "DDEEF6", "id_str": "23783299", "location": "Concord, California", "contributors_enabled": false, "follow_request_sent": false, "profile_background_tile": false, "utc_offset": -28800, "profile_text_color": "333333", "profile_link_color": "1DA1F2", "profile_image_url_https": "https://pbs.twimg.com/profile_images/1479734318/IMG04_normal.JPG", "followers_count": 1, "has_extended_profile": false, "profile_background_image_url": "http://abs.twimg.com/images/themes/theme1/bg.png", "is_translation_enabled": false, "favourites_count": 20, "name": "Don", "translator_type": "none", "statuses_count": 31, "created_at": "Wed Mar 11 16:07:12 +0000 2009", "following": false, "default_profile": true, "profile_use_background_image": true, "time_zone": "Pacific Time (US & Canada)", "geo_enabled": false, "profile_image_url": "http://pbs.twimg.com/profile_images/1479734318/IMG04_normal.JPG", "profile_background_image_url_https": "https://abs.twimg.com/images/themes/theme1/bg.png", "id": 23783299, "entities": {"description": {"urls": []}, "url": {"urls": [{"indices": [0, 22], "display_url": "twitter.com/wales4me", "url": "http://t.co/MBuagCc1vd", "expanded_url": "https://twitter.com/wales4me"}]}}, "listed_count": 0, "friends_count": 37, "verified": false, "screen_name": "wales4me", "profile_sidebar_border_color": "C0DEED", "default_profile_image": false, "url": "http://t.co/MBuagCc1vd", "notifications": false}
2017-11-12T03:00:05.384147	{"status": {"created_at": "Fri Oct 27 01:36:26 +0000 2017", "contributors": null, "id": 923725041036136448, "favorite_count": 0, "source": "<a href=\"http://twitter.com/download/android\" rel=\"nofollow\">Twitter for Android</a>", "geo": null, "lang": "en", "favorited": false, "place": null, "truncated": false, "in_reply_to_screen_name": "frostycamel", "in_reply_to_status_id": 923181896858824705, "retweet_count": 0, "in_reply_to_user_id": 905095603297943554, "text": "@frostycamel @Team_Trump45 @realDonaldTrump Details.", "in_reply_to_status_id_str": "923181896858824705", "coordinates": null, "in_reply_to_user_id_str": "905095603297943554", "retweeted": false, "is_quote_status": false, "entities": {"symbols": [], "hashtags": [], "urls": [], "user_mentions": [{"screen_name": "frostycamel", "indices": [0, 12], "id": 905095603297943554, "name": "Andy", "id_str": "905095603297943554"}, {"screen_name": "Team_Trump45", "indices": [13, 26], "id": 3580248555, "name": "Trumpism\u2122", "id_str": "3580248555"}, {"screen_name": "realDonaldTrump", "indices": [27, 43], "id": 25073877, "name": "Donald J. Trump", "id_str": "25073877"}]}, "id_str": "923725041036136448"}, "protected": false, "id": 23783299, "utc_offset": -28800, "notifications": false, "friends_count": 37, "profile_image_url": "http://pbs.twimg.com/profile_images/1479734318/IMG04_normal.JPG", "profile_sidebar_border_color": "C0DEED", "listed_count": 0, "profile_text_color": "333333", "profile_link_color": "1DA1F2", "lang": "en", "profile_background_color": "C0DEED", "geo_enabled": false, "verified": false, "profile_background_image_url_https": "https://abs.twimg.com/images/themes/theme1/bg.png", "default_profile_image": false, "profile_sidebar_fill_color": "DDEEF6", "is_translation_enabled": false, "created_at": "Wed Mar 11 16:07:12 +0000 2009", "is_translator": false, "screen_name": "wales4me", "favourites_count": 20, "contributors_enabled": false, "follow_request_sent": false, "followers_count": 1, "location": "Concord, California", "entities": {"url": {"urls": [{"indices": [0, 22], "url": "http://t.co/MBuagCc1vd", "display_url": "twitter.com/wales4me", "expanded_url": "https://twitter.com/wales4me"}]}, "description": {"urls": []}}, "translator_type": "none", "profile_use_background_image": true, "profile_image_url_https": "https://pbs.twimg.com/profile_images/1479734318/IMG04_normal.JPG", "url": "http://t.co/MBuagCc1vd", "profile_background_tile": false, "following": false, "profile_background_image_url": "http://abs.twimg.com/images/themes/theme1/bg.png", "statuses_count": 31, "time_zone": "Pacific Time (US & Canada)", "has_extended_profile": false, "name": "Don", "id_str": "23783299", "description": "Enjoying retirement", "default_profile": true}
2017-11-12T04:00:04.623519	{"location": "Concord, California", "verified": false, "profile_text_color": "333333", "screen_name": "wales4me", "profile_background_image_url": "http://abs.twimg.com/images/themes/theme1/bg.png", "geo_enabled": false, "id": 23783299, "profile_link_color": "1DA1F2", "profile_image_url_https": "https://pbs.twimg.com/profile_images/1479734318/IMG04_normal.JPG", "followers_count": 1, "notifications": false, "created_at": "Wed Mar 11 16:07:12 +0000 2009", "profile_background_image_url_https": "https://abs.twimg.com/images/themes/theme1/bg.png", "listed_count": 0, "lang": "en", "profile_image_url": "http://pbs.twimg.com/profile_images/1479734318/IMG04_normal.JPG", "url": "http://t.co/MBuagCc1vd", "contributors_enabled": false, "status": {"coordinates": null, "in_reply_to_status_id_str": "923181896858824705", "id": 923725041036136448, "truncated": false, "retweet_count": 0, "created_at": "Fri Oct 27 01:36:26 +0000 2017", "lang": "en", "source": "<a href=\"http://twitter.com/download/android\" rel=\"nofollow\">Twitter for Android</a>", "id_str": "923725041036136448", "favorite_count": 0, "in_reply_to_user_id_str": "905095603297943554", "favorited": false, "text": "@frostycamel @Team_Trump45 @realDonaldTrump Details.", "retweeted": false, "contributors": null, "entities": {"hashtags": [], "user_mentions": [{"indices": [0, 12], "id_str": "905095603297943554", "screen_name": "frostycamel", "name": "Andy", "id": 905095603297943554}, {"indices": [13, 26], "id_str": "3580248555", "screen_name": "Team_Trump45", "name": "Trumpism\u2122", "id": 3580248555}, {"indices": [27, 43], "id_str": "25073877", "screen_name": "realDonaldTrump", "name": "Donald J. Trump", "id": 25073877}], "urls": [], "symbols": []}, "place": null, "in_reply_to_screen_name": "frostycamel", "geo": null, "in_reply_to_status_id": 923181896858824705, "in_reply_to_user_id": 905095603297943554, "is_quote_status": false}, "name": "Don", "default_profile": true, "time_zone": "Pacific Time (US & Canada)", "profile_sidebar_border_color": "C0DEED", "has_extended_profile": false, "profile_background_tile": false, "profile_sidebar_fill_color": "DDEEF6", "profile_use_background_image": true, "is_translation_enabled": false, "entities": {"url": {"urls": [{"indices": [0, 22], "url": "http://t.co/MBuagCc1vd", "display_url": "twitter.com/wales4me", "expanded_url": "https://twitter.com/wales4me"}]}, "description": {"urls": []}}, "id_str": "23783299", "protected": false, "profile_background_color": "C0DEED", "follow_request_sent": false, "friends_count": 37, "favourites_count": 20, "description": "Enjoying retirement", "translator_type": "none", "statuses_count": 31, "default_profile_image": false, "is_translator": false, "utc_offset": -28800, "following": false}
2017-11-12T05:00:05.478605	{"entities": {"url": {"urls": [{"url": "http://t.co/MBuagCc1vd", "display_url": "twitter.com/wales4me", "indices": [0, 22], "expanded_url": "https://twitter.com/wales4me"}]}, "description": {"urls": []}}, "url": "http://t.co/MBuagCc1vd", "following": false, "notifications": false, "profile_text_color": "333333", "profile_image_url_https": "https://pbs.twimg.com/profile_images/1479734318/IMG04_normal.JPG", "is_translator": false, "location": "Concord, California", "profile_link_color": "1DA1F2", "profile_background_image_url_https": "https://abs.twimg.com/images/themes/theme1/bg.png", "follow_request_sent": false, "listed_count": 0, "name": "Don", "default_profile_image": false, "profile_background_image_url": "http://abs.twimg.com/images/themes/theme1/bg.png", "description": "Enjoying retirement", "profile_sidebar_fill_color": "DDEEF6", "default_profile": true, "verified": false, "profile_image_url": "http://pbs.twimg.com/profile_images/1479734318/IMG04_normal.JPG", "friends_count": 37, "id_str": "23783299", "translator_type": "none", "protected": false, "profile_background_color": "C0DEED", "profile_background_tile": false, "created_at": "Wed Mar 11 16:07:12 +0000 2009", "profile_sidebar_border_color": "C0DEED", "favourites_count": 20, "geo_enabled": false, "utc_offset": -28800, "is_translation_enabled": false, "screen_name": "wales4me", "time_zone": "Pacific Time (US & Canada)", "contributors_enabled": false, "followers_count": 1, "status": {"entities": {"user_mentions": [{"id_str": "905095603297943554", "id": 905095603297943554, "name": "Andy", "screen_name": "frostycamel", "indices": [0, 12]}, {"id_str": "3580248555", "id": 3580248555, "name": "Trumpism\u2122", "screen_name": "Team_Trump45", "indices": [13, 26]}, {"id_str": "25073877", "id": 25073877, "name": "Donald J. Trump", "screen_name": "realDonaldTrump", "indices": [27, 43]}], "hashtags": [], "symbols": [], "urls": []}, "in_reply_to_status_id": 923181896858824705, "truncated": false, "id": 923725041036136448, "place": null, "geo": null, "retweet_count": 0, "favorited": false, "in_reply_to_user_id": 905095603297943554, "id_str": "923725041036136448", "text": "@frostycamel @Team_Trump45 @realDonaldTrump Details.", "contributors": null, "coordinates": null, "created_at": "Fri Oct 27 01:36:26 +0000 2017", "is_quote_status": false, "retweeted": false, "in_reply_to_status_id_str": "923181896858824705", "source": "<a href=\"http://twitter.com/download/android\" rel=\"nofollow\">Twitter for Android</a>", "in_reply_to_user_id_str": "905095603297943554", "favorite_count": 0, "in_reply_to_screen_name": "frostycamel", "lang": "en"}, "id": 23783299, "profile_use_background_image": true, "has_extended_profile": false, "lang": "en", "statuses_count": 31}
2017-11-12T06:00:04.950660	{"default_profile_image": false, "listed_count": 0, "followers_count": 1, "time_zone": "Pacific Time (US & Canada)", "favourites_count": 20, "statuses_count": 31, "lang": "en", "profile_background_image_url": "http://abs.twimg.com/images/themes/theme1/bg.png", "created_at": "Wed Mar 11 16:07:12 +0000 2009", "has_extended_profile": false, "default_profile": true, "name": "Don", "profile_background_tile": false, "entities": {"url": {"urls": [{"indices": [0, 22], "url": "http://t.co/MBuagCc1vd", "expanded_url": "https://twitter.com/wales4me", "display_url": "twitter.com/wales4me"}]}, "description": {"urls": []}}, "is_translator": false, "verified": false, "friends_count": 37, "status": {"in_reply_to_user_id": 905095603297943554, "in_reply_to_screen_name": "frostycamel", "in_reply_to_status_id_str": "923181896858824705", "lang": "en", "geo": null, "created_at": "Fri Oct 27 01:36:26 +0000 2017", "truncated": false, "place": null, "text": "@frostycamel @Team_Trump45 @realDonaldTrump Details.", "entities": {"urls": [], "symbols": [], "user_mentions": [{"indices": [0, 12], "name": "Andy", "screen_name": "frostycamel", "id_str": "905095603297943554", "id": 905095603297943554}, {"indices": [13, 26], "name": "Trumpism\u2122", "screen_name": "Team_Trump45", "id_str": "3580248555", "id": 3580248555}, {"indices": [27, 43], "name": "Donald J. Trump", "screen_name": "realDonaldTrump", "id_str": "25073877", "id": 25073877}], "hashtags": []}, "is_quote_status": false, "contributors": null, "in_reply_to_user_id_str": "905095603297943554", "retweet_count": 0, "in_reply_to_status_id": 923181896858824705, "source": "<a href=\"http://twitter.com/download/android\" rel=\"nofollow\">Twitter for Android</a>", "favorite_count": 0, "coordinates": null, "id": 923725041036136448, "id_str": "923725041036136448", "retweeted": false, "favorited": false}, "profile_background_image_url_https": "https://abs.twimg.com/images/themes/theme1/bg.png", "id": 23783299, "url": "http://t.co/MBuagCc1vd", "profile_background_color": "C0DEED", "description": "Enjoying retirement", "profile_sidebar_border_color": "C0DEED", "following": false, "translator_type": "none", "is_translation_enabled": false, "protected": false, "contributors_enabled": false, "profile_sidebar_fill_color": "DDEEF6", "geo_enabled": false, "profile_image_url": "http://pbs.twimg.com/profile_images/1479734318/IMG04_normal.JPG", "screen_name": "wales4me", "notifications": false, "id_str": "23783299", "location": "Concord, California", "follow_request_sent": false, "profile_link_color": "1DA1F2", "profile_image_url_https": "https://pbs.twimg.com/profile_images/1479734318/IMG04_normal.JPG", "utc_offset": -28800, "profile_text_color": "333333", "profile_use_background_image": true}
2017-11-12T07:00:04.879194	{"favourites_count": 20, "statuses_count": 31, "is_translator": false, "follow_request_sent": false, "profile_background_color": "C0DEED", "verified": false, "location": "Concord, California", "profile_sidebar_fill_color": "DDEEF6", "protected": false, "description": "Enjoying retirement", "geo_enabled": false, "lang": "en", "profile_sidebar_border_color": "C0DEED", "profile_background_image_url": "http://abs.twimg.com/images/themes/theme1/bg.png", "contributors_enabled": false, "time_zone": "Pacific Time (US & Canada)", "profile_background_tile": false, "status": {"in_reply_to_status_id": 923181896858824705, "truncated": false, "in_reply_to_screen_name": "frostycamel", "is_quote_status": false, "favorite_count": 0, "in_reply_to_user_id_str": "905095603297943554", "favorited": false, "lang": "en", "geo": null, "in_reply_to_user_id": 905095603297943554, "id": 923725041036136448, "source": "<a href=\"http://twitter.com/download/android\" rel=\"nofollow\">Twitter for Android</a>", "retweet_count": 0, "created_at": "Fri Oct 27 01:36:26 +0000 2017", "id_str": "923725041036136448", "text": "@frostycamel @Team_Trump45 @realDonaldTrump Details.", "in_reply_to_status_id_str": "923181896858824705", "coordinates": null, "place": null, "contributors": null, "entities": {"symbols": [], "hashtags": [], "urls": [], "user_mentions": [{"id_str": "905095603297943554", "indices": [0, 12], "id": 905095603297943554, "name": "Andy", "screen_name": "frostycamel"}, {"id_str": "3580248555", "indices": [13, 26], "id": 3580248555, "name": "Trumpism\u2122", "screen_name": "Team_Trump45"}, {"id_str": "25073877", "indices": [27, 43], "id": 25073877, "name": "Donald J. Trump", "screen_name": "realDonaldTrump"}]}, "retweeted": false}, "profile_image_url": "http://pbs.twimg.com/profile_images/1479734318/IMG04_normal.JPG", "listed_count": 0, "screen_name": "wales4me", "has_extended_profile": false, "followers_count": 1, "id": 23783299, "entities": {"description": {"urls": []}, "url": {"urls": [{"display_url": "twitter.com/wales4me", "indices": [0, 22], "expanded_url": "https://twitter.com/wales4me", "url": "http://t.co/MBuagCc1vd"}]}}, "default_profile": true, "notifications": false, "created_at": "Wed Mar 11 16:07:12 +0000 2009", "friends_count": 37, "profile_text_color": "333333", "profile_link_color": "1DA1F2", "profile_image_url_https": "https://pbs.twimg.com/profile_images/1479734318/IMG04_normal.JPG", "default_profile_image": false, "following": false, "name": "Don", "url": "http://t.co/MBuagCc1vd", "profile_background_image_url_https": "https://abs.twimg.com/images/themes/theme1/bg.png", "profile_use_background_image": true, "translator_type": "none", "id_str": "23783299", "utc_offset": -28800, "is_translation_enabled": false}
2017-11-12T08:00:04.843068	{"protected": false, "id_str": "23783299", "translator_type": "none", "has_extended_profile": false, "time_zone": "Pacific Time (US & Canada)", "utc_offset": -28800, "favourites_count": 20, "followers_count": 1, "profile_image_url_https": "https://pbs.twimg.com/profile_images/1479734318/IMG04_normal.JPG", "lang": "en", "follow_request_sent": false, "profile_background_image_url": "http://abs.twimg.com/images/themes/theme1/bg.png", "created_at": "Wed Mar 11 16:07:12 +0000 2009", "profile_link_color": "1DA1F2", "following": false, "statuses_count": 31, "id": 23783299, "location": "Concord, California", "profile_text_color": "333333", "geo_enabled": false, "profile_image_url": "http://pbs.twimg.com/profile_images/1479734318/IMG04_normal.JPG", "profile_background_image_url_https": "https://abs.twimg.com/images/themes/theme1/bg.png", "notifications": false, "verified": false, "is_translation_enabled": false, "is_translator": false, "contributors_enabled": false, "description": "Enjoying retirement", "profile_use_background_image": true, "default_profile_image": false, "entities": {"url": {"urls": [{"url": "http://t.co/MBuagCc1vd", "expanded_url": "https://twitter.com/wales4me", "indices": [0, 22], "display_url": "twitter.com/wales4me"}]}, "description": {"urls": []}}, "listed_count": 0, "profile_background_tile": false, "status": {"in_reply_to_screen_name": "frostycamel", "text": "@frostycamel @Team_Trump45 @realDonaldTrump Details.", "in_reply_to_user_id_str": "905095603297943554", "id_str": "923725041036136448", "favorited": false, "lang": "en", "favorite_count": 0, "contributors": null, "source": "<a href=\"http://twitter.com/download/android\" rel=\"nofollow\">Twitter for Android</a>", "in_reply_to_user_id": 905095603297943554, "created_at": "Fri Oct 27 01:36:26 +0000 2017", "id": 923725041036136448, "is_quote_status": false, "geo": null, "place": null, "retweet_count": 0, "in_reply_to_status_id_str": "923181896858824705", "coordinates": null, "truncated": false, "entities": {"user_mentions": [{"id": 905095603297943554, "id_str": "905095603297943554", "name": "Andy", "indices": [0, 12], "screen_name": "frostycamel"}, {"id": 3580248555, "id_str": "3580248555", "name": "Trumpism\u2122", "indices": [13, 26], "screen_name": "Team_Trump45"}, {"id": 25073877, "id_str": "25073877", "name": "Donald J. Trump", "indices": [27, 43], "screen_name": "realDonaldTrump"}], "symbols": [], "hashtags": [], "urls": []}, "in_reply_to_status_id": 923181896858824705, "retweeted": false}, "default_profile": true, "profile_sidebar_fill_color": "DDEEF6", "profile_sidebar_border_color": "C0DEED", "url": "http://t.co/MBuagCc1vd", "friends_count": 37, "name": "Don", "profile_background_color": "C0DEED", "screen_name": "wales4me"}
2017-11-12T09:00:05.477807	{"name": "Don", "favourites_count": 20, "protected": false, "profile_use_background_image": true, "profile_text_color": "333333", "translator_type": "none", "profile_link_color": "1DA1F2", "is_translation_enabled": false, "time_zone": "Pacific Time (US & Canada)", "following": false, "screen_name": "wales4me", "statuses_count": 31, "profile_image_url": "http://pbs.twimg.com/profile_images/1479734318/IMG04_normal.JPG", "location": "Concord, California", "followers_count": 1, "id": 23783299, "id_str": "23783299", "profile_background_image_url": "http://abs.twimg.com/images/themes/theme1/bg.png", "profile_image_url_https": "https://pbs.twimg.com/profile_images/1479734318/IMG04_normal.JPG", "profile_sidebar_border_color": "C0DEED", "profile_background_color": "C0DEED", "profile_background_tile": false, "friends_count": 37, "follow_request_sent": false, "is_translator": false, "default_profile": true, "has_extended_profile": false, "status": {"contributors": null, "truncated": false, "favorited": false, "retweeted": false, "geo": null, "in_reply_to_screen_name": "frostycamel", "retweet_count": 0, "in_reply_to_user_id_str": "905095603297943554", "favorite_count": 0, "coordinates": null, "id": 923725041036136448, "in_reply_to_user_id": 905095603297943554, "place": null, "text": "@frostycamel @Team_Trump45 @realDonaldTrump Details.", "in_reply_to_status_id_str": "923181896858824705", "in_reply_to_status_id": 923181896858824705, "lang": "en", "is_quote_status": false, "id_str": "923725041036136448", "created_at": "Fri Oct 27 01:36:26 +0000 2017", "entities": {"symbols": [], "urls": [], "user_mentions": [{"name": "Andy", "id": 905095603297943554, "screen_name": "frostycamel", "indices": [0, 12], "id_str": "905095603297943554"}, {"name": "Trumpism\u2122", "id": 3580248555, "screen_name": "Team_Trump45", "indices": [13, 26], "id_str": "3580248555"}, {"name": "Donald J. Trump", "id": 25073877, "screen_name": "realDonaldTrump", "indices": [27, 43], "id_str": "25073877"}], "hashtags": []}, "source": "<a href=\"http://twitter.com/download/android\" rel=\"nofollow\">Twitter for Android</a>"}, "notifications": false, "listed_count": 0, "profile_sidebar_fill_color": "DDEEF6", "lang": "en", "description": "Enjoying retirement", "default_profile_image": false, "entities": {"description": {"urls": []}, "url": {"urls": [{"expanded_url": "https://twitter.com/wales4me", "display_url": "twitter.com/wales4me", "indices": [0, 22], "url": "http://t.co/MBuagCc1vd"}]}}, "url": "http://t.co/MBuagCc1vd", "contributors_enabled": false, "utc_offset": -28800, "verified": false, "created_at": "Wed Mar 11 16:07:12 +0000 2009", "profile_background_image_url_https": "https://abs.twimg.com/images/themes/theme1/bg.png", "geo_enabled": false}
2017-11-12T10:00:05.391930	{"favourites_count": 20, "contributors_enabled": false, "is_translation_enabled": false, "profile_image_url_https": "https://pbs.twimg.com/profile_images/1479734318/IMG04_normal.JPG", "profile_background_image_url_https": "https://abs.twimg.com/images/themes/theme1/bg.png", "time_zone": "Pacific Time (US & Canada)", "verified": false, "profile_image_url": "http://pbs.twimg.com/profile_images/1479734318/IMG04_normal.JPG", "followers_count": 1, "id_str": "23783299", "listed_count": 0, "protected": false, "translator_type": "none", "profile_background_tile": false, "created_at": "Wed Mar 11 16:07:12 +0000 2009", "default_profile_image": false, "profile_background_image_url": "http://abs.twimg.com/images/themes/theme1/bg.png", "description": "Enjoying retirement", "friends_count": 37, "notifications": false, "geo_enabled": false, "profile_sidebar_border_color": "C0DEED", "status": {"retweet_count": 0, "in_reply_to_status_id": 923181896858824705, "in_reply_to_screen_name": "frostycamel", "source": "<a href=\"http://twitter.com/download/android\" rel=\"nofollow\">Twitter for Android</a>", "favorited": false, "in_reply_to_user_id_str": "905095603297943554", "geo": null, "contributors": null, "truncated": false, "created_at": "Fri Oct 27 01:36:26 +0000 2017", "id_str": "923725041036136448", "favorite_count": 0, "in_reply_to_user_id": 905095603297943554, "place": null, "id": 923725041036136448, "retweeted": false, "lang": "en", "is_quote_status": false, "in_reply_to_status_id_str": "923181896858824705", "text": "@frostycamel @Team_Trump45 @realDonaldTrump Details.", "entities": {"user_mentions": [{"id": 905095603297943554, "name": "Andy", "screen_name": "frostycamel", "id_str": "905095603297943554", "indices": [0, 12]}, {"id": 3580248555, "name": "Trumpism\u2122", "screen_name": "Team_Trump45", "id_str": "3580248555", "indices": [13, 26]}, {"id": 25073877, "name": "Donald J. Trump", "screen_name": "realDonaldTrump", "id_str": "25073877", "indices": [27, 43]}], "symbols": [], "urls": [], "hashtags": []}, "coordinates": null}, "is_translator": false, "profile_text_color": "333333", "profile_background_color": "C0DEED", "has_extended_profile": false, "profile_sidebar_fill_color": "DDEEF6", "id": 23783299, "entities": {"url": {"urls": [{"expanded_url": "https://twitter.com/wales4me", "indices": [0, 22], "url": "http://t.co/MBuagCc1vd", "display_url": "twitter.com/wales4me"}]}, "description": {"urls": []}}, "url": "http://t.co/MBuagCc1vd", "statuses_count": 31, "screen_name": "wales4me", "lang": "en", "utc_offset": -28800, "name": "Don", "profile_use_background_image": true, "following": false, "default_profile": true, "location": "Concord, California", "follow_request_sent": false, "profile_link_color": "1DA1F2"}
2017-11-12T11:00:05.278017	{"geo_enabled": false, "status": {"favorited": false, "created_at": "Fri Oct 27 01:36:26 +0000 2017", "retweet_count": 0, "in_reply_to_screen_name": "frostycamel", "source": "<a href=\"http://twitter.com/download/android\" rel=\"nofollow\">Twitter for Android</a>", "id": 923725041036136448, "id_str": "923725041036136448", "truncated": false, "entities": {"hashtags": [], "urls": [], "symbols": [], "user_mentions": [{"screen_name": "frostycamel", "name": "Andy", "id": 905095603297943554, "id_str": "905095603297943554", "indices": [0, 12]}, {"screen_name": "Team_Trump45", "name": "Trumpism\u2122", "id": 3580248555, "id_str": "3580248555", "indices": [13, 26]}, {"screen_name": "realDonaldTrump", "name": "Donald J. Trump", "id": 25073877, "id_str": "25073877", "indices": [27, 43]}]}, "favorite_count": 0, "is_quote_status": false, "coordinates": null, "in_reply_to_user_id": 905095603297943554, "contributors": null, "place": null, "in_reply_to_status_id_str": "923181896858824705", "text": "@frostycamel @Team_Trump45 @realDonaldTrump Details.", "lang": "en", "geo": null, "in_reply_to_status_id": 923181896858824705, "in_reply_to_user_id_str": "905095603297943554", "retweeted": false}, "protected": false, "is_translator": false, "profile_image_url": "http://pbs.twimg.com/profile_images/1479734318/IMG04_normal.JPG", "name": "Don", "favourites_count": 20, "profile_text_color": "333333", "profile_sidebar_fill_color": "DDEEF6", "is_translation_enabled": false, "id": 23783299, "id_str": "23783299", "following": false, "default_profile": true, "created_at": "Wed Mar 11 16:07:12 +0000 2009", "profile_background_image_url_https": "https://abs.twimg.com/images/themes/theme1/bg.png", "description": "Enjoying retirement", "listed_count": 0, "profile_image_url_https": "https://pbs.twimg.com/profile_images/1479734318/IMG04_normal.JPG", "time_zone": "Pacific Time (US & Canada)", "friends_count": 37, "screen_name": "wales4me", "notifications": false, "utc_offset": -28800, "profile_background_color": "C0DEED", "profile_link_color": "1DA1F2", "contributors_enabled": false, "entities": {"url": {"urls": [{"url": "http://t.co/MBuagCc1vd", "display_url": "twitter.com/wales4me", "expanded_url": "https://twitter.com/wales4me", "indices": [0, 22]}]}, "description": {"urls": []}}, "followers_count": 1, "statuses_count": 31, "profile_use_background_image": true, "url": "http://t.co/MBuagCc1vd", "translator_type": "none", "profile_sidebar_border_color": "C0DEED", "lang": "en", "profile_background_image_url": "http://abs.twimg.com/images/themes/theme1/bg.png", "follow_request_sent": false, "location": "Concord, California", "default_profile_image": false, "has_extended_profile": false, "profile_background_tile": false, "verified": false}
2017-11-12T12:00:05.282200	{"contributors_enabled": false, "profile_use_background_image": true, "entities": {"description": {"urls": []}, "url": {"urls": [{"display_url": "twitter.com/wales4me", "expanded_url": "https://twitter.com/wales4me", "indices": [0, 22], "url": "http://t.co/MBuagCc1vd"}]}}, "name": "Don", "following": false, "default_profile_image": false, "profile_background_tile": false, "friends_count": 37, "favourites_count": 20, "lang": "en", "is_translator": false, "location": "Concord, California", "id_str": "23783299", "profile_image_url": "http://pbs.twimg.com/profile_images/1479734318/IMG04_normal.JPG", "protected": false, "geo_enabled": false, "profile_sidebar_border_color": "C0DEED", "utc_offset": -28800, "profile_background_image_url_https": "https://abs.twimg.com/images/themes/theme1/bg.png", "status": {"entities": {"hashtags": [], "urls": [], "symbols": [], "user_mentions": [{"id": 905095603297943554, "indices": [0, 12], "screen_name": "frostycamel", "name": "Andy", "id_str": "905095603297943554"}, {"id": 3580248555, "indices": [13, 26], "screen_name": "Team_Trump45", "name": "Trumpism\u2122", "id_str": "3580248555"}, {"id": 25073877, "indices": [27, 43], "screen_name": "realDonaldTrump", "name": "Donald J. Trump", "id_str": "25073877"}]}, "contributors": null, "in_reply_to_user_id": 905095603297943554, "in_reply_to_status_id_str": "923181896858824705", "truncated": false, "lang": "en", "in_reply_to_screen_name": "frostycamel", "id_str": "923725041036136448", "in_reply_to_user_id_str": "905095603297943554", "favorited": false, "geo": null, "place": null, "is_quote_status": false, "text": "@frostycamel @Team_Trump45 @realDonaldTrump Details.", "id": 923725041036136448, "in_reply_to_status_id": 923181896858824705, "created_at": "Fri Oct 27 01:36:26 +0000 2017", "retweet_count": 0, "favorite_count": 0, "coordinates": null, "source": "<a href=\"http://twitter.com/download/android\" rel=\"nofollow\">Twitter for Android</a>", "retweeted": false}, "profile_background_image_url": "http://abs.twimg.com/images/themes/theme1/bg.png", "id": 23783299, "profile_sidebar_fill_color": "DDEEF6", "notifications": false, "default_profile": true, "url": "http://t.co/MBuagCc1vd", "profile_background_color": "C0DEED", "screen_name": "wales4me", "is_translation_enabled": false, "follow_request_sent": false, "created_at": "Wed Mar 11 16:07:12 +0000 2009", "listed_count": 0, "profile_text_color": "333333", "description": "Enjoying retirement", "verified": false, "statuses_count": 31, "translator_type": "none", "profile_image_url_https": "https://pbs.twimg.com/profile_images/1479734318/IMG04_normal.JPG", "followers_count": 1, "has_extended_profile": false, "profile_link_color": "1DA1F2", "time_zone": "Pacific Time (US & Canada)"}
2017-11-12T13:00:05.550883	{"screen_name": "wales4me", "status": {"in_reply_to_user_id": 905095603297943554, "place": null, "contributors": null, "geo": null, "lang": "en", "id": 923725041036136448, "retweeted": false, "in_reply_to_status_id_str": "923181896858824705", "favorite_count": 0, "retweet_count": 0, "in_reply_to_status_id": 923181896858824705, "coordinates": null, "id_str": "923725041036136448", "truncated": false, "is_quote_status": false, "favorited": false, "source": "<a href=\"http://twitter.com/download/android\" rel=\"nofollow\">Twitter for Android</a>", "text": "@frostycamel @Team_Trump45 @realDonaldTrump Details.", "entities": {"user_mentions": [{"screen_name": "frostycamel", "name": "Andy", "indices": [0, 12], "id": 905095603297943554, "id_str": "905095603297943554"}, {"screen_name": "Team_Trump45", "name": "Trumpism\u2122", "indices": [13, 26], "id": 3580248555, "id_str": "3580248555"}, {"screen_name": "realDonaldTrump", "name": "Donald J. Trump", "indices": [27, 43], "id": 25073877, "id_str": "25073877"}], "symbols": [], "urls": [], "hashtags": []}, "in_reply_to_screen_name": "frostycamel", "in_reply_to_user_id_str": "905095603297943554", "created_at": "Fri Oct 27 01:36:26 +0000 2017"}, "location": "Concord, California", "profile_link_color": "1DA1F2", "time_zone": "Pacific Time (US & Canada)", "geo_enabled": false, "has_extended_profile": false, "is_translation_enabled": false, "statuses_count": 31, "profile_background_tile": false, "lang": "en", "id": 23783299, "profile_background_image_url_https": "https://abs.twimg.com/images/themes/theme1/bg.png", "profile_text_color": "333333", "default_profile": true, "default_profile_image": false, "following": false, "profile_background_color": "C0DEED", "translator_type": "none", "description": "Enjoying retirement", "profile_image_url_https": "https://pbs.twimg.com/profile_images/1479734318/IMG04_normal.JPG", "profile_sidebar_fill_color": "DDEEF6", "utc_offset": -28800, "friends_count": 37, "listed_count": 0, "is_translator": false, "profile_sidebar_border_color": "C0DEED", "profile_use_background_image": true, "verified": false, "profile_image_url": "http://pbs.twimg.com/profile_images/1479734318/IMG04_normal.JPG", "name": "Don", "profile_background_image_url": "http://abs.twimg.com/images/themes/theme1/bg.png", "id_str": "23783299", "contributors_enabled": false, "favourites_count": 20, "protected": false, "url": "http://t.co/MBuagCc1vd", "entities": {"url": {"urls": [{"expanded_url": "https://twitter.com/wales4me", "url": "http://t.co/MBuagCc1vd", "display_url": "twitter.com/wales4me", "indices": [0, 22]}]}, "description": {"urls": []}}, "followers_count": 1, "follow_request_sent": false, "created_at": "Wed Mar 11 16:07:12 +0000 2009", "notifications": false}
2017-11-12T14:00:05.227947	{"url": "http://t.co/MBuagCc1vd", "profile_sidebar_border_color": "C0DEED", "default_profile_image": false, "profile_text_color": "333333", "lang": "en", "statuses_count": 31, "location": "Concord, California", "id": 23783299, "friends_count": 37, "time_zone": "Pacific Time (US & Canada)", "contributors_enabled": false, "profile_image_url_https": "https://pbs.twimg.com/profile_images/1479734318/IMG04_normal.JPG", "profile_background_color": "C0DEED", "followers_count": 1, "verified": false, "profile_link_color": "1DA1F2", "profile_use_background_image": true, "profile_background_tile": false, "description": "Enjoying retirement", "has_extended_profile": false, "following": false, "profile_background_image_url": "http://abs.twimg.com/images/themes/theme1/bg.png", "translator_type": "none", "is_translator": false, "id_str": "23783299", "profile_sidebar_fill_color": "DDEEF6", "screen_name": "wales4me", "notifications": false, "created_at": "Wed Mar 11 16:07:12 +0000 2009", "status": {"in_reply_to_screen_name": "frostycamel", "favorite_count": 0, "truncated": false, "coordinates": null, "lang": "en", "created_at": "Fri Oct 27 01:36:26 +0000 2017", "geo": null, "in_reply_to_user_id": 905095603297943554, "in_reply_to_status_id": 923181896858824705, "in_reply_to_status_id_str": "923181896858824705", "contributors": null, "retweet_count": 0, "place": null, "id_str": "923725041036136448", "is_quote_status": false, "id": 923725041036136448, "entities": {"user_mentions": [{"screen_name": "frostycamel", "id": 905095603297943554, "id_str": "905095603297943554", "name": "Andy", "indices": [0, 12]}, {"screen_name": "Team_Trump45", "id": 3580248555, "id_str": "3580248555", "name": "Trumpism\u2122", "indices": [13, 26]}, {"screen_name": "realDonaldTrump", "id": 25073877, "id_str": "25073877", "name": "Donald J. Trump", "indices": [27, 43]}], "urls": [], "hashtags": [], "symbols": []}, "in_reply_to_user_id_str": "905095603297943554", "text": "@frostycamel @Team_Trump45 @realDonaldTrump Details.", "retweeted": false, "source": "<a href=\"http://twitter.com/download/android\" rel=\"nofollow\">Twitter for Android</a>", "favorited": false}, "entities": {"description": {"urls": []}, "url": {"urls": [{"indices": [0, 22], "url": "http://t.co/MBuagCc1vd", "expanded_url": "https://twitter.com/wales4me", "display_url": "twitter.com/wales4me"}]}}, "name": "Don", "favourites_count": 20, "profile_image_url": "http://pbs.twimg.com/profile_images/1479734318/IMG04_normal.JPG", "geo_enabled": false, "protected": false, "utc_offset": -28800, "listed_count": 0, "default_profile": true, "is_translation_enabled": false, "profile_background_image_url_https": "https://abs.twimg.com/images/themes/theme1/bg.png", "follow_request_sent": false}
2017-11-12T15:00:05.148491	{"followers_count": 1, "follow_request_sent": false, "name": "Don", "description": "Enjoying retirement", "translator_type": "none", "status": {"in_reply_to_user_id": 905095603297943554, "favorite_count": 0, "id_str": "923725041036136448", "in_reply_to_status_id": 923181896858824705, "place": null, "in_reply_to_user_id_str": "905095603297943554", "lang": "en", "truncated": false, "contributors": null, "retweet_count": 0, "created_at": "Fri Oct 27 01:36:26 +0000 2017", "retweeted": false, "geo": null, "in_reply_to_status_id_str": "923181896858824705", "text": "@frostycamel @Team_Trump45 @realDonaldTrump Details.", "entities": {"user_mentions": [{"id": 905095603297943554, "id_str": "905095603297943554", "name": "Andy", "indices": [0, 12], "screen_name": "frostycamel"}, {"id": 3580248555, "id_str": "3580248555", "name": "Trumpism\u2122", "indices": [13, 26], "screen_name": "Team_Trump45"}, {"id": 25073877, "id_str": "25073877", "name": "Donald J. Trump", "indices": [27, 43], "screen_name": "realDonaldTrump"}], "urls": [], "symbols": [], "hashtags": []}, "favorited": false, "in_reply_to_screen_name": "frostycamel", "source": "<a href=\"http://twitter.com/download/android\" rel=\"nofollow\">Twitter for Android</a>", "id": 923725041036136448, "coordinates": null, "is_quote_status": false}, "friends_count": 37, "favourites_count": 20, "profile_sidebar_fill_color": "DDEEF6", "screen_name": "wales4me", "has_extended_profile": false, "protected": false, "notifications": false, "is_translation_enabled": false, "id_str": "23783299", "profile_background_tile": false, "is_translator": false, "profile_image_url_https": "https://pbs.twimg.com/profile_images/1479734318/IMG04_normal.JPG", "profile_background_image_url": "http://abs.twimg.com/images/themes/theme1/bg.png", "verified": false, "profile_background_image_url_https": "https://abs.twimg.com/images/themes/theme1/bg.png", "profile_link_color": "1DA1F2", "default_profile": true, "profile_text_color": "333333", "profile_background_color": "C0DEED", "listed_count": 0, "statuses_count": 31, "profile_image_url": "http://pbs.twimg.com/profile_images/1479734318/IMG04_normal.JPG", "created_at": "Wed Mar 11 16:07:12 +0000 2009", "location": "Concord, California", "default_profile_image": false, "profile_use_background_image": true, "profile_sidebar_border_color": "C0DEED", "entities": {"description": {"urls": []}, "url": {"urls": [{"display_url": "twitter.com/wales4me", "indices": [0, 22], "expanded_url": "https://twitter.com/wales4me", "url": "http://t.co/MBuagCc1vd"}]}}, "contributors_enabled": false, "geo_enabled": false, "url": "http://t.co/MBuagCc1vd", "time_zone": "Pacific Time (US & Canada)", "lang": "en", "id": 23783299, "utc_offset": -28800, "following": false}
2017-11-12T16:00:05.323165	{"default_profile": true, "status": {"in_reply_to_screen_name": "frostycamel", "lang": "en", "in_reply_to_user_id_str": "905095603297943554", "created_at": "Fri Oct 27 01:36:26 +0000 2017", "retweet_count": 0, "is_quote_status": false, "coordinates": null, "retweeted": false, "source": "<a href=\"http://twitter.com/download/android\" rel=\"nofollow\">Twitter for Android</a>", "in_reply_to_status_id_str": "923181896858824705", "id": 923725041036136448, "truncated": false, "entities": {"hashtags": [], "urls": [], "user_mentions": [{"id": 905095603297943554, "id_str": "905095603297943554", "name": "Andy", "screen_name": "frostycamel", "indices": [0, 12]}, {"id": 3580248555, "id_str": "3580248555", "name": "Trumpism\u2122", "screen_name": "Team_Trump45", "indices": [13, 26]}, {"id": 25073877, "id_str": "25073877", "name": "Donald J. Trump", "screen_name": "realDonaldTrump", "indices": [27, 43]}], "symbols": []}, "in_reply_to_status_id": 923181896858824705, "in_reply_to_user_id": 905095603297943554, "geo": null, "favorite_count": 0, "favorited": false, "id_str": "923725041036136448", "text": "@frostycamel @Team_Trump45 @realDonaldTrump Details.", "contributors": null, "place": null}, "name": "Don", "profile_text_color": "333333", "screen_name": "wales4me", "listed_count": 0, "profile_background_image_url": "http://abs.twimg.com/images/themes/theme1/bg.png", "favourites_count": 20, "is_translation_enabled": false, "has_extended_profile": false, "profile_background_color": "C0DEED", "friends_count": 37, "utc_offset": -28800, "profile_sidebar_border_color": "C0DEED", "translator_type": "none", "statuses_count": 31, "following": false, "created_at": "Wed Mar 11 16:07:12 +0000 2009", "protected": false, "profile_sidebar_fill_color": "DDEEF6", "profile_image_url": "http://pbs.twimg.com/profile_images/1479734318/IMG04_normal.JPG", "profile_background_image_url_https": "https://abs.twimg.com/images/themes/theme1/bg.png", "followers_count": 1, "geo_enabled": false, "location": "Concord, California", "verified": false, "profile_link_color": "1DA1F2", "id": 23783299, "is_translator": false, "entities": {"description": {"urls": []}, "url": {"urls": [{"expanded_url": "https://twitter.com/wales4me", "display_url": "twitter.com/wales4me", "indices": [0, 22], "url": "http://t.co/MBuagCc1vd"}]}}, "default_profile_image": false, "follow_request_sent": false, "description": "Enjoying retirement", "lang": "en", "notifications": false, "profile_background_tile": false, "profile_use_background_image": true, "profile_image_url_https": "https://pbs.twimg.com/profile_images/1479734318/IMG04_normal.JPG", "id_str": "23783299", "contributors_enabled": false, "time_zone": "Pacific Time (US & Canada)", "url": "http://t.co/MBuagCc1vd"}
2017-11-12T17:00:05.779240	{"profile_background_tile": false, "profile_image_url": "http://pbs.twimg.com/profile_images/1479734318/IMG04_normal.JPG", "screen_name": "wales4me", "default_profile": true, "geo_enabled": false, "followers_count": 1, "contributors_enabled": false, "follow_request_sent": false, "utc_offset": -28800, "listed_count": 0, "created_at": "Wed Mar 11 16:07:12 +0000 2009", "profile_background_color": "C0DEED", "translator_type": "none", "time_zone": "Pacific Time (US & Canada)", "favourites_count": 20, "is_translator": false, "name": "Don", "lang": "en", "entities": {"url": {"urls": [{"indices": [0, 22], "display_url": "twitter.com/wales4me", "url": "http://t.co/MBuagCc1vd", "expanded_url": "https://twitter.com/wales4me"}]}, "description": {"urls": []}}, "profile_background_image_url_https": "https://abs.twimg.com/images/themes/theme1/bg.png", "statuses_count": 31, "status": {"entities": {"hashtags": [], "symbols": [], "urls": [], "user_mentions": [{"id": 905095603297943554, "screen_name": "frostycamel", "name": "Andy", "indices": [0, 12], "id_str": "905095603297943554"}, {"id": 3580248555, "screen_name": "Team_Trump45", "name": "Trumpism\u2122", "indices": [13, 26], "id_str": "3580248555"}, {"id": 25073877, "screen_name": "realDonaldTrump", "name": "Donald J. Trump", "indices": [27, 43], "id_str": "25073877"}]}, "favorite_count": 0, "is_quote_status": false, "text": "@frostycamel @Team_Trump45 @realDonaldTrump Details.", "place": null, "truncated": false, "in_reply_to_user_id": 905095603297943554, "in_reply_to_status_id_str": "923181896858824705", "id": 923725041036136448, "retweeted": false, "in_reply_to_user_id_str": "905095603297943554", "lang": "en", "in_reply_to_screen_name": "frostycamel", "coordinates": null, "source": "<a href=\"http://twitter.com/download/android\" rel=\"nofollow\">Twitter for Android</a>", "retweet_count": 0, "id_str": "923725041036136448", "created_at": "Fri Oct 27 01:36:26 +0000 2017", "geo": null, "in_reply_to_status_id": 923181896858824705, "favorited": false, "contributors": null}, "profile_use_background_image": true, "profile_sidebar_fill_color": "DDEEF6", "notifications": false, "id_str": "23783299", "profile_background_image_url": "http://abs.twimg.com/images/themes/theme1/bg.png", "profile_link_color": "1DA1F2", "profile_text_color": "333333", "has_extended_profile": false, "description": "Enjoying retirement", "id": 23783299, "verified": false, "url": "http://t.co/MBuagCc1vd", "is_translation_enabled": false, "protected": false, "location": "Concord, California", "friends_count": 37, "profile_image_url_https": "https://pbs.twimg.com/profile_images/1479734318/IMG04_normal.JPG", "profile_sidebar_border_color": "C0DEED", "following": false, "default_profile_image": false}
2017-11-12T18:00:04.848923	{"friends_count": 37, "profile_image_url": "http://pbs.twimg.com/profile_images/1479734318/IMG04_normal.JPG", "profile_background_image_url_https": "https://abs.twimg.com/images/themes/theme1/bg.png", "notifications": false, "translator_type": "none", "status": {"in_reply_to_user_id_str": "905095603297943554", "is_quote_status": false, "in_reply_to_status_id_str": "923181896858824705", "lang": "en", "retweeted": false, "coordinates": null, "created_at": "Fri Oct 27 01:36:26 +0000 2017", "id": 923725041036136448, "retweet_count": 0, "favorite_count": 0, "contributors": null, "source": "<a href=\"http://twitter.com/download/android\" rel=\"nofollow\">Twitter for Android</a>", "in_reply_to_screen_name": "frostycamel", "entities": {"symbols": [], "user_mentions": [{"id": 905095603297943554, "id_str": "905095603297943554", "indices": [0, 12], "name": "Andy", "screen_name": "frostycamel"}, {"id": 3580248555, "id_str": "3580248555", "indices": [13, 26], "name": "Trumpism\u2122", "screen_name": "Team_Trump45"}, {"id": 25073877, "id_str": "25073877", "indices": [27, 43], "name": "Donald J. Trump", "screen_name": "realDonaldTrump"}], "urls": [], "hashtags": []}, "place": null, "truncated": false, "geo": null, "in_reply_to_user_id": 905095603297943554, "in_reply_to_status_id": 923181896858824705, "text": "@frostycamel @Team_Trump45 @realDonaldTrump Details.", "favorited": false, "id_str": "923725041036136448"}, "lang": "en", "default_profile": true, "created_at": "Wed Mar 11 16:07:12 +0000 2009", "profile_background_image_url": "http://abs.twimg.com/images/themes/theme1/bg.png", "time_zone": "Pacific Time (US & Canada)", "followers_count": 1, "id": 23783299, "has_extended_profile": false, "favourites_count": 20, "listed_count": 0, "statuses_count": 31, "description": "Enjoying retirement", "profile_background_tile": false, "location": "Concord, California", "verified": false, "profile_link_color": "1DA1F2", "entities": {"url": {"urls": [{"expanded_url": "https://twitter.com/wales4me", "display_url": "twitter.com/wales4me", "url": "http://t.co/MBuagCc1vd", "indices": [0, 22]}]}, "description": {"urls": []}}, "default_profile_image": false, "screen_name": "wales4me", "profile_sidebar_border_color": "C0DEED", "geo_enabled": false, "protected": false, "profile_background_color": "C0DEED", "profile_use_background_image": true, "profile_text_color": "333333", "url": "http://t.co/MBuagCc1vd", "is_translator": false, "is_translation_enabled": false, "following": false, "utc_offset": -28800, "follow_request_sent": false, "profile_sidebar_fill_color": "DDEEF6", "profile_image_url_https": "https://pbs.twimg.com/profile_images/1479734318/IMG04_normal.JPG", "contributors_enabled": false, "name": "Don", "id_str": "23783299"}
2017-11-12T19:00:05.363315	{"id": 23783299, "geo_enabled": false, "friends_count": 37, "statuses_count": 31, "follow_request_sent": false, "profile_background_color": "C0DEED", "profile_image_url": "http://pbs.twimg.com/profile_images/1479734318/IMG04_normal.JPG", "location": "Concord, California", "notifications": false, "status": {"id": 923725041036136448, "in_reply_to_user_id_str": "905095603297943554", "text": "@frostycamel @Team_Trump45 @realDonaldTrump Details.", "favorited": false, "in_reply_to_user_id": 905095603297943554, "in_reply_to_screen_name": "frostycamel", "lang": "en", "truncated": false, "retweet_count": 0, "retweeted": false, "geo": null, "source": "<a href=\"http://twitter.com/download/android\" rel=\"nofollow\">Twitter for Android</a>", "created_at": "Fri Oct 27 01:36:26 +0000 2017", "place": null, "coordinates": null, "in_reply_to_status_id": 923181896858824705, "contributors": null, "in_reply_to_status_id_str": "923181896858824705", "favorite_count": 0, "entities": {"urls": [], "user_mentions": [{"id": 905095603297943554, "indices": [0, 12], "name": "Andy", "screen_name": "frostycamel", "id_str": "905095603297943554"}, {"id": 3580248555, "indices": [13, 26], "name": "Trumpism\u2122", "screen_name": "Team_Trump45", "id_str": "3580248555"}, {"id": 25073877, "indices": [27, 43], "name": "Donald J. Trump", "screen_name": "realDonaldTrump", "id_str": "25073877"}], "hashtags": [], "symbols": []}, "id_str": "923725041036136448", "is_quote_status": false}, "favourites_count": 20, "is_translation_enabled": false, "protected": false, "profile_image_url_https": "https://pbs.twimg.com/profile_images/1479734318/IMG04_normal.JPG", "listed_count": 0, "following": false, "default_profile_image": false, "lang": "en", "profile_link_color": "1DA1F2", "profile_text_color": "333333", "profile_sidebar_fill_color": "DDEEF6", "verified": false, "name": "Don", "url": "http://t.co/MBuagCc1vd", "profile_sidebar_border_color": "C0DEED", "has_extended_profile": false, "followers_count": 1, "created_at": "Wed Mar 11 16:07:12 +0000 2009", "description": "Enjoying retirement", "is_translator": false, "id_str": "23783299", "profile_background_image_url_https": "https://abs.twimg.com/images/themes/theme1/bg.png", "default_profile": true, "time_zone": "Pacific Time (US & Canada)", "contributors_enabled": false, "profile_background_tile": false, "profile_background_image_url": "http://abs.twimg.com/images/themes/theme1/bg.png", "profile_use_background_image": true, "utc_offset": -28800, "entities": {"url": {"urls": [{"expanded_url": "https://twitter.com/wales4me", "indices": [0, 22], "url": "http://t.co/MBuagCc1vd", "display_url": "twitter.com/wales4me"}]}, "description": {"urls": []}}, "screen_name": "wales4me", "translator_type": "none"}
2017-11-12T20:00:05.066078	{"favourites_count": 20, "notifications": false, "verified": false, "utc_offset": -28800, "geo_enabled": false, "description": "Enjoying retirement", "default_profile_image": false, "profile_image_url_https": "https://pbs.twimg.com/profile_images/1479734318/IMG04_normal.JPG", "follow_request_sent": false, "profile_text_color": "333333", "has_extended_profile": false, "entities": {"description": {"urls": []}, "url": {"urls": [{"display_url": "twitter.com/wales4me", "expanded_url": "https://twitter.com/wales4me", "indices": [0, 22], "url": "http://t.co/MBuagCc1vd"}]}}, "lang": "en", "default_profile": true, "followers_count": 1, "contributors_enabled": false, "profile_sidebar_fill_color": "DDEEF6", "id_str": "23783299", "location": "Concord, California", "listed_count": 0, "profile_sidebar_border_color": "C0DEED", "profile_background_color": "C0DEED", "name": "Don", "screen_name": "wales4me", "url": "http://t.co/MBuagCc1vd", "status": {"truncated": false, "retweeted": false, "id": 923725041036136448, "place": null, "source": "<a href=\"http://twitter.com/download/android\" rel=\"nofollow\">Twitter for Android</a>", "lang": "en", "contributors": null, "favorited": false, "id_str": "923725041036136448", "is_quote_status": false, "in_reply_to_status_id": 923181896858824705, "in_reply_to_status_id_str": "923181896858824705", "coordinates": null, "entities": {"symbols": [], "urls": [], "hashtags": [], "user_mentions": [{"name": "Andy", "screen_name": "frostycamel", "id": 905095603297943554, "id_str": "905095603297943554", "indices": [0, 12]}, {"name": "Trumpism\u2122", "screen_name": "Team_Trump45", "id": 3580248555, "id_str": "3580248555", "indices": [13, 26]}, {"name": "Donald J. Trump", "screen_name": "realDonaldTrump", "id": 25073877, "id_str": "25073877", "indices": [27, 43]}]}, "text": "@frostycamel @Team_Trump45 @realDonaldTrump Details.", "retweet_count": 0, "created_at": "Fri Oct 27 01:36:26 +0000 2017", "in_reply_to_user_id_str": "905095603297943554", "geo": null, "in_reply_to_user_id": 905095603297943554, "in_reply_to_screen_name": "frostycamel", "favorite_count": 0}, "profile_use_background_image": true, "is_translator": false, "profile_background_tile": false, "created_at": "Wed Mar 11 16:07:12 +0000 2009", "profile_background_image_url_https": "https://abs.twimg.com/images/themes/theme1/bg.png", "following": false, "friends_count": 37, "is_translation_enabled": false, "time_zone": "Pacific Time (US & Canada)", "profile_link_color": "1DA1F2", "profile_background_image_url": "http://abs.twimg.com/images/themes/theme1/bg.png", "profile_image_url": "http://pbs.twimg.com/profile_images/1479734318/IMG04_normal.JPG", "translator_type": "none", "id": 23783299, "protected": false, "statuses_count": 31}
2017-11-12T21:00:05.568601	{"contributors_enabled": false, "translator_type": "none", "url": "http://t.co/MBuagCc1vd", "friends_count": 37, "status": {"contributors": null, "in_reply_to_screen_name": "frostycamel", "id": 923725041036136448, "place": null, "is_quote_status": false, "created_at": "Fri Oct 27 01:36:26 +0000 2017", "in_reply_to_status_id": 923181896858824705, "in_reply_to_user_id_str": "905095603297943554", "lang": "en", "id_str": "923725041036136448", "entities": {"user_mentions": [{"name": "Andy", "indices": [0, 12], "id": 905095603297943554, "screen_name": "frostycamel", "id_str": "905095603297943554"}, {"name": "Trumpism\u2122", "indices": [13, 26], "id": 3580248555, "screen_name": "Team_Trump45", "id_str": "3580248555"}, {"name": "Donald J. Trump", "indices": [27, 43], "id": 25073877, "screen_name": "realDonaldTrump", "id_str": "25073877"}], "symbols": [], "hashtags": [], "urls": []}, "in_reply_to_user_id": 905095603297943554, "source": "<a href=\"http://twitter.com/download/android\" rel=\"nofollow\">Twitter for Android</a>", "truncated": false, "favorite_count": 0, "coordinates": null, "text": "@frostycamel @Team_Trump45 @realDonaldTrump Details.", "retweeted": false, "retweet_count": 0, "in_reply_to_status_id_str": "923181896858824705", "favorited": false, "geo": null}, "followers_count": 1, "default_profile_image": false, "profile_background_tile": false, "id": 23783299, "lang": "en", "location": "Concord, California", "created_at": "Wed Mar 11 16:07:12 +0000 2009", "profile_image_url_https": "https://pbs.twimg.com/profile_images/1479734318/IMG04_normal.JPG", "profile_sidebar_border_color": "C0DEED", "profile_background_image_url": "http://abs.twimg.com/images/themes/theme1/bg.png", "profile_background_image_url_https": "https://abs.twimg.com/images/themes/theme1/bg.png", "utc_offset": -28800, "profile_use_background_image": true, "screen_name": "wales4me", "profile_background_color": "C0DEED", "id_str": "23783299", "entities": {"url": {"urls": [{"indices": [0, 22], "expanded_url": "https://twitter.com/wales4me", "url": "http://t.co/MBuagCc1vd", "display_url": "twitter.com/wales4me"}]}, "description": {"urls": []}}, "profile_image_url": "http://pbs.twimg.com/profile_images/1479734318/IMG04_normal.JPG", "profile_sidebar_fill_color": "DDEEF6", "following": false, "favourites_count": 20, "notifications": false, "verified": false, "listed_count": 0, "geo_enabled": false, "statuses_count": 31, "has_extended_profile": false, "protected": false, "profile_link_color": "1DA1F2", "follow_request_sent": false, "is_translation_enabled": false, "description": "Enjoying retirement", "default_profile": true, "name": "Don", "profile_text_color": "333333", "time_zone": "Pacific Time (US & Canada)", "is_translator": false}
2017-11-12T22:00:04.646762	{"location": "Concord, California", "screen_name": "wales4me", "url": "http://t.co/MBuagCc1vd", "time_zone": "Pacific Time (US & Canada)", "is_translator": false, "id": 23783299, "profile_background_color": "C0DEED", "profile_text_color": "333333", "lang": "en", "friends_count": 37, "favourites_count": 20, "protected": false, "contributors_enabled": false, "default_profile": true, "translator_type": "none", "profile_background_image_url": "http://abs.twimg.com/images/themes/theme1/bg.png", "geo_enabled": false, "is_translation_enabled": false, "profile_link_color": "1DA1F2", "utc_offset": -28800, "default_profile_image": false, "listed_count": 0, "profile_image_url": "http://pbs.twimg.com/profile_images/1479734318/IMG04_normal.JPG", "profile_image_url_https": "https://pbs.twimg.com/profile_images/1479734318/IMG04_normal.JPG", "profile_sidebar_border_color": "C0DEED", "id_str": "23783299", "follow_request_sent": false, "name": "Don", "description": "Enjoying retirement", "has_extended_profile": false, "followers_count": 1, "profile_background_image_url_https": "https://abs.twimg.com/images/themes/theme1/bg.png", "verified": false, "statuses_count": 31, "following": false, "entities": {"description": {"urls": []}, "url": {"urls": [{"expanded_url": "https://twitter.com/wales4me", "url": "http://t.co/MBuagCc1vd", "indices": [0, 22], "display_url": "twitter.com/wales4me"}]}}, "status": {"lang": "en", "retweeted": false, "geo": null, "id": 923725041036136448, "place": null, "coordinates": null, "favorited": false, "contributors": null, "in_reply_to_status_id": 923181896858824705, "in_reply_to_user_id_str": "905095603297943554", "in_reply_to_status_id_str": "923181896858824705", "truncated": false, "in_reply_to_screen_name": "frostycamel", "favorite_count": 0, "id_str": "923725041036136448", "text": "@frostycamel @Team_Trump45 @realDonaldTrump Details.", "retweet_count": 0, "in_reply_to_user_id": 905095603297943554, "entities": {"urls": [], "symbols": [], "hashtags": [], "user_mentions": [{"id": 905095603297943554, "screen_name": "frostycamel", "name": "Andy", "indices": [0, 12], "id_str": "905095603297943554"}, {"id": 3580248555, "screen_name": "Team_Trump45", "name": "Trumpism\u2122", "indices": [13, 26], "id_str": "3580248555"}, {"id": 25073877, "screen_name": "realDonaldTrump", "name": "Donald J. Trump", "indices": [27, 43], "id_str": "25073877"}]}, "created_at": "Fri Oct 27 01:36:26 +0000 2017", "source": "<a href=\"http://twitter.com/download/android\" rel=\"nofollow\">Twitter for Android</a>", "is_quote_status": false}, "profile_use_background_image": true, "created_at": "Wed Mar 11 16:07:12 +0000 2009", "notifications": false, "profile_sidebar_fill_color": "DDEEF6", "profile_background_tile": false}
2017-11-12T23:00:05.092238	{"time_zone": "Pacific Time (US & Canada)", "profile_link_color": "1DA1F2", "profile_image_url": "http://pbs.twimg.com/profile_images/1479734318/IMG04_normal.JPG", "name": "Don", "lang": "en", "geo_enabled": false, "contributors_enabled": false, "id": 23783299, "profile_sidebar_fill_color": "DDEEF6", "profile_sidebar_border_color": "C0DEED", "is_translation_enabled": false, "profile_background_image_url": "http://abs.twimg.com/images/themes/theme1/bg.png", "notifications": false, "created_at": "Wed Mar 11 16:07:12 +0000 2009", "listed_count": 0, "protected": false, "following": false, "friends_count": 37, "statuses_count": 31, "profile_background_color": "C0DEED", "screen_name": "wales4me", "profile_use_background_image": true, "translator_type": "none", "utc_offset": -28800, "profile_background_tile": false, "verified": false, "profile_text_color": "333333", "default_profile": true, "id_str": "23783299", "favourites_count": 20, "followers_count": 1, "profile_image_url_https": "https://pbs.twimg.com/profile_images/1479734318/IMG04_normal.JPG", "has_extended_profile": false, "description": "Enjoying retirement", "default_profile_image": false, "location": "Concord, California", "status": {"text": "@frostycamel @Team_Trump45 @realDonaldTrump Details.", "in_reply_to_screen_name": "frostycamel", "lang": "en", "in_reply_to_status_id_str": "923181896858824705", "id": 923725041036136448, "contributors": null, "in_reply_to_user_id": 905095603297943554, "created_at": "Fri Oct 27 01:36:26 +0000 2017", "in_reply_to_status_id": 923181896858824705, "favorite_count": 0, "is_quote_status": false, "retweet_count": 0, "favorited": false, "in_reply_to_user_id_str": "905095603297943554", "coordinates": null, "geo": null, "id_str": "923725041036136448", "source": "<a href=\"http://twitter.com/download/android\" rel=\"nofollow\">Twitter for Android</a>", "truncated": false, "entities": {"hashtags": [], "symbols": [], "user_mentions": [{"id": 905095603297943554, "name": "Andy", "indices": [0, 12], "screen_name": "frostycamel", "id_str": "905095603297943554"}, {"id": 3580248555, "name": "Trumpism\u2122", "indices": [13, 26], "screen_name": "Team_Trump45", "id_str": "3580248555"}, {"id": 25073877, "name": "Donald J. Trump", "indices": [27, 43], "screen_name": "realDonaldTrump", "id_str": "25073877"}], "urls": []}, "retweeted": false, "place": null}, "entities": {"description": {"urls": []}, "url": {"urls": [{"display_url": "twitter.com/wales4me", "indices": [0, 22], "url": "http://t.co/MBuagCc1vd", "expanded_url": "https://twitter.com/wales4me"}]}}, "is_translator": false, "follow_request_sent": false, "url": "http://t.co/MBuagCc1vd", "profile_background_image_url_https": "https://abs.twimg.com/images/themes/theme1/bg.png"}
2017-11-13T00:00:05.369866	{"has_extended_profile": false, "url": "http://t.co/MBuagCc1vd", "listed_count": 0, "profile_image_url": "http://pbs.twimg.com/profile_images/1479734318/IMG04_normal.JPG", "friends_count": 37, "following": false, "profile_link_color": "1DA1F2", "time_zone": "Pacific Time (US & Canada)", "profile_background_color": "C0DEED", "verified": false, "default_profile_image": false, "contributors_enabled": false, "entities": {"description": {"urls": []}, "url": {"urls": [{"indices": [0, 22], "url": "http://t.co/MBuagCc1vd", "expanded_url": "https://twitter.com/wales4me", "display_url": "twitter.com/wales4me"}]}}, "profile_background_tile": false, "protected": false, "description": "Enjoying retirement", "profile_use_background_image": true, "profile_background_image_url": "http://abs.twimg.com/images/themes/theme1/bg.png", "lang": "en", "is_translation_enabled": false, "status": {"in_reply_to_status_id_str": "923181896858824705", "created_at": "Fri Oct 27 01:36:26 +0000 2017", "contributors": null, "in_reply_to_user_id": 905095603297943554, "place": null, "retweet_count": 0, "in_reply_to_user_id_str": "905095603297943554", "entities": {"hashtags": [], "user_mentions": [{"id": 905095603297943554, "name": "Andy", "id_str": "905095603297943554", "indices": [0, 12], "screen_name": "frostycamel"}, {"id": 3580248555, "name": "Trumpism\u2122", "id_str": "3580248555", "indices": [13, 26], "screen_name": "Team_Trump45"}, {"id": 25073877, "name": "Donald J. Trump", "id_str": "25073877", "indices": [27, 43], "screen_name": "realDonaldTrump"}], "urls": [], "symbols": []}, "in_reply_to_status_id": 923181896858824705, "truncated": false, "retweeted": false, "coordinates": null, "text": "@frostycamel @Team_Trump45 @realDonaldTrump Details.", "favorite_count": 0, "is_quote_status": false, "geo": null, "id": 923725041036136448, "in_reply_to_screen_name": "frostycamel", "id_str": "923725041036136448", "favorited": false, "lang": "en", "source": "<a href=\"http://twitter.com/download/android\" rel=\"nofollow\">Twitter for Android</a>"}, "created_at": "Wed Mar 11 16:07:12 +0000 2009", "profile_background_image_url_https": "https://abs.twimg.com/images/themes/theme1/bg.png", "profile_sidebar_border_color": "C0DEED", "profile_image_url_https": "https://pbs.twimg.com/profile_images/1479734318/IMG04_normal.JPG", "default_profile": true, "favourites_count": 20, "statuses_count": 31, "location": "Concord, California", "notifications": false, "follow_request_sent": false, "is_translator": false, "id": 23783299, "utc_offset": -28800, "geo_enabled": false, "screen_name": "wales4me", "profile_sidebar_fill_color": "DDEEF6", "id_str": "23783299", "translator_type": "none", "name": "Don", "followers_count": 1, "profile_text_color": "333333"}
2017-11-13T01:00:04.527517	{"profile_image_url_https": "https://pbs.twimg.com/profile_images/1479734318/IMG04_normal.JPG", "profile_sidebar_border_color": "C0DEED", "name": "Don", "id": 23783299, "created_at": "Wed Mar 11 16:07:12 +0000 2009", "favourites_count": 20, "utc_offset": -28800, "notifications": false, "status": {"text": "@frostycamel @Team_Trump45 @realDonaldTrump Details.", "id": 923725041036136448, "created_at": "Fri Oct 27 01:36:26 +0000 2017", "lang": "en", "in_reply_to_status_id": 923181896858824705, "in_reply_to_user_id": 905095603297943554, "geo": null, "in_reply_to_screen_name": "frostycamel", "is_quote_status": false, "contributors": null, "coordinates": null, "favorite_count": 0, "retweet_count": 0, "retweeted": false, "in_reply_to_user_id_str": "905095603297943554", "truncated": false, "id_str": "923725041036136448", "in_reply_to_status_id_str": "923181896858824705", "favorited": false, "place": null, "entities": {"hashtags": [], "symbols": [], "urls": [], "user_mentions": [{"indices": [0, 12], "name": "Andy", "id": 905095603297943554, "screen_name": "frostycamel", "id_str": "905095603297943554"}, {"indices": [13, 26], "name": "Trumpism\u2122", "id": 3580248555, "screen_name": "Team_Trump45", "id_str": "3580248555"}, {"indices": [27, 43], "name": "Donald J. Trump", "id": 25073877, "screen_name": "realDonaldTrump", "id_str": "25073877"}]}, "source": "<a href=\"http://twitter.com/download/android\" rel=\"nofollow\">Twitter for Android</a>"}, "description": "Enjoying retirement", "protected": false, "follow_request_sent": false, "location": "Concord, California", "verified": false, "following": false, "profile_background_image_url_https": "https://abs.twimg.com/images/themes/theme1/bg.png", "time_zone": "Pacific Time (US & Canada)", "profile_background_tile": false, "has_extended_profile": false, "profile_image_url": "http://pbs.twimg.com/profile_images/1479734318/IMG04_normal.JPG", "is_translator": false, "profile_background_color": "C0DEED", "followers_count": 1, "friends_count": 37, "profile_text_color": "333333", "translator_type": "none", "screen_name": "wales4me", "contributors_enabled": false, "profile_background_image_url": "http://abs.twimg.com/images/themes/theme1/bg.png", "id_str": "23783299", "default_profile_image": false, "lang": "en", "is_translation_enabled": false, "profile_use_background_image": true, "statuses_count": 31, "entities": {"description": {"urls": []}, "url": {"urls": [{"display_url": "twitter.com/wales4me", "indices": [0, 22], "expanded_url": "https://twitter.com/wales4me", "url": "http://t.co/MBuagCc1vd"}]}}, "profile_link_color": "1DA1F2", "geo_enabled": false, "default_profile": true, "listed_count": 0, "profile_sidebar_fill_color": "DDEEF6", "url": "http://t.co/MBuagCc1vd"}
2017-11-13T02:00:04.967102	{"friends_count": 37, "statuses_count": 31, "default_profile_image": false, "created_at": "Wed Mar 11 16:07:12 +0000 2009", "profile_text_color": "333333", "notifications": false, "profile_image_url_https": "https://pbs.twimg.com/profile_images/1479734318/IMG04_normal.JPG", "status": {"is_quote_status": false, "created_at": "Fri Oct 27 01:36:26 +0000 2017", "favorited": false, "in_reply_to_user_id": 905095603297943554, "id_str": "923725041036136448", "id": 923725041036136448, "retweeted": false, "in_reply_to_status_id": 923181896858824705, "retweet_count": 0, "truncated": false, "place": null, "coordinates": null, "contributors": null, "favorite_count": 0, "geo": null, "entities": {"symbols": [], "user_mentions": [{"name": "Andy", "id": 905095603297943554, "screen_name": "frostycamel", "indices": [0, 12], "id_str": "905095603297943554"}, {"name": "Trumpism\u2122", "id": 3580248555, "screen_name": "Team_Trump45", "indices": [13, 26], "id_str": "3580248555"}, {"name": "Donald J. Trump", "id": 25073877, "screen_name": "realDonaldTrump", "indices": [27, 43], "id_str": "25073877"}], "hashtags": [], "urls": []}, "in_reply_to_screen_name": "frostycamel", "lang": "en", "source": "<a href=\"http://twitter.com/download/android\" rel=\"nofollow\">Twitter for Android</a>", "in_reply_to_user_id_str": "905095603297943554", "in_reply_to_status_id_str": "923181896858824705", "text": "@frostycamel @Team_Trump45 @realDonaldTrump Details."}, "verified": false, "url": "http://t.co/MBuagCc1vd", "profile_background_tile": false, "id_str": "23783299", "location": "Concord, California", "default_profile": true, "id": 23783299, "profile_image_url": "http://pbs.twimg.com/profile_images/1479734318/IMG04_normal.JPG", "contributors_enabled": false, "time_zone": "Pacific Time (US & Canada)", "profile_sidebar_fill_color": "DDEEF6", "geo_enabled": false, "translator_type": "none", "is_translator": false, "profile_background_image_url": "http://abs.twimg.com/images/themes/theme1/bg.png", "description": "Enjoying retirement", "profile_background_color": "C0DEED", "following": false, "profile_sidebar_border_color": "C0DEED", "profile_background_image_url_https": "https://abs.twimg.com/images/themes/theme1/bg.png", "follow_request_sent": false, "name": "Don", "favourites_count": 20, "protected": false, "profile_link_color": "1DA1F2", "is_translation_enabled": false, "utc_offset": -28800, "listed_count": 0, "profile_use_background_image": true, "lang": "en", "screen_name": "wales4me", "followers_count": 1, "entities": {"description": {"urls": []}, "url": {"urls": [{"expanded_url": "https://twitter.com/wales4me", "url": "http://t.co/MBuagCc1vd", "display_url": "twitter.com/wales4me", "indices": [0, 22]}]}}, "has_extended_profile": false}
2017-11-13T03:00:05.223491	{"status": {"lang": "en", "coordinates": null, "in_reply_to_status_id_str": "923181896858824705", "created_at": "Fri Oct 27 01:36:26 +0000 2017", "id": 923725041036136448, "source": "<a href=\"http://twitter.com/download/android\" rel=\"nofollow\">Twitter for Android</a>", "in_reply_to_user_id": 905095603297943554, "contributors": null, "retweet_count": 0, "favorited": false, "retweeted": false, "truncated": false, "in_reply_to_user_id_str": "905095603297943554", "favorite_count": 0, "place": null, "in_reply_to_screen_name": "frostycamel", "entities": {"user_mentions": [{"indices": [0, 12], "id_str": "905095603297943554", "name": "Andy", "screen_name": "frostycamel", "id": 905095603297943554}, {"indices": [13, 26], "id_str": "3580248555", "name": "Trumpism\u2122", "screen_name": "Team_Trump45", "id": 3580248555}, {"indices": [27, 43], "id_str": "25073877", "name": "Donald J. Trump", "screen_name": "realDonaldTrump", "id": 25073877}], "hashtags": [], "urls": [], "symbols": []}, "in_reply_to_status_id": 923181896858824705, "is_quote_status": false, "text": "@frostycamel @Team_Trump45 @realDonaldTrump Details.", "geo": null, "id_str": "923725041036136448"}, "lang": "en", "verified": false, "location": "Concord, California", "name": "Don", "profile_sidebar_fill_color": "DDEEF6", "follow_request_sent": false, "created_at": "Wed Mar 11 16:07:12 +0000 2009", "profile_text_color": "333333", "contributors_enabled": false, "id": 23783299, "profile_background_color": "C0DEED", "following": false, "profile_background_image_url_https": "https://abs.twimg.com/images/themes/theme1/bg.png", "profile_image_url": "http://pbs.twimg.com/profile_images/1479734318/IMG04_normal.JPG", "is_translation_enabled": false, "profile_use_background_image": true, "screen_name": "wales4me", "profile_background_image_url": "http://abs.twimg.com/images/themes/theme1/bg.png", "entities": {"url": {"urls": [{"expanded_url": "https://twitter.com/wales4me", "url": "http://t.co/MBuagCc1vd", "indices": [0, 22], "display_url": "twitter.com/wales4me"}]}, "description": {"urls": []}}, "protected": false, "listed_count": 0, "description": "Enjoying retirement", "friends_count": 37, "url": "http://t.co/MBuagCc1vd", "geo_enabled": false, "favourites_count": 20, "profile_link_color": "1DA1F2", "statuses_count": 31, "followers_count": 1, "profile_image_url_https": "https://pbs.twimg.com/profile_images/1479734318/IMG04_normal.JPG", "default_profile_image": false, "profile_background_tile": false, "translator_type": "none", "time_zone": "Pacific Time (US & Canada)", "is_translator": false, "profile_sidebar_border_color": "C0DEED", "notifications": false, "id_str": "23783299", "utc_offset": -28800, "default_profile": true, "has_extended_profile": false}
2017-11-13T04:00:05.200989	{"protected": false, "profile_background_tile": false, "translator_type": "none", "lang": "en", "profile_image_url_https": "https://pbs.twimg.com/profile_images/1479734318/IMG04_normal.JPG", "friends_count": 37, "profile_text_color": "333333", "is_translator": false, "default_profile_image": false, "profile_image_url": "http://pbs.twimg.com/profile_images/1479734318/IMG04_normal.JPG", "entities": {"description": {"urls": []}, "url": {"urls": [{"display_url": "twitter.com/wales4me", "expanded_url": "https://twitter.com/wales4me", "indices": [0, 22], "url": "http://t.co/MBuagCc1vd"}]}}, "profile_use_background_image": true, "profile_link_color": "1DA1F2", "is_translation_enabled": false, "following": false, "created_at": "Wed Mar 11 16:07:12 +0000 2009", "id": 23783299, "id_str": "23783299", "utc_offset": -28800, "profile_background_image_url_https": "https://abs.twimg.com/images/themes/theme1/bg.png", "description": "Enjoying retirement", "geo_enabled": false, "screen_name": "wales4me", "default_profile": true, "profile_background_image_url": "http://abs.twimg.com/images/themes/theme1/bg.png", "time_zone": "Pacific Time (US & Canada)", "location": "Concord, California", "profile_sidebar_fill_color": "DDEEF6", "profile_background_color": "C0DEED", "notifications": false, "followers_count": 1, "url": "http://t.co/MBuagCc1vd", "listed_count": 0, "statuses_count": 31, "favourites_count": 20, "verified": false, "status": {"retweeted": false, "in_reply_to_screen_name": "frostycamel", "lang": "en", "in_reply_to_user_id_str": "905095603297943554", "entities": {"user_mentions": [{"screen_name": "frostycamel", "id_str": "905095603297943554", "name": "Andy", "indices": [0, 12], "id": 905095603297943554}, {"screen_name": "Team_Trump45", "id_str": "3580248555", "name": "Trumpism\u2122", "indices": [13, 26], "id": 3580248555}, {"screen_name": "realDonaldTrump", "id_str": "25073877", "name": "Donald J. Trump", "indices": [27, 43], "id": 25073877}], "urls": [], "symbols": [], "hashtags": []}, "is_quote_status": false, "text": "@frostycamel @Team_Trump45 @realDonaldTrump Details.", "created_at": "Fri Oct 27 01:36:26 +0000 2017", "id": 923725041036136448, "id_str": "923725041036136448", "favorited": false, "contributors": null, "geo": null, "in_reply_to_status_id_str": "923181896858824705", "truncated": false, "coordinates": null, "in_reply_to_user_id": 905095603297943554, "in_reply_to_status_id": 923181896858824705, "source": "<a href=\"http://twitter.com/download/android\" rel=\"nofollow\">Twitter for Android</a>", "retweet_count": 0, "favorite_count": 0, "place": null}, "name": "Don", "has_extended_profile": false, "profile_sidebar_border_color": "C0DEED", "follow_request_sent": false, "contributors_enabled": false}
2017-11-13T05:00:05.512303	{"protected": false, "description": "Enjoying retirement", "contributors_enabled": false, "is_translation_enabled": false, "profile_background_image_url_https": "https://abs.twimg.com/images/themes/theme1/bg.png", "screen_name": "wales4me", "geo_enabled": false, "profile_text_color": "333333", "location": "Concord, California", "id_str": "23783299", "status": {"retweet_count": 0, "in_reply_to_user_id": 905095603297943554, "contributors": null, "text": "@frostycamel @Team_Trump45 @realDonaldTrump Details.", "favorite_count": 0, "id_str": "923725041036136448", "geo": null, "in_reply_to_status_id_str": "923181896858824705", "in_reply_to_status_id": 923181896858824705, "in_reply_to_user_id_str": "905095603297943554", "id": 923725041036136448, "truncated": false, "lang": "en", "created_at": "Fri Oct 27 01:36:26 +0000 2017", "retweeted": false, "favorited": false, "in_reply_to_screen_name": "frostycamel", "is_quote_status": false, "source": "<a href=\"http://twitter.com/download/android\" rel=\"nofollow\">Twitter for Android</a>", "coordinates": null, "entities": {"user_mentions": [{"indices": [0, 12], "id": 905095603297943554, "screen_name": "frostycamel", "id_str": "905095603297943554", "name": "Andy"}, {"indices": [13, 26], "id": 3580248555, "screen_name": "Team_Trump45", "id_str": "3580248555", "name": "Trumpism\u2122"}, {"indices": [27, 43], "id": 25073877, "screen_name": "realDonaldTrump", "id_str": "25073877", "name": "Donald J. Trump"}], "urls": [], "hashtags": [], "symbols": []}, "place": null}, "followers_count": 1, "utc_offset": -28800, "favourites_count": 20, "has_extended_profile": false, "verified": false, "notifications": false, "default_profile": true, "profile_background_tile": false, "profile_background_image_url": "http://abs.twimg.com/images/themes/theme1/bg.png", "default_profile_image": false, "id": 23783299, "friends_count": 37, "profile_image_url": "http://pbs.twimg.com/profile_images/1479734318/IMG04_normal.JPG", "lang": "en", "name": "Don", "created_at": "Wed Mar 11 16:07:12 +0000 2009", "translator_type": "none", "following": false, "profile_background_color": "C0DEED", "listed_count": 0, "profile_use_background_image": true, "statuses_count": 31, "url": "http://t.co/MBuagCc1vd", "is_translator": false, "profile_image_url_https": "https://pbs.twimg.com/profile_images/1479734318/IMG04_normal.JPG", "profile_link_color": "1DA1F2", "entities": {"url": {"urls": [{"url": "http://t.co/MBuagCc1vd", "indices": [0, 22], "expanded_url": "https://twitter.com/wales4me", "display_url": "twitter.com/wales4me"}]}, "description": {"urls": []}}, "time_zone": "Pacific Time (US & Canada)", "profile_sidebar_border_color": "C0DEED", "follow_request_sent": false, "profile_sidebar_fill_color": "DDEEF6"}
2017-11-13T06:00:05.487169	{"default_profile_image": false, "utc_offset": -28800, "favourites_count": 20, "location": "Concord, California", "profile_background_image_url": "http://abs.twimg.com/images/themes/theme1/bg.png", "statuses_count": 31, "translator_type": "none", "profile_image_url_https": "https://pbs.twimg.com/profile_images/1479734318/IMG04_normal.JPG", "id_str": "23783299", "friends_count": 37, "contributors_enabled": false, "followers_count": 1, "time_zone": "Pacific Time (US & Canada)", "following": false, "verified": false, "protected": false, "geo_enabled": false, "notifications": false, "profile_sidebar_border_color": "C0DEED", "is_translator": false, "screen_name": "wales4me", "profile_background_color": "C0DEED", "created_at": "Wed Mar 11 16:07:12 +0000 2009", "profile_sidebar_fill_color": "DDEEF6", "profile_background_image_url_https": "https://abs.twimg.com/images/themes/theme1/bg.png", "profile_image_url": "http://pbs.twimg.com/profile_images/1479734318/IMG04_normal.JPG", "listed_count": 0, "id": 23783299, "follow_request_sent": false, "status": {"place": null, "source": "<a href=\"http://twitter.com/download/android\" rel=\"nofollow\">Twitter for Android</a>", "id_str": "923725041036136448", "in_reply_to_status_id_str": "923181896858824705", "retweeted": false, "in_reply_to_user_id": 905095603297943554, "in_reply_to_status_id": 923181896858824705, "truncated": false, "favorited": false, "favorite_count": 0, "in_reply_to_user_id_str": "905095603297943554", "coordinates": null, "in_reply_to_screen_name": "frostycamel", "created_at": "Fri Oct 27 01:36:26 +0000 2017", "contributors": null, "id": 923725041036136448, "entities": {"hashtags": [], "user_mentions": [{"screen_name": "frostycamel", "id": 905095603297943554, "name": "Andy", "id_str": "905095603297943554", "indices": [0, 12]}, {"screen_name": "Team_Trump45", "id": 3580248555, "name": "Trumpism\u2122", "id_str": "3580248555", "indices": [13, 26]}, {"screen_name": "realDonaldTrump", "id": 25073877, "name": "Donald J. Trump", "id_str": "25073877", "indices": [27, 43]}], "symbols": [], "urls": []}, "text": "@frostycamel @Team_Trump45 @realDonaldTrump Details.", "is_quote_status": false, "geo": null, "retweet_count": 0, "lang": "en"}, "entities": {"description": {"urls": []}, "url": {"urls": [{"expanded_url": "https://twitter.com/wales4me", "display_url": "twitter.com/wales4me", "url": "http://t.co/MBuagCc1vd", "indices": [0, 22]}]}}, "profile_link_color": "1DA1F2", "name": "Don", "profile_text_color": "333333", "profile_use_background_image": true, "profile_background_tile": false, "description": "Enjoying retirement", "has_extended_profile": false, "is_translation_enabled": false, "lang": "en", "url": "http://t.co/MBuagCc1vd", "default_profile": true}
2017-11-13T07:00:05.020308	{"profile_sidebar_fill_color": "DDEEF6", "status": {"retweet_count": 0, "source": "<a href=\"http://twitter.com/download/android\" rel=\"nofollow\">Twitter for Android</a>", "in_reply_to_status_id_str": "923181896858824705", "geo": null, "in_reply_to_user_id_str": "905095603297943554", "entities": {"urls": [], "symbols": [], "user_mentions": [{"indices": [0, 12], "screen_name": "frostycamel", "id": 905095603297943554, "id_str": "905095603297943554", "name": "Andy"}, {"indices": [13, 26], "screen_name": "Team_Trump45", "id": 3580248555, "id_str": "3580248555", "name": "Trumpism\u2122"}, {"indices": [27, 43], "screen_name": "realDonaldTrump", "id": 25073877, "id_str": "25073877", "name": "Donald J. Trump"}], "hashtags": []}, "id_str": "923725041036136448", "lang": "en", "text": "@frostycamel @Team_Trump45 @realDonaldTrump Details.", "is_quote_status": false, "coordinates": null, "created_at": "Fri Oct 27 01:36:26 +0000 2017", "id": 923725041036136448, "truncated": false, "retweeted": false, "contributors": null, "favorite_count": 0, "favorited": false, "in_reply_to_status_id": 923181896858824705, "in_reply_to_user_id": 905095603297943554, "place": null, "in_reply_to_screen_name": "frostycamel"}, "listed_count": 0, "profile_background_color": "C0DEED", "profile_background_image_url": "http://abs.twimg.com/images/themes/theme1/bg.png", "notifications": false, "verified": false, "profile_use_background_image": true, "profile_image_url": "http://pbs.twimg.com/profile_images/1479734318/IMG04_normal.JPG", "following": false, "profile_image_url_https": "https://pbs.twimg.com/profile_images/1479734318/IMG04_normal.JPG", "is_translator": false, "location": "Concord, California", "url": "http://t.co/MBuagCc1vd", "profile_background_tile": false, "friends_count": 37, "id_str": "23783299", "lang": "en", "default_profile_image": false, "follow_request_sent": false, "followers_count": 1, "description": "Enjoying retirement", "utc_offset": -28800, "is_translation_enabled": false, "translator_type": "none", "profile_sidebar_border_color": "C0DEED", "screen_name": "wales4me", "has_extended_profile": false, "favourites_count": 20, "statuses_count": 31, "created_at": "Wed Mar 11 16:07:12 +0000 2009", "profile_link_color": "1DA1F2", "id": 23783299, "entities": {"url": {"urls": [{"display_url": "twitter.com/wales4me", "url": "http://t.co/MBuagCc1vd", "expanded_url": "https://twitter.com/wales4me", "indices": [0, 22]}]}, "description": {"urls": []}}, "time_zone": "Pacific Time (US & Canada)", "geo_enabled": false, "contributors_enabled": false, "name": "Don", "protected": false, "profile_text_color": "333333", "default_profile": true, "profile_background_image_url_https": "https://abs.twimg.com/images/themes/theme1/bg.png"}
2017-11-13T08:00:05.068017	{"id_str": "23783299", "name": "Don", "translator_type": "none", "follow_request_sent": false, "notifications": false, "profile_background_image_url": "http://abs.twimg.com/images/themes/theme1/bg.png", "time_zone": "Pacific Time (US & Canada)", "profile_use_background_image": true, "profile_background_color": "C0DEED", "location": "Concord, California", "lang": "en", "default_profile": true, "profile_sidebar_border_color": "C0DEED", "entities": {"description": {"urls": []}, "url": {"urls": [{"expanded_url": "https://twitter.com/wales4me", "indices": [0, 22], "url": "http://t.co/MBuagCc1vd", "display_url": "twitter.com/wales4me"}]}}, "profile_background_tile": false, "geo_enabled": false, "profile_background_image_url_https": "https://abs.twimg.com/images/themes/theme1/bg.png", "has_extended_profile": false, "friends_count": 37, "following": false, "protected": false, "is_translator": false, "followers_count": 1, "profile_sidebar_fill_color": "DDEEF6", "created_at": "Wed Mar 11 16:07:12 +0000 2009", "is_translation_enabled": false, "profile_link_color": "1DA1F2", "id": 23783299, "description": "Enjoying retirement", "profile_text_color": "333333", "profile_image_url_https": "https://pbs.twimg.com/profile_images/1479734318/IMG04_normal.JPG", "listed_count": 0, "profile_image_url": "http://pbs.twimg.com/profile_images/1479734318/IMG04_normal.JPG", "favourites_count": 20, "utc_offset": -28800, "contributors_enabled": false, "statuses_count": 31, "default_profile_image": false, "status": {"id_str": "923725041036136448", "favorite_count": 0, "contributors": null, "favorited": false, "source": "<a href=\"http://twitter.com/download/android\" rel=\"nofollow\">Twitter for Android</a>", "text": "@frostycamel @Team_Trump45 @realDonaldTrump Details.", "lang": "en", "truncated": false, "in_reply_to_screen_name": "frostycamel", "in_reply_to_status_id": 923181896858824705, "coordinates": null, "geo": null, "retweeted": false, "is_quote_status": false, "created_at": "Fri Oct 27 01:36:26 +0000 2017", "id": 923725041036136448, "entities": {"hashtags": [], "symbols": [], "urls": [], "user_mentions": [{"id_str": "905095603297943554", "name": "Andy", "id": 905095603297943554, "screen_name": "frostycamel", "indices": [0, 12]}, {"id_str": "3580248555", "name": "Trumpism\u2122", "id": 3580248555, "screen_name": "Team_Trump45", "indices": [13, 26]}, {"id_str": "25073877", "name": "Donald J. Trump", "id": 25073877, "screen_name": "realDonaldTrump", "indices": [27, 43]}]}, "in_reply_to_user_id": 905095603297943554, "place": null, "retweet_count": 0, "in_reply_to_status_id_str": "923181896858824705", "in_reply_to_user_id_str": "905095603297943554"}, "verified": false, "screen_name": "wales4me", "url": "http://t.co/MBuagCc1vd"}
2017-11-13T09:00:04.876991	{"entities": {"description": {"urls": []}, "url": {"urls": [{"display_url": "twitter.com/wales4me", "expanded_url": "https://twitter.com/wales4me", "url": "http://t.co/MBuagCc1vd", "indices": [0, 22]}]}}, "screen_name": "wales4me", "description": "Enjoying retirement", "created_at": "Wed Mar 11 16:07:12 +0000 2009", "friends_count": 37, "profile_link_color": "1DA1F2", "profile_sidebar_border_color": "C0DEED", "profile_image_url_https": "https://pbs.twimg.com/profile_images/1479734318/IMG04_normal.JPG", "favourites_count": 20, "time_zone": "Pacific Time (US & Canada)", "default_profile_image": false, "profile_background_image_url": "http://abs.twimg.com/images/themes/theme1/bg.png", "listed_count": 0, "name": "Don", "lang": "en", "protected": false, "profile_background_image_url_https": "https://abs.twimg.com/images/themes/theme1/bg.png", "profile_background_color": "C0DEED", "verified": false, "follow_request_sent": false, "contributors_enabled": false, "has_extended_profile": false, "default_profile": true, "statuses_count": 31, "url": "http://t.co/MBuagCc1vd", "is_translator": false, "id_str": "23783299", "utc_offset": -28800, "location": "Concord, California", "profile_sidebar_fill_color": "DDEEF6", "geo_enabled": false, "id": 23783299, "profile_use_background_image": true, "is_translation_enabled": false, "profile_background_tile": false, "profile_text_color": "333333", "profile_image_url": "http://pbs.twimg.com/profile_images/1479734318/IMG04_normal.JPG", "status": {"entities": {"symbols": [], "urls": [], "user_mentions": [{"id_str": "905095603297943554", "screen_name": "frostycamel", "name": "Andy", "id": 905095603297943554, "indices": [0, 12]}, {"id_str": "3580248555", "screen_name": "Team_Trump45", "name": "Trumpism\u2122", "id": 3580248555, "indices": [13, 26]}, {"id_str": "25073877", "screen_name": "realDonaldTrump", "name": "Donald J. Trump", "id": 25073877, "indices": [27, 43]}], "hashtags": []}, "created_at": "Fri Oct 27 01:36:26 +0000 2017", "text": "@frostycamel @Team_Trump45 @realDonaldTrump Details.", "in_reply_to_status_id": 923181896858824705, "geo": null, "lang": "en", "is_quote_status": false, "truncated": false, "favorite_count": 0, "in_reply_to_user_id_str": "905095603297943554", "id_str": "923725041036136448", "retweeted": false, "source": "<a href=\"http://twitter.com/download/android\" rel=\"nofollow\">Twitter for Android</a>", "id": 923725041036136448, "favorited": false, "in_reply_to_status_id_str": "923181896858824705", "in_reply_to_screen_name": "frostycamel", "contributors": null, "in_reply_to_user_id": 905095603297943554, "coordinates": null, "place": null, "retweet_count": 0}, "translator_type": "none", "following": false, "followers_count": 1, "notifications": false}
2017-11-13T10:00:05.598265	{"profile_link_color": "1DA1F2", "utc_offset": -28800, "followers_count": 1, "screen_name": "wales4me", "description": "Enjoying retirement", "profile_background_tile": false, "time_zone": "Pacific Time (US & Canada)", "is_translator": false, "translator_type": "none", "notifications": false, "lang": "en", "has_extended_profile": false, "default_profile": true, "favourites_count": 20, "name": "Don", "profile_sidebar_fill_color": "DDEEF6", "profile_use_background_image": true, "friends_count": 37, "verified": false, "url": "http://t.co/MBuagCc1vd", "follow_request_sent": false, "default_profile_image": false, "profile_text_color": "333333", "id": 23783299, "location": "Concord, California", "id_str": "23783299", "created_at": "Wed Mar 11 16:07:12 +0000 2009", "profile_background_color": "C0DEED", "profile_background_image_url_https": "https://abs.twimg.com/images/themes/theme1/bg.png", "is_translation_enabled": false, "geo_enabled": false, "listed_count": 0, "profile_sidebar_border_color": "C0DEED", "entities": {"url": {"urls": [{"expanded_url": "https://twitter.com/wales4me", "indices": [0, 22], "url": "http://t.co/MBuagCc1vd", "display_url": "twitter.com/wales4me"}]}, "description": {"urls": []}}, "protected": false, "following": false, "statuses_count": 31, "profile_image_url_https": "https://pbs.twimg.com/profile_images/1479734318/IMG04_normal.JPG", "profile_background_image_url": "http://abs.twimg.com/images/themes/theme1/bg.png", "profile_image_url": "http://pbs.twimg.com/profile_images/1479734318/IMG04_normal.JPG", "contributors_enabled": false, "status": {"truncated": false, "text": "@frostycamel @Team_Trump45 @realDonaldTrump Details.", "retweeted": false, "coordinates": null, "in_reply_to_status_id_str": "923181896858824705", "in_reply_to_status_id": 923181896858824705, "source": "<a href=\"http://twitter.com/download/android\" rel=\"nofollow\">Twitter for Android</a>", "in_reply_to_screen_name": "frostycamel", "geo": null, "in_reply_to_user_id_str": "905095603297943554", "id": 923725041036136448, "id_str": "923725041036136448", "created_at": "Fri Oct 27 01:36:26 +0000 2017", "place": null, "entities": {"hashtags": [], "symbols": [], "user_mentions": [{"indices": [0, 12], "id_str": "905095603297943554", "name": "Andy", "screen_name": "frostycamel", "id": 905095603297943554}, {"indices": [13, 26], "id_str": "3580248555", "name": "Trumpism\u2122", "screen_name": "Team_Trump45", "id": 3580248555}, {"indices": [27, 43], "id_str": "25073877", "name": "Donald J. Trump", "screen_name": "realDonaldTrump", "id": 25073877}], "urls": []}, "favorite_count": 0, "is_quote_status": false, "contributors": null, "favorited": false, "retweet_count": 0, "in_reply_to_user_id": 905095603297943554, "lang": "en"}}
2017-11-13T11:00:05.942401	{"time_zone": "Pacific Time (US & Canada)", "contributors_enabled": false, "followers_count": 1, "favourites_count": 20, "following": false, "geo_enabled": false, "profile_use_background_image": true, "id_str": "23783299", "description": "Enjoying retirement", "profile_background_image_url": "http://abs.twimg.com/images/themes/theme1/bg.png", "profile_image_url": "http://pbs.twimg.com/profile_images/1479734318/IMG04_normal.JPG", "profile_link_color": "1DA1F2", "verified": false, "default_profile_image": false, "created_at": "Wed Mar 11 16:07:12 +0000 2009", "lang": "en", "is_translation_enabled": false, "friends_count": 37, "status": {"source": "<a href=\"http://twitter.com/download/android\" rel=\"nofollow\">Twitter for Android</a>", "retweeted": false, "id_str": "923725041036136448", "retweet_count": 0, "created_at": "Fri Oct 27 01:36:26 +0000 2017", "truncated": false, "lang": "en", "id": 923725041036136448, "favorited": false, "in_reply_to_user_id": 905095603297943554, "in_reply_to_status_id_str": "923181896858824705", "geo": null, "coordinates": null, "is_quote_status": false, "in_reply_to_screen_name": "frostycamel", "text": "@frostycamel @Team_Trump45 @realDonaldTrump Details.", "entities": {"urls": [], "hashtags": [], "user_mentions": [{"screen_name": "frostycamel", "id_str": "905095603297943554", "indices": [0, 12], "name": "Andy", "id": 905095603297943554}, {"screen_name": "Team_Trump45", "id_str": "3580248555", "indices": [13, 26], "name": "Trumpism\u2122", "id": 3580248555}, {"screen_name": "realDonaldTrump", "id_str": "25073877", "indices": [27, 43], "name": "Donald J. Trump", "id": 25073877}], "symbols": []}, "favorite_count": 0, "in_reply_to_status_id": 923181896858824705, "place": null, "in_reply_to_user_id_str": "905095603297943554", "contributors": null}, "location": "Concord, California", "protected": false, "profile_background_tile": false, "screen_name": "wales4me", "profile_text_color": "333333", "translator_type": "none", "profile_sidebar_border_color": "C0DEED", "profile_image_url_https": "https://pbs.twimg.com/profile_images/1479734318/IMG04_normal.JPG", "profile_background_color": "C0DEED", "profile_background_image_url_https": "https://abs.twimg.com/images/themes/theme1/bg.png", "is_translator": false, "name": "Don", "statuses_count": 31, "url": "http://t.co/MBuagCc1vd", "notifications": false, "has_extended_profile": false, "entities": {"url": {"urls": [{"url": "http://t.co/MBuagCc1vd", "display_url": "twitter.com/wales4me", "indices": [0, 22], "expanded_url": "https://twitter.com/wales4me"}]}, "description": {"urls": []}}, "profile_sidebar_fill_color": "DDEEF6", "follow_request_sent": false, "utc_offset": -28800, "default_profile": true, "id": 23783299, "listed_count": 0}
2017-11-13T12:00:05.583954	{"verified": false, "profile_text_color": "333333", "geo_enabled": false, "id_str": "23783299", "screen_name": "wales4me", "notifications": false, "is_translation_enabled": false, "following": false, "description": "Enjoying retirement", "contributors_enabled": false, "profile_background_tile": false, "created_at": "Wed Mar 11 16:07:12 +0000 2009", "protected": false, "default_profile_image": false, "profile_use_background_image": true, "profile_background_image_url": "http://abs.twimg.com/images/themes/theme1/bg.png", "default_profile": true, "follow_request_sent": false, "friends_count": 37, "followers_count": 1, "has_extended_profile": false, "location": "Concord, California", "profile_background_color": "C0DEED", "profile_sidebar_border_color": "C0DEED", "listed_count": 0, "utc_offset": -28800, "entities": {"url": {"urls": [{"url": "http://t.co/MBuagCc1vd", "indices": [0, 22], "expanded_url": "https://twitter.com/wales4me", "display_url": "twitter.com/wales4me"}]}, "description": {"urls": []}}, "profile_sidebar_fill_color": "DDEEF6", "status": {"source": "<a href=\"http://twitter.com/download/android\" rel=\"nofollow\">Twitter for Android</a>", "truncated": false, "id_str": "923725041036136448", "geo": null, "retweet_count": 0, "favorited": false, "place": null, "id": 923725041036136448, "is_quote_status": false, "coordinates": null, "in_reply_to_status_id_str": "923181896858824705", "text": "@frostycamel @Team_Trump45 @realDonaldTrump Details.", "in_reply_to_user_id_str": "905095603297943554", "entities": {"user_mentions": [{"screen_name": "frostycamel", "id": 905095603297943554, "name": "Andy", "indices": [0, 12], "id_str": "905095603297943554"}, {"screen_name": "Team_Trump45", "id": 3580248555, "name": "Trumpism\u2122", "indices": [13, 26], "id_str": "3580248555"}, {"screen_name": "realDonaldTrump", "id": 25073877, "name": "Donald J. Trump", "indices": [27, 43], "id_str": "25073877"}], "symbols": [], "urls": [], "hashtags": []}, "favorite_count": 0, "in_reply_to_user_id": 905095603297943554, "created_at": "Fri Oct 27 01:36:26 +0000 2017", "in_reply_to_screen_name": "frostycamel", "contributors": null, "retweeted": false, "in_reply_to_status_id": 923181896858824705, "lang": "en"}, "profile_link_color": "1DA1F2", "profile_background_image_url_https": "https://abs.twimg.com/images/themes/theme1/bg.png", "statuses_count": 31, "id": 23783299, "translator_type": "none", "profile_image_url_https": "https://pbs.twimg.com/profile_images/1479734318/IMG04_normal.JPG", "url": "http://t.co/MBuagCc1vd", "is_translator": false, "profile_image_url": "http://pbs.twimg.com/profile_images/1479734318/IMG04_normal.JPG", "name": "Don", "time_zone": "Pacific Time (US & Canada)", "favourites_count": 20, "lang": "en"}
2017-11-13T13:00:05.777015	{"listed_count": 0, "id": 23783299, "default_profile": true, "utc_offset": -28800, "name": "Don", "lang": "en", "notifications": false, "profile_background_image_url_https": "https://abs.twimg.com/images/themes/theme1/bg.png", "profile_background_image_url": "http://abs.twimg.com/images/themes/theme1/bg.png", "geo_enabled": false, "entities": {"url": {"urls": [{"expanded_url": "https://twitter.com/wales4me", "indices": [0, 22], "url": "http://t.co/MBuagCc1vd", "display_url": "twitter.com/wales4me"}]}, "description": {"urls": []}}, "url": "http://t.co/MBuagCc1vd", "contributors_enabled": false, "following": false, "verified": false, "profile_use_background_image": true, "protected": false, "screen_name": "wales4me", "profile_image_url": "http://pbs.twimg.com/profile_images/1479734318/IMG04_normal.JPG", "follow_request_sent": false, "is_translation_enabled": false, "profile_background_color": "C0DEED", "friends_count": 37, "is_translator": false, "favourites_count": 20, "location": "Concord, California", "has_extended_profile": false, "profile_sidebar_border_color": "C0DEED", "default_profile_image": false, "profile_background_tile": false, "profile_sidebar_fill_color": "DDEEF6", "status": {"id": 923725041036136448, "source": "<a href=\"http://twitter.com/download/android\" rel=\"nofollow\">Twitter for Android</a>", "lang": "en", "entities": {"symbols": [], "hashtags": [], "user_mentions": [{"id_str": "905095603297943554", "indices": [0, 12], "id": 905095603297943554, "name": "Andy", "screen_name": "frostycamel"}, {"id_str": "3580248555", "indices": [13, 26], "id": 3580248555, "name": "Trumpism\u2122", "screen_name": "Team_Trump45"}, {"id_str": "25073877", "indices": [27, 43], "id": 25073877, "name": "Donald J. Trump", "screen_name": "realDonaldTrump"}], "urls": []}, "in_reply_to_user_id_str": "905095603297943554", "geo": null, "in_reply_to_status_id_str": "923181896858824705", "is_quote_status": false, "place": null, "retweet_count": 0, "truncated": false, "contributors": null, "coordinates": null, "in_reply_to_user_id": 905095603297943554, "favorited": false, "in_reply_to_status_id": 923181896858824705, "text": "@frostycamel @Team_Trump45 @realDonaldTrump Details.", "id_str": "923725041036136448", "in_reply_to_screen_name": "frostycamel", "created_at": "Fri Oct 27 01:36:26 +0000 2017", "favorite_count": 0, "retweeted": false}, "profile_text_color": "333333", "profile_link_color": "1DA1F2", "id_str": "23783299", "profile_image_url_https": "https://pbs.twimg.com/profile_images/1479734318/IMG04_normal.JPG", "translator_type": "none", "time_zone": "Pacific Time (US & Canada)", "statuses_count": 31, "created_at": "Wed Mar 11 16:07:12 +0000 2009", "followers_count": 1, "description": "Enjoying retirement"}
2017-11-13T14:00:05.292820	{"profile_link_color": "1DA1F2", "profile_sidebar_fill_color": "DDEEF6", "id_str": "23783299", "profile_use_background_image": true, "entities": {"url": {"urls": [{"expanded_url": "https://twitter.com/wales4me", "display_url": "twitter.com/wales4me", "url": "http://t.co/MBuagCc1vd", "indices": [0, 22]}]}, "description": {"urls": []}}, "status": {"contributors": null, "truncated": false, "id_str": "923725041036136448", "entities": {"hashtags": [], "urls": [], "symbols": [], "user_mentions": [{"name": "Andy", "indices": [0, 12], "id": 905095603297943554, "id_str": "905095603297943554", "screen_name": "frostycamel"}, {"name": "Trumpism\u2122", "indices": [13, 26], "id": 3580248555, "id_str": "3580248555", "screen_name": "Team_Trump45"}, {"name": "Donald J. Trump", "indices": [27, 43], "id": 25073877, "id_str": "25073877", "screen_name": "realDonaldTrump"}]}, "source": "<a href=\"http://twitter.com/download/android\" rel=\"nofollow\">Twitter for Android</a>", "is_quote_status": false, "retweeted": false, "retweet_count": 0, "in_reply_to_user_id": 905095603297943554, "created_at": "Fri Oct 27 01:36:26 +0000 2017", "place": null, "in_reply_to_status_id_str": "923181896858824705", "coordinates": null, "lang": "en", "in_reply_to_screen_name": "frostycamel", "favorite_count": 0, "favorited": false, "geo": null, "in_reply_to_status_id": 923181896858824705, "text": "@frostycamel @Team_Trump45 @realDonaldTrump Details.", "in_reply_to_user_id_str": "905095603297943554", "id": 923725041036136448}, "protected": false, "contributors_enabled": false, "followers_count": 1, "time_zone": "Pacific Time (US & Canada)", "following": false, "id": 23783299, "has_extended_profile": false, "profile_image_url_https": "https://pbs.twimg.com/profile_images/1479734318/IMG04_normal.JPG", "utc_offset": -28800, "created_at": "Wed Mar 11 16:07:12 +0000 2009", "name": "Don", "is_translator": false, "profile_sidebar_border_color": "C0DEED", "profile_text_color": "333333", "is_translation_enabled": false, "lang": "en", "friends_count": 37, "profile_background_image_url": "http://abs.twimg.com/images/themes/theme1/bg.png", "listed_count": 0, "profile_background_tile": false, "favourites_count": 20, "verified": false, "default_profile_image": false, "follow_request_sent": false, "notifications": false, "url": "http://t.co/MBuagCc1vd", "statuses_count": 31, "default_profile": true, "profile_background_color": "C0DEED", "translator_type": "none", "profile_image_url": "http://pbs.twimg.com/profile_images/1479734318/IMG04_normal.JPG", "profile_background_image_url_https": "https://abs.twimg.com/images/themes/theme1/bg.png", "location": "Concord, California", "description": "Enjoying retirement", "geo_enabled": false, "screen_name": "wales4me"}
2017-11-13T15:00:05.618401	{"status": {"coordinates": null, "favorited": false, "contributors": null, "in_reply_to_screen_name": "frostycamel", "favorite_count": 0, "retweeted": false, "in_reply_to_user_id_str": "905095603297943554", "text": "@frostycamel @Team_Trump45 @realDonaldTrump Details.", "geo": null, "truncated": false, "id_str": "923725041036136448", "id": 923725041036136448, "in_reply_to_user_id": 905095603297943554, "place": null, "lang": "en", "in_reply_to_status_id_str": "923181896858824705", "retweet_count": 0, "entities": {"user_mentions": [{"id_str": "905095603297943554", "name": "Andy", "id": 905095603297943554, "indices": [0, 12], "screen_name": "frostycamel"}, {"id_str": "3580248555", "name": "Trumpism\u2122", "id": 3580248555, "indices": [13, 26], "screen_name": "Team_Trump45"}, {"id_str": "25073877", "name": "Donald J. Trump", "id": 25073877, "indices": [27, 43], "screen_name": "realDonaldTrump"}], "hashtags": [], "urls": [], "symbols": []}, "source": "<a href=\"http://twitter.com/download/android\" rel=\"nofollow\">Twitter for Android</a>", "is_quote_status": false, "in_reply_to_status_id": 923181896858824705, "created_at": "Fri Oct 27 01:36:26 +0000 2017"}, "profile_background_tile": false, "profile_background_color": "C0DEED", "url": "http://t.co/MBuagCc1vd", "favourites_count": 20, "default_profile_image": false, "following": false, "profile_background_image_url": "http://abs.twimg.com/images/themes/theme1/bg.png", "friends_count": 37, "time_zone": "Pacific Time (US & Canada)", "geo_enabled": false, "notifications": false, "followers_count": 1, "profile_use_background_image": true, "translator_type": "none", "name": "Don", "id": 23783299, "screen_name": "wales4me", "default_profile": true, "statuses_count": 31, "location": "Concord, California", "profile_sidebar_border_color": "C0DEED", "utc_offset": -28800, "contributors_enabled": false, "description": "Enjoying retirement", "follow_request_sent": false, "lang": "en", "protected": false, "profile_link_color": "1DA1F2", "profile_text_color": "333333", "id_str": "23783299", "entities": {"description": {"urls": []}, "url": {"urls": [{"expanded_url": "https://twitter.com/wales4me", "display_url": "twitter.com/wales4me", "indices": [0, 22], "url": "http://t.co/MBuagCc1vd"}]}}, "verified": false, "listed_count": 0, "has_extended_profile": false, "profile_image_url_https": "https://pbs.twimg.com/profile_images/1479734318/IMG04_normal.JPG", "is_translator": false, "is_translation_enabled": false, "created_at": "Wed Mar 11 16:07:12 +0000 2009", "profile_image_url": "http://pbs.twimg.com/profile_images/1479734318/IMG04_normal.JPG", "profile_background_image_url_https": "https://abs.twimg.com/images/themes/theme1/bg.png", "profile_sidebar_fill_color": "DDEEF6"}
2017-11-13T16:00:05.401658	{"name": "Don", "profile_text_color": "333333", "id_str": "23783299", "profile_sidebar_fill_color": "DDEEF6", "lang": "en", "url": "http://t.co/MBuagCc1vd", "profile_use_background_image": true, "profile_image_url_https": "https://pbs.twimg.com/profile_images/1479734318/IMG04_normal.JPG", "protected": false, "is_translator": false, "profile_background_image_url": "http://abs.twimg.com/images/themes/theme1/bg.png", "created_at": "Wed Mar 11 16:07:12 +0000 2009", "default_profile": true, "friends_count": 37, "statuses_count": 31, "profile_background_tile": false, "has_extended_profile": false, "entities": {"url": {"urls": [{"url": "http://t.co/MBuagCc1vd", "display_url": "twitter.com/wales4me", "expanded_url": "https://twitter.com/wales4me", "indices": [0, 22]}]}, "description": {"urls": []}}, "listed_count": 0, "translator_type": "none", "profile_sidebar_border_color": "C0DEED", "following": false, "geo_enabled": false, "contributors_enabled": false, "location": "Concord, California", "profile_link_color": "1DA1F2", "profile_background_color": "C0DEED", "description": "Enjoying retirement", "profile_background_image_url_https": "https://abs.twimg.com/images/themes/theme1/bg.png", "time_zone": "Pacific Time (US & Canada)", "utc_offset": -28800, "id": 23783299, "favourites_count": 20, "followers_count": 1, "verified": false, "default_profile_image": false, "is_translation_enabled": false, "screen_name": "wales4me", "notifications": false, "status": {"id_str": "923725041036136448", "lang": "en", "truncated": false, "in_reply_to_screen_name": "frostycamel", "in_reply_to_status_id_str": "923181896858824705", "in_reply_to_user_id": 905095603297943554, "entities": {"urls": [], "symbols": [], "user_mentions": [{"name": "Andy", "id": 905095603297943554, "screen_name": "frostycamel", "id_str": "905095603297943554", "indices": [0, 12]}, {"name": "Trumpism\u2122", "id": 3580248555, "screen_name": "Team_Trump45", "id_str": "3580248555", "indices": [13, 26]}, {"name": "Donald J. Trump", "id": 25073877, "screen_name": "realDonaldTrump", "id_str": "25073877", "indices": [27, 43]}], "hashtags": []}, "source": "<a href=\"http://twitter.com/download/android\" rel=\"nofollow\">Twitter for Android</a>", "in_reply_to_user_id_str": "905095603297943554", "favorited": false, "created_at": "Fri Oct 27 01:36:26 +0000 2017", "place": null, "retweet_count": 0, "favorite_count": 0, "text": "@frostycamel @Team_Trump45 @realDonaldTrump Details.", "id": 923725041036136448, "coordinates": null, "in_reply_to_status_id": 923181896858824705, "contributors": null, "retweeted": false, "geo": null, "is_quote_status": false}, "profile_image_url": "http://pbs.twimg.com/profile_images/1479734318/IMG04_normal.JPG", "follow_request_sent": false}
2017-11-13T17:00:04.954784	{"id_str": "23783299", "created_at": "Wed Mar 11 16:07:12 +0000 2009", "default_profile_image": false, "utc_offset": -28800, "profile_image_url_https": "https://pbs.twimg.com/profile_images/1479734318/IMG04_normal.JPG", "profile_sidebar_border_color": "C0DEED", "status": {"id_str": "923725041036136448", "created_at": "Fri Oct 27 01:36:26 +0000 2017", "truncated": false, "in_reply_to_user_id": 905095603297943554, "entities": {"hashtags": [], "urls": [], "symbols": [], "user_mentions": [{"id_str": "905095603297943554", "indices": [0, 12], "id": 905095603297943554, "screen_name": "frostycamel", "name": "Andy"}, {"id_str": "3580248555", "indices": [13, 26], "id": 3580248555, "screen_name": "Team_Trump45", "name": "Trumpism\u2122"}, {"id_str": "25073877", "indices": [27, 43], "id": 25073877, "screen_name": "realDonaldTrump", "name": "Donald J. Trump"}]}, "in_reply_to_status_id_str": "923181896858824705", "id": 923725041036136448, "retweet_count": 0, "retweeted": false, "contributors": null, "source": "<a href=\"http://twitter.com/download/android\" rel=\"nofollow\">Twitter for Android</a>", "in_reply_to_user_id_str": "905095603297943554", "lang": "en", "geo": null, "in_reply_to_screen_name": "frostycamel", "favorite_count": 0, "coordinates": null, "favorited": false, "text": "@frostycamel @Team_Trump45 @realDonaldTrump Details.", "place": null, "in_reply_to_status_id": 923181896858824705, "is_quote_status": false}, "listed_count": 0, "profile_background_image_url": "http://abs.twimg.com/images/themes/theme1/bg.png", "default_profile": true, "profile_image_url": "http://pbs.twimg.com/profile_images/1479734318/IMG04_normal.JPG", "screen_name": "wales4me", "notifications": false, "friends_count": 37, "url": "http://t.co/MBuagCc1vd", "entities": {"description": {"urls": []}, "url": {"urls": [{"url": "http://t.co/MBuagCc1vd", "display_url": "twitter.com/wales4me", "expanded_url": "https://twitter.com/wales4me", "indices": [0, 22]}]}}, "id": 23783299, "time_zone": "Pacific Time (US & Canada)", "profile_use_background_image": true, "profile_link_color": "1DA1F2", "following": false, "verified": false, "profile_text_color": "333333", "profile_background_tile": false, "profile_sidebar_fill_color": "DDEEF6", "statuses_count": 31, "profile_background_color": "C0DEED", "has_extended_profile": false, "follow_request_sent": false, "is_translation_enabled": false, "name": "Don", "lang": "en", "favourites_count": 20, "profile_background_image_url_https": "https://abs.twimg.com/images/themes/theme1/bg.png", "protected": false, "followers_count": 1, "is_translator": false, "description": "Enjoying retirement", "geo_enabled": false, "translator_type": "none", "contributors_enabled": false, "location": "Concord, California"}
2017-11-13T18:00:05.337588	{"default_profile": true, "has_extended_profile": false, "follow_request_sent": false, "notifications": false, "id": 23783299, "profile_image_url": "http://pbs.twimg.com/profile_images/1479734318/IMG04_normal.JPG", "id_str": "23783299", "time_zone": "Pacific Time (US & Canada)", "profile_use_background_image": true, "profile_background_image_url": "http://abs.twimg.com/images/themes/theme1/bg.png", "status": {"retweet_count": 0, "in_reply_to_status_id_str": "923181896858824705", "in_reply_to_screen_name": "frostycamel", "favorited": false, "id_str": "923725041036136448", "coordinates": null, "favorite_count": 0, "in_reply_to_user_id": 905095603297943554, "in_reply_to_status_id": 923181896858824705, "retweeted": false, "source": "<a href=\"http://twitter.com/download/android\" rel=\"nofollow\">Twitter for Android</a>", "contributors": null, "truncated": false, "in_reply_to_user_id_str": "905095603297943554", "entities": {"user_mentions": [{"id_str": "905095603297943554", "indices": [0, 12], "screen_name": "frostycamel", "id": 905095603297943554, "name": "Andy"}, {"id_str": "3580248555", "indices": [13, 26], "screen_name": "Team_Trump45", "id": 3580248555, "name": "Trumpism\u2122"}, {"id_str": "25073877", "indices": [27, 43], "screen_name": "realDonaldTrump", "id": 25073877, "name": "Donald J. Trump"}], "urls": [], "symbols": [], "hashtags": []}, "place": null, "text": "@frostycamel @Team_Trump45 @realDonaldTrump Details.", "lang": "en", "geo": null, "id": 923725041036136448, "is_quote_status": false, "created_at": "Fri Oct 27 01:36:26 +0000 2017"}, "followers_count": 1, "translator_type": "none", "protected": false, "listed_count": 0, "verified": false, "geo_enabled": false, "following": false, "screen_name": "wales4me", "profile_sidebar_fill_color": "DDEEF6", "name": "Don", "url": "http://t.co/MBuagCc1vd", "profile_background_tile": false, "profile_background_image_url_https": "https://abs.twimg.com/images/themes/theme1/bg.png", "statuses_count": 31, "profile_image_url_https": "https://pbs.twimg.com/profile_images/1479734318/IMG04_normal.JPG", "default_profile_image": false, "entities": {"url": {"urls": [{"url": "http://t.co/MBuagCc1vd", "display_url": "twitter.com/wales4me", "expanded_url": "https://twitter.com/wales4me", "indices": [0, 22]}]}, "description": {"urls": []}}, "favourites_count": 20, "profile_text_color": "333333", "profile_background_color": "C0DEED", "lang": "en", "profile_sidebar_border_color": "C0DEED", "profile_link_color": "1DA1F2", "utc_offset": -28800, "is_translation_enabled": false, "contributors_enabled": false, "is_translator": false, "description": "Enjoying retirement", "location": "Concord, California", "friends_count": 37, "created_at": "Wed Mar 11 16:07:12 +0000 2009"}
2017-11-13T19:00:05.400659	{"location": "Concord, California", "profile_image_url": "http://pbs.twimg.com/profile_images/1479734318/IMG04_normal.JPG", "profile_background_tile": false, "profile_sidebar_fill_color": "DDEEF6", "name": "Don", "statuses_count": 31, "follow_request_sent": false, "id_str": "23783299", "geo_enabled": false, "entities": {"description": {"urls": []}, "url": {"urls": [{"indices": [0, 22], "url": "http://t.co/MBuagCc1vd", "expanded_url": "https://twitter.com/wales4me", "display_url": "twitter.com/wales4me"}]}}, "protected": false, "profile_background_image_url_https": "https://abs.twimg.com/images/themes/theme1/bg.png", "is_translator": false, "profile_sidebar_border_color": "C0DEED", "profile_use_background_image": true, "listed_count": 0, "translator_type": "none", "description": "Enjoying retirement", "utc_offset": -28800, "is_translation_enabled": false, "followers_count": 1, "profile_background_image_url": "http://abs.twimg.com/images/themes/theme1/bg.png", "lang": "en", "url": "http://t.co/MBuagCc1vd", "profile_link_color": "1DA1F2", "profile_background_color": "C0DEED", "status": {"in_reply_to_screen_name": "frostycamel", "text": "@frostycamel @Team_Trump45 @realDonaldTrump Details.", "favorite_count": 0, "truncated": false, "source": "<a href=\"http://twitter.com/download/android\" rel=\"nofollow\">Twitter for Android</a>", "place": null, "retweeted": false, "geo": null, "in_reply_to_user_id_str": "905095603297943554", "coordinates": null, "entities": {"symbols": [], "hashtags": [], "user_mentions": [{"indices": [0, 12], "id_str": "905095603297943554", "screen_name": "frostycamel", "name": "Andy", "id": 905095603297943554}, {"indices": [13, 26], "id_str": "3580248555", "screen_name": "Team_Trump45", "name": "Trumpism\u2122", "id": 3580248555}, {"indices": [27, 43], "id_str": "25073877", "screen_name": "realDonaldTrump", "name": "Donald J. Trump", "id": 25073877}], "urls": []}, "lang": "en", "created_at": "Fri Oct 27 01:36:26 +0000 2017", "in_reply_to_status_id_str": "923181896858824705", "is_quote_status": false, "favorited": false, "retweet_count": 0, "in_reply_to_user_id": 905095603297943554, "id_str": "923725041036136448", "in_reply_to_status_id": 923181896858824705, "id": 923725041036136448, "contributors": null}, "verified": false, "profile_text_color": "333333", "notifications": false, "profile_image_url_https": "https://pbs.twimg.com/profile_images/1479734318/IMG04_normal.JPG", "favourites_count": 20, "created_at": "Wed Mar 11 16:07:12 +0000 2009", "time_zone": "Pacific Time (US & Canada)", "has_extended_profile": false, "default_profile": true, "default_profile_image": false, "following": false, "screen_name": "wales4me", "contributors_enabled": false, "friends_count": 37, "id": 23783299}
2017-11-13T20:00:05.364818	{"default_profile_image": false, "profile_background_image_url_https": "https://abs.twimg.com/images/themes/theme1/bg.png", "profile_background_color": "C0DEED", "protected": false, "geo_enabled": false, "profile_image_url_https": "https://pbs.twimg.com/profile_images/1479734318/IMG04_normal.JPG", "verified": false, "translator_type": "none", "profile_image_url": "http://pbs.twimg.com/profile_images/1479734318/IMG04_normal.JPG", "is_translation_enabled": false, "profile_sidebar_border_color": "C0DEED", "time_zone": "Pacific Time (US & Canada)", "default_profile": true, "description": "Enjoying retirement", "utc_offset": -28800, "profile_link_color": "1DA1F2", "favourites_count": 20, "profile_sidebar_fill_color": "DDEEF6", "id_str": "23783299", "lang": "en", "location": "Concord, California", "url": "http://t.co/MBuagCc1vd", "created_at": "Wed Mar 11 16:07:12 +0000 2009", "listed_count": 0, "contributors_enabled": false, "screen_name": "wales4me", "is_translator": false, "friends_count": 37, "statuses_count": 31, "name": "Don", "notifications": false, "followers_count": 1, "profile_background_image_url": "http://abs.twimg.com/images/themes/theme1/bg.png", "follow_request_sent": false, "status": {"favorite_count": 0, "source": "<a href=\"http://twitter.com/download/android\" rel=\"nofollow\">Twitter for Android</a>", "in_reply_to_status_id": 923181896858824705, "truncated": false, "in_reply_to_screen_name": "frostycamel", "favorited": false, "id_str": "923725041036136448", "lang": "en", "in_reply_to_user_id": 905095603297943554, "in_reply_to_user_id_str": "905095603297943554", "created_at": "Fri Oct 27 01:36:26 +0000 2017", "text": "@frostycamel @Team_Trump45 @realDonaldTrump Details.", "coordinates": null, "is_quote_status": false, "retweet_count": 0, "contributors": null, "place": null, "geo": null, "retweeted": false, "entities": {"user_mentions": [{"indices": [0, 12], "name": "Andy", "screen_name": "frostycamel", "id": 905095603297943554, "id_str": "905095603297943554"}, {"indices": [13, 26], "name": "Trumpism\u2122", "screen_name": "Team_Trump45", "id": 3580248555, "id_str": "3580248555"}, {"indices": [27, 43], "name": "Donald J. Trump", "screen_name": "realDonaldTrump", "id": 25073877, "id_str": "25073877"}], "symbols": [], "urls": [], "hashtags": []}, "id": 923725041036136448, "in_reply_to_status_id_str": "923181896858824705"}, "following": false, "profile_text_color": "333333", "profile_use_background_image": true, "profile_background_tile": false, "entities": {"description": {"urls": []}, "url": {"urls": [{"display_url": "twitter.com/wales4me", "indices": [0, 22], "expanded_url": "https://twitter.com/wales4me", "url": "http://t.co/MBuagCc1vd"}]}}, "has_extended_profile": false, "id": 23783299}
2017-11-13T21:00:04.870046	{"notifications": false, "is_translation_enabled": false, "translator_type": "none", "profile_sidebar_fill_color": "DDEEF6", "time_zone": "Pacific Time (US & Canada)", "id": 23783299, "profile_text_color": "333333", "description": "Enjoying retirement", "profile_background_image_url": "http://abs.twimg.com/images/themes/theme1/bg.png", "follow_request_sent": false, "profile_sidebar_border_color": "C0DEED", "contributors_enabled": false, "listed_count": 0, "protected": false, "location": "Concord, California", "created_at": "Wed Mar 11 16:07:12 +0000 2009", "profile_image_url": "http://pbs.twimg.com/profile_images/1479734318/IMG04_normal.JPG", "has_extended_profile": false, "id_str": "23783299", "profile_image_url_https": "https://pbs.twimg.com/profile_images/1479734318/IMG04_normal.JPG", "is_translator": false, "verified": false, "name": "Don", "profile_background_image_url_https": "https://abs.twimg.com/images/themes/theme1/bg.png", "default_profile": true, "profile_use_background_image": true, "statuses_count": 31, "followers_count": 1, "favourites_count": 20, "utc_offset": -28800, "default_profile_image": false, "following": false, "profile_background_color": "C0DEED", "friends_count": 37, "entities": {"description": {"urls": []}, "url": {"urls": [{"display_url": "twitter.com/wales4me", "url": "http://t.co/MBuagCc1vd", "indices": [0, 22], "expanded_url": "https://twitter.com/wales4me"}]}}, "geo_enabled": false, "url": "http://t.co/MBuagCc1vd", "lang": "en", "screen_name": "wales4me", "profile_background_tile": false, "profile_link_color": "1DA1F2", "status": {"place": null, "source": "<a href=\"http://twitter.com/download/android\" rel=\"nofollow\">Twitter for Android</a>", "retweet_count": 0, "id": 923725041036136448, "in_reply_to_status_id_str": "923181896858824705", "in_reply_to_user_id_str": "905095603297943554", "in_reply_to_screen_name": "frostycamel", "contributors": null, "id_str": "923725041036136448", "retweeted": false, "geo": null, "truncated": false, "favorite_count": 0, "text": "@frostycamel @Team_Trump45 @realDonaldTrump Details.", "favorited": false, "entities": {"hashtags": [], "urls": [], "user_mentions": [{"screen_name": "frostycamel", "name": "Andy", "id_str": "905095603297943554", "indices": [0, 12], "id": 905095603297943554}, {"screen_name": "Team_Trump45", "name": "Trumpism\u2122", "id_str": "3580248555", "indices": [13, 26], "id": 3580248555}, {"screen_name": "realDonaldTrump", "name": "Donald J. Trump", "id_str": "25073877", "indices": [27, 43], "id": 25073877}], "symbols": []}, "is_quote_status": false, "in_reply_to_user_id": 905095603297943554, "in_reply_to_status_id": 923181896858824705, "created_at": "Fri Oct 27 01:36:26 +0000 2017", "lang": "en", "coordinates": null}}
2017-11-13T22:00:05.548961	{"profile_sidebar_fill_color": "DDEEF6", "following": false, "favourites_count": 20, "name": "Don", "verified": false, "id_str": "23783299", "contributors_enabled": false, "statuses_count": 31, "status": {"coordinates": null, "id": 923725041036136448, "in_reply_to_user_id_str": "905095603297943554", "place": null, "favorited": false, "in_reply_to_status_id_str": "923181896858824705", "id_str": "923725041036136448", "in_reply_to_screen_name": "frostycamel", "geo": null, "lang": "en", "in_reply_to_status_id": 923181896858824705, "retweet_count": 0, "truncated": false, "retweeted": false, "text": "@frostycamel @Team_Trump45 @realDonaldTrump Details.", "source": "<a href=\"http://twitter.com/download/android\" rel=\"nofollow\">Twitter for Android</a>", "created_at": "Fri Oct 27 01:36:26 +0000 2017", "is_quote_status": false, "favorite_count": 0, "entities": {"hashtags": [], "symbols": [], "user_mentions": [{"screen_name": "frostycamel", "indices": [0, 12], "name": "Andy", "id_str": "905095603297943554", "id": 905095603297943554}, {"screen_name": "Team_Trump45", "indices": [13, 26], "name": "Trumpism\u2122", "id_str": "3580248555", "id": 3580248555}, {"screen_name": "realDonaldTrump", "indices": [27, 43], "name": "Donald J. Trump", "id_str": "25073877", "id": 25073877}], "urls": []}, "contributors": null, "in_reply_to_user_id": 905095603297943554}, "listed_count": 0, "profile_background_tile": false, "profile_background_color": "C0DEED", "lang": "en", "description": "Enjoying retirement", "id": 23783299, "screen_name": "wales4me", "default_profile": true, "profile_use_background_image": true, "protected": false, "url": "http://t.co/MBuagCc1vd", "profile_image_url_https": "https://pbs.twimg.com/profile_images/1479734318/IMG04_normal.JPG", "profile_sidebar_border_color": "C0DEED", "default_profile_image": false, "translator_type": "none", "is_translation_enabled": false, "created_at": "Wed Mar 11 16:07:12 +0000 2009", "profile_text_color": "333333", "friends_count": 37, "utc_offset": -28800, "time_zone": "Pacific Time (US & Canada)", "is_translator": false, "profile_background_image_url_https": "https://abs.twimg.com/images/themes/theme1/bg.png", "follow_request_sent": false, "notifications": false, "profile_link_color": "1DA1F2", "entities": {"url": {"urls": [{"indices": [0, 22], "url": "http://t.co/MBuagCc1vd", "display_url": "twitter.com/wales4me", "expanded_url": "https://twitter.com/wales4me"}]}, "description": {"urls": []}}, "profile_background_image_url": "http://abs.twimg.com/images/themes/theme1/bg.png", "followers_count": 1, "profile_image_url": "http://pbs.twimg.com/profile_images/1479734318/IMG04_normal.JPG", "has_extended_profile": false, "geo_enabled": false, "location": "Concord, California"}
2017-11-13T23:00:05.133073	{"friends_count": 37, "notifications": false, "entities": {"description": {"urls": []}, "url": {"urls": [{"expanded_url": "https://twitter.com/wales4me", "display_url": "twitter.com/wales4me", "url": "http://t.co/MBuagCc1vd", "indices": [0, 22]}]}}, "default_profile": true, "protected": false, "profile_image_url": "http://pbs.twimg.com/profile_images/1479734318/IMG04_normal.JPG", "profile_sidebar_border_color": "C0DEED", "profile_background_color": "C0DEED", "favourites_count": 20, "is_translation_enabled": false, "id": 23783299, "name": "Don", "statuses_count": 31, "listed_count": 0, "profile_background_image_url": "http://abs.twimg.com/images/themes/theme1/bg.png", "geo_enabled": false, "has_extended_profile": false, "profile_text_color": "333333", "profile_use_background_image": true, "is_translator": false, "contributors_enabled": false, "following": false, "profile_link_color": "1DA1F2", "time_zone": "Pacific Time (US & Canada)", "profile_sidebar_fill_color": "DDEEF6", "profile_background_tile": false, "url": "http://t.co/MBuagCc1vd", "translator_type": "none", "lang": "en", "description": "Enjoying retirement", "profile_image_url_https": "https://pbs.twimg.com/profile_images/1479734318/IMG04_normal.JPG", "followers_count": 1, "verified": false, "utc_offset": -28800, "created_at": "Wed Mar 11 16:07:12 +0000 2009", "id_str": "23783299", "default_profile_image": false, "profile_background_image_url_https": "https://abs.twimg.com/images/themes/theme1/bg.png", "location": "Concord, California", "status": {"text": "@frostycamel @Team_Trump45 @realDonaldTrump Details.", "coordinates": null, "entities": {"urls": [], "hashtags": [], "user_mentions": [{"indices": [0, 12], "id_str": "905095603297943554", "screen_name": "frostycamel", "id": 905095603297943554, "name": "Andy"}, {"indices": [13, 26], "id_str": "3580248555", "screen_name": "Team_Trump45", "id": 3580248555, "name": "Trumpism\u2122"}, {"indices": [27, 43], "id_str": "25073877", "screen_name": "realDonaldTrump", "id": 25073877, "name": "Donald J. Trump"}], "symbols": []}, "retweet_count": 0, "in_reply_to_screen_name": "frostycamel", "in_reply_to_user_id_str": "905095603297943554", "id": 923725041036136448, "source": "<a href=\"http://twitter.com/download/android\" rel=\"nofollow\">Twitter for Android</a>", "in_reply_to_user_id": 905095603297943554, "in_reply_to_status_id_str": "923181896858824705", "truncated": false, "retweeted": false, "favorite_count": 0, "lang": "en", "contributors": null, "in_reply_to_status_id": 923181896858824705, "created_at": "Fri Oct 27 01:36:26 +0000 2017", "id_str": "923725041036136448", "geo": null, "is_quote_status": false, "favorited": false, "place": null}, "screen_name": "wales4me", "follow_request_sent": false}
2017-11-14T00:00:04.761914	{"has_extended_profile": false, "utc_offset": -28800, "profile_background_tile": false, "status": {"place": null, "in_reply_to_user_id_str": "905095603297943554", "in_reply_to_status_id_str": "923181896858824705", "created_at": "Fri Oct 27 01:36:26 +0000 2017", "in_reply_to_status_id": 923181896858824705, "text": "@frostycamel @Team_Trump45 @realDonaldTrump Details.", "in_reply_to_screen_name": "frostycamel", "retweet_count": 0, "favorite_count": 0, "is_quote_status": false, "favorited": false, "in_reply_to_user_id": 905095603297943554, "id_str": "923725041036136448", "geo": null, "lang": "en", "retweeted": false, "id": 923725041036136448, "source": "<a href=\"http://twitter.com/download/android\" rel=\"nofollow\">Twitter for Android</a>", "contributors": null, "coordinates": null, "entities": {"hashtags": [], "symbols": [], "urls": [], "user_mentions": [{"screen_name": "frostycamel", "indices": [0, 12], "name": "Andy", "id": 905095603297943554, "id_str": "905095603297943554"}, {"screen_name": "Team_Trump45", "indices": [13, 26], "name": "Trumpism\u2122", "id": 3580248555, "id_str": "3580248555"}, {"screen_name": "realDonaldTrump", "indices": [27, 43], "name": "Donald J. Trump", "id": 25073877, "id_str": "25073877"}]}, "truncated": false}, "favourites_count": 20, "profile_sidebar_fill_color": "DDEEF6", "created_at": "Wed Mar 11 16:07:12 +0000 2009", "is_translation_enabled": false, "geo_enabled": false, "profile_use_background_image": true, "statuses_count": 31, "default_profile": true, "follow_request_sent": false, "profile_link_color": "1DA1F2", "translator_type": "none", "friends_count": 37, "profile_background_image_url": "http://abs.twimg.com/images/themes/theme1/bg.png", "default_profile_image": false, "profile_background_color": "C0DEED", "description": "Enjoying retirement", "protected": false, "screen_name": "wales4me", "name": "Don", "entities": {"description": {"urls": []}, "url": {"urls": [{"display_url": "twitter.com/wales4me", "indices": [0, 22], "expanded_url": "https://twitter.com/wales4me", "url": "http://t.co/MBuagCc1vd"}]}}, "id_str": "23783299", "profile_background_image_url_https": "https://abs.twimg.com/images/themes/theme1/bg.png", "url": "http://t.co/MBuagCc1vd", "listed_count": 0, "lang": "en", "profile_image_url": "http://pbs.twimg.com/profile_images/1479734318/IMG04_normal.JPG", "following": false, "profile_sidebar_border_color": "C0DEED", "profile_image_url_https": "https://pbs.twimg.com/profile_images/1479734318/IMG04_normal.JPG", "location": "Concord, California", "profile_text_color": "333333", "contributors_enabled": false, "id": 23783299, "is_translator": false, "verified": false, "notifications": false, "time_zone": "Pacific Time (US & Canada)", "followers_count": 1}
2017-11-14T01:00:05.190870	{"profile_background_image_url": "http://abs.twimg.com/images/themes/theme1/bg.png", "location": "Concord, California", "statuses_count": 31, "followers_count": 1, "profile_image_url_https": "https://pbs.twimg.com/profile_images/1479734318/IMG04_normal.JPG", "profile_sidebar_border_color": "C0DEED", "profile_use_background_image": true, "notifications": false, "profile_link_color": "1DA1F2", "profile_sidebar_fill_color": "DDEEF6", "url": "http://t.co/MBuagCc1vd", "description": "Enjoying retirement", "geo_enabled": false, "entities": {"description": {"urls": []}, "url": {"urls": [{"indices": [0, 22], "url": "http://t.co/MBuagCc1vd", "display_url": "twitter.com/wales4me", "expanded_url": "https://twitter.com/wales4me"}]}}, "time_zone": "Pacific Time (US & Canada)", "id": 23783299, "id_str": "23783299", "default_profile_image": false, "profile_image_url": "http://pbs.twimg.com/profile_images/1479734318/IMG04_normal.JPG", "is_translator": false, "utc_offset": -28800, "profile_background_tile": false, "following": false, "favourites_count": 20, "profile_background_color": "C0DEED", "name": "Don", "profile_background_image_url_https": "https://abs.twimg.com/images/themes/theme1/bg.png", "friends_count": 37, "translator_type": "none", "has_extended_profile": false, "verified": false, "listed_count": 0, "default_profile": true, "contributors_enabled": false, "is_translation_enabled": false, "status": {"in_reply_to_status_id": 923181896858824705, "in_reply_to_status_id_str": "923181896858824705", "id_str": "923725041036136448", "favorited": false, "truncated": false, "place": null, "in_reply_to_user_id_str": "905095603297943554", "in_reply_to_screen_name": "frostycamel", "id": 923725041036136448, "text": "@frostycamel @Team_Trump45 @realDonaldTrump Details.", "is_quote_status": false, "coordinates": null, "lang": "en", "retweet_count": 0, "source": "<a href=\"http://twitter.com/download/android\" rel=\"nofollow\">Twitter for Android</a>", "retweeted": false, "in_reply_to_user_id": 905095603297943554, "created_at": "Fri Oct 27 01:36:26 +0000 2017", "favorite_count": 0, "entities": {"user_mentions": [{"screen_name": "frostycamel", "indices": [0, 12], "name": "Andy", "id_str": "905095603297943554", "id": 905095603297943554}, {"screen_name": "Team_Trump45", "indices": [13, 26], "name": "Trumpism\u2122", "id_str": "3580248555", "id": 3580248555}, {"screen_name": "realDonaldTrump", "indices": [27, 43], "name": "Donald J. Trump", "id_str": "25073877", "id": 25073877}], "symbols": [], "hashtags": [], "urls": []}, "contributors": null, "geo": null}, "protected": false, "lang": "en", "screen_name": "wales4me", "follow_request_sent": false, "profile_text_color": "333333", "created_at": "Wed Mar 11 16:07:12 +0000 2009"}
2017-11-14T02:00:05.659338	{"created_at": "Wed Mar 11 16:07:12 +0000 2009", "follow_request_sent": false, "has_extended_profile": false, "statuses_count": 31, "profile_background_tile": false, "profile_sidebar_border_color": "C0DEED", "favourites_count": 20, "description": "Enjoying retirement", "translator_type": "none", "default_profile_image": false, "profile_link_color": "1DA1F2", "utc_offset": -28800, "profile_background_image_url": "http://abs.twimg.com/images/themes/theme1/bg.png", "profile_text_color": "333333", "geo_enabled": false, "profile_image_url": "http://pbs.twimg.com/profile_images/1479734318/IMG04_normal.JPG", "profile_image_url_https": "https://pbs.twimg.com/profile_images/1479734318/IMG04_normal.JPG", "url": "http://t.co/MBuagCc1vd", "contributors_enabled": false, "name": "Don", "verified": false, "screen_name": "wales4me", "profile_background_color": "C0DEED", "protected": false, "profile_sidebar_fill_color": "DDEEF6", "status": {"retweeted": false, "created_at": "Fri Oct 27 01:36:26 +0000 2017", "geo": null, "in_reply_to_status_id": 923181896858824705, "in_reply_to_screen_name": "frostycamel", "truncated": false, "in_reply_to_user_id_str": "905095603297943554", "coordinates": null, "place": null, "favorite_count": 0, "is_quote_status": false, "in_reply_to_user_id": 905095603297943554, "in_reply_to_status_id_str": "923181896858824705", "contributors": null, "id": 923725041036136448, "retweet_count": 0, "favorited": false, "entities": {"symbols": [], "hashtags": [], "urls": [], "user_mentions": [{"screen_name": "frostycamel", "id": 905095603297943554, "indices": [0, 12], "id_str": "905095603297943554", "name": "Andy"}, {"screen_name": "Team_Trump45", "id": 3580248555, "indices": [13, 26], "id_str": "3580248555", "name": "Trumpism\u2122"}, {"screen_name": "realDonaldTrump", "id": 25073877, "indices": [27, 43], "id_str": "25073877", "name": "Donald J. Trump"}]}, "lang": "en", "text": "@frostycamel @Team_Trump45 @realDonaldTrump Details.", "source": "<a href=\"http://twitter.com/download/android\" rel=\"nofollow\">Twitter for Android</a>", "id_str": "923725041036136448"}, "profile_use_background_image": true, "id": 23783299, "default_profile": true, "is_translation_enabled": false, "following": false, "is_translator": false, "followers_count": 1, "time_zone": "Pacific Time (US & Canada)", "id_str": "23783299", "lang": "en", "profile_background_image_url_https": "https://abs.twimg.com/images/themes/theme1/bg.png", "listed_count": 0, "location": "Concord, California", "friends_count": 37, "entities": {"url": {"urls": [{"url": "http://t.co/MBuagCc1vd", "expanded_url": "https://twitter.com/wales4me", "indices": [0, 22], "display_url": "twitter.com/wales4me"}]}, "description": {"urls": []}}, "notifications": false}
2017-11-14T03:00:05.436368	{"status": {"in_reply_to_user_id": 905095603297943554, "source": "<a href=\"http://twitter.com/download/android\" rel=\"nofollow\">Twitter for Android</a>", "coordinates": null, "favorited": false, "lang": "en", "in_reply_to_status_id": 923181896858824705, "in_reply_to_user_id_str": "905095603297943554", "created_at": "Fri Oct 27 01:36:26 +0000 2017", "is_quote_status": false, "text": "@frostycamel @Team_Trump45 @realDonaldTrump Details.", "favorite_count": 0, "entities": {"hashtags": [], "symbols": [], "urls": [], "user_mentions": [{"screen_name": "frostycamel", "indices": [0, 12], "name": "Andy", "id": 905095603297943554, "id_str": "905095603297943554"}, {"screen_name": "Team_Trump45", "indices": [13, 26], "name": "Trumpism\u2122", "id": 3580248555, "id_str": "3580248555"}, {"screen_name": "realDonaldTrump", "indices": [27, 43], "name": "Donald J. Trump", "id": 25073877, "id_str": "25073877"}]}, "contributors": null, "id_str": "923725041036136448", "in_reply_to_status_id_str": "923181896858824705", "retweet_count": 0, "geo": null, "id": 923725041036136448, "retweeted": false, "place": null, "truncated": false, "in_reply_to_screen_name": "frostycamel"}, "profile_use_background_image": true, "lang": "en", "default_profile_image": false, "following": false, "profile_background_image_url": "http://abs.twimg.com/images/themes/theme1/bg.png", "contributors_enabled": false, "profile_sidebar_border_color": "C0DEED", "location": "Concord, California", "verified": false, "id_str": "23783299", "profile_background_color": "C0DEED", "has_extended_profile": false, "profile_background_tile": false, "created_at": "Wed Mar 11 16:07:12 +0000 2009", "translator_type": "none", "profile_image_url": "http://pbs.twimg.com/profile_images/1479734318/IMG04_normal.JPG", "time_zone": "Pacific Time (US & Canada)", "profile_link_color": "1DA1F2", "follow_request_sent": false, "followers_count": 1, "listed_count": 0, "entities": {"url": {"urls": [{"expanded_url": "https://twitter.com/wales4me", "display_url": "twitter.com/wales4me", "indices": [0, 22], "url": "http://t.co/MBuagCc1vd"}]}, "description": {"urls": []}}, "geo_enabled": false, "url": "http://t.co/MBuagCc1vd", "statuses_count": 31, "screen_name": "wales4me", "profile_image_url_https": "https://pbs.twimg.com/profile_images/1479734318/IMG04_normal.JPG", "default_profile": true, "profile_sidebar_fill_color": "DDEEF6", "notifications": false, "protected": false, "utc_offset": -28800, "is_translator": false, "is_translation_enabled": false, "favourites_count": 20, "name": "Don", "profile_background_image_url_https": "https://abs.twimg.com/images/themes/theme1/bg.png", "friends_count": 37, "profile_text_color": "333333", "id": 23783299, "description": "Enjoying retirement"}
2017-11-14T04:00:04.504320	{"location": "Concord, California", "time_zone": "Pacific Time (US & Canada)", "is_translation_enabled": false, "notifications": false, "profile_background_image_url_https": "https://abs.twimg.com/images/themes/theme1/bg.png", "id_str": "23783299", "followers_count": 1, "following": false, "statuses_count": 31, "id": 23783299, "screen_name": "wales4me", "translator_type": "none", "created_at": "Wed Mar 11 16:07:12 +0000 2009", "status": {"lang": "en", "id_str": "923725041036136448", "source": "<a href=\"http://twitter.com/download/android\" rel=\"nofollow\">Twitter for Android</a>", "retweet_count": 0, "id": 923725041036136448, "contributors": null, "favorited": false, "in_reply_to_status_id_str": "923181896858824705", "in_reply_to_user_id_str": "905095603297943554", "created_at": "Fri Oct 27 01:36:26 +0000 2017", "coordinates": null, "entities": {"symbols": [], "urls": [], "user_mentions": [{"screen_name": "frostycamel", "name": "Andy", "id_str": "905095603297943554", "indices": [0, 12], "id": 905095603297943554}, {"screen_name": "Team_Trump45", "name": "Trumpism\u2122", "id_str": "3580248555", "indices": [13, 26], "id": 3580248555}, {"screen_name": "realDonaldTrump", "name": "Donald J. Trump", "id_str": "25073877", "indices": [27, 43], "id": 25073877}], "hashtags": []}, "retweeted": false, "is_quote_status": false, "in_reply_to_user_id": 905095603297943554, "in_reply_to_status_id": 923181896858824705, "text": "@frostycamel @Team_Trump45 @realDonaldTrump Details.", "truncated": false, "geo": null, "favorite_count": 0, "place": null, "in_reply_to_screen_name": "frostycamel"}, "profile_background_tile": false, "is_translator": false, "profile_background_color": "C0DEED", "profile_use_background_image": true, "name": "Don", "profile_text_color": "333333", "default_profile_image": false, "description": "Enjoying retirement", "profile_image_url_https": "https://pbs.twimg.com/profile_images/1479734318/IMG04_normal.JPG", "profile_background_image_url": "http://abs.twimg.com/images/themes/theme1/bg.png", "entities": {"description": {"urls": []}, "url": {"urls": [{"display_url": "twitter.com/wales4me", "expanded_url": "https://twitter.com/wales4me", "url": "http://t.co/MBuagCc1vd", "indices": [0, 22]}]}}, "has_extended_profile": false, "favourites_count": 20, "profile_image_url": "http://pbs.twimg.com/profile_images/1479734318/IMG04_normal.JPG", "profile_link_color": "1DA1F2", "default_profile": true, "lang": "en", "listed_count": 0, "geo_enabled": false, "friends_count": 37, "url": "http://t.co/MBuagCc1vd", "profile_sidebar_fill_color": "DDEEF6", "verified": false, "utc_offset": -28800, "contributors_enabled": false, "protected": false, "follow_request_sent": false, "profile_sidebar_border_color": "C0DEED"}
2017-11-14T05:00:05.144061	{"has_extended_profile": false, "following": false, "profile_background_tile": false, "id_str": "23783299", "default_profile_image": false, "favourites_count": 20, "url": "http://t.co/MBuagCc1vd", "protected": false, "description": "Enjoying retirement", "location": "Concord, California", "status": {"source": "<a href=\"http://twitter.com/download/android\" rel=\"nofollow\">Twitter for Android</a>", "id_str": "923725041036136448", "in_reply_to_status_id": 923181896858824705, "lang": "en", "favorited": false, "in_reply_to_status_id_str": "923181896858824705", "in_reply_to_screen_name": "frostycamel", "entities": {"urls": [], "user_mentions": [{"id": 905095603297943554, "name": "Andy", "indices": [0, 12], "id_str": "905095603297943554", "screen_name": "frostycamel"}, {"id": 3580248555, "name": "Trumpism\u2122", "indices": [13, 26], "id_str": "3580248555", "screen_name": "Team_Trump45"}, {"id": 25073877, "name": "Donald J. Trump", "indices": [27, 43], "id_str": "25073877", "screen_name": "realDonaldTrump"}], "symbols": [], "hashtags": []}, "in_reply_to_user_id_str": "905095603297943554", "coordinates": null, "retweeted": false, "id": 923725041036136448, "text": "@frostycamel @Team_Trump45 @realDonaldTrump Details.", "favorite_count": 0, "retweet_count": 0, "truncated": false, "contributors": null, "geo": null, "created_at": "Fri Oct 27 01:36:26 +0000 2017", "place": null, "is_quote_status": false, "in_reply_to_user_id": 905095603297943554}, "follow_request_sent": false, "lang": "en", "profile_background_image_url": "http://abs.twimg.com/images/themes/theme1/bg.png", "default_profile": true, "verified": false, "utc_offset": -28800, "entities": {"url": {"urls": [{"url": "http://t.co/MBuagCc1vd", "expanded_url": "https://twitter.com/wales4me", "display_url": "twitter.com/wales4me", "indices": [0, 22]}]}, "description": {"urls": []}}, "name": "Don", "profile_use_background_image": true, "friends_count": 37, "statuses_count": 31, "listed_count": 0, "id": 23783299, "is_translation_enabled": false, "profile_image_url": "http://pbs.twimg.com/profile_images/1479734318/IMG04_normal.JPG", "profile_background_image_url_https": "https://abs.twimg.com/images/themes/theme1/bg.png", "contributors_enabled": false, "profile_image_url_https": "https://pbs.twimg.com/profile_images/1479734318/IMG04_normal.JPG", "geo_enabled": false, "screen_name": "wales4me", "profile_sidebar_border_color": "C0DEED", "followers_count": 1, "notifications": false, "profile_sidebar_fill_color": "DDEEF6", "is_translator": false, "profile_background_color": "C0DEED", "translator_type": "none", "created_at": "Wed Mar 11 16:07:12 +0000 2009", "time_zone": "Pacific Time (US & Canada)", "profile_text_color": "333333", "profile_link_color": "1DA1F2"}
2017-11-14T06:00:04.784804	{"profile_sidebar_border_color": "C0DEED", "default_profile_image": false, "profile_background_image_url_https": "https://abs.twimg.com/images/themes/theme1/bg.png", "status": {"in_reply_to_status_id": 923181896858824705, "in_reply_to_user_id": 905095603297943554, "in_reply_to_user_id_str": "905095603297943554", "truncated": false, "coordinates": null, "favorited": false, "in_reply_to_status_id_str": "923181896858824705", "text": "@frostycamel @Team_Trump45 @realDonaldTrump Details.", "entities": {"symbols": [], "user_mentions": [{"indices": [0, 12], "name": "Andy", "id_str": "905095603297943554", "screen_name": "frostycamel", "id": 905095603297943554}, {"indices": [13, 26], "name": "Trumpism\u2122", "id_str": "3580248555", "screen_name": "Team_Trump45", "id": 3580248555}, {"indices": [27, 43], "name": "Donald J. Trump", "id_str": "25073877", "screen_name": "realDonaldTrump", "id": 25073877}], "hashtags": [], "urls": []}, "created_at": "Fri Oct 27 01:36:26 +0000 2017", "id_str": "923725041036136448", "id": 923725041036136448, "retweeted": false, "contributors": null, "in_reply_to_screen_name": "frostycamel", "place": null, "favorite_count": 0, "source": "<a href=\"http://twitter.com/download/android\" rel=\"nofollow\">Twitter for Android</a>", "geo": null, "retweet_count": 0, "lang": "en", "is_quote_status": false}, "listed_count": 0, "profile_image_url": "http://pbs.twimg.com/profile_images/1479734318/IMG04_normal.JPG", "profile_image_url_https": "https://pbs.twimg.com/profile_images/1479734318/IMG04_normal.JPG", "profile_sidebar_fill_color": "DDEEF6", "profile_background_color": "C0DEED", "follow_request_sent": false, "utc_offset": -28800, "name": "Don", "profile_link_color": "1DA1F2", "screen_name": "wales4me", "friends_count": 37, "statuses_count": 31, "favourites_count": 20, "description": "Enjoying retirement", "created_at": "Wed Mar 11 16:07:12 +0000 2009", "id_str": "23783299", "profile_background_image_url": "http://abs.twimg.com/images/themes/theme1/bg.png", "id": 23783299, "is_translator": false, "followers_count": 1, "time_zone": "Pacific Time (US & Canada)", "location": "Concord, California", "profile_use_background_image": true, "is_translation_enabled": false, "verified": false, "default_profile": true, "translator_type": "none", "contributors_enabled": false, "protected": false, "geo_enabled": false, "has_extended_profile": false, "profile_background_tile": false, "notifications": false, "lang": "en", "url": "http://t.co/MBuagCc1vd", "profile_text_color": "333333", "entities": {"description": {"urls": []}, "url": {"urls": [{"indices": [0, 22], "expanded_url": "https://twitter.com/wales4me", "url": "http://t.co/MBuagCc1vd", "display_url": "twitter.com/wales4me"}]}}, "following": false}
2017-11-14T07:00:04.751412	{"screen_name": "wales4me", "profile_text_color": "333333", "geo_enabled": false, "id": 23783299, "profile_image_url": "http://pbs.twimg.com/profile_images/1479734318/IMG04_normal.JPG", "entities": {"description": {"urls": []}, "url": {"urls": [{"display_url": "twitter.com/wales4me", "url": "http://t.co/MBuagCc1vd", "expanded_url": "https://twitter.com/wales4me", "indices": [0, 22]}]}}, "default_profile": true, "verified": false, "statuses_count": 31, "id_str": "23783299", "has_extended_profile": false, "following": false, "notifications": false, "profile_link_color": "1DA1F2", "url": "http://t.co/MBuagCc1vd", "default_profile_image": false, "listed_count": 0, "profile_background_tile": false, "profile_sidebar_border_color": "C0DEED", "lang": "en", "translator_type": "none", "friends_count": 37, "utc_offset": -28800, "location": "Concord, California", "follow_request_sent": false, "time_zone": "Pacific Time (US & Canada)", "profile_background_color": "C0DEED", "profile_background_image_url_https": "https://abs.twimg.com/images/themes/theme1/bg.png", "profile_sidebar_fill_color": "DDEEF6", "profile_image_url_https": "https://pbs.twimg.com/profile_images/1479734318/IMG04_normal.JPG", "created_at": "Wed Mar 11 16:07:12 +0000 2009", "favourites_count": 20, "is_translation_enabled": false, "contributors_enabled": false, "profile_use_background_image": true, "followers_count": 1, "is_translator": false, "description": "Enjoying retirement", "status": {"id": 923725041036136448, "entities": {"hashtags": [], "urls": [], "symbols": [], "user_mentions": [{"screen_name": "frostycamel", "id": 905095603297943554, "name": "Andy", "id_str": "905095603297943554", "indices": [0, 12]}, {"screen_name": "Team_Trump45", "id": 3580248555, "name": "Trumpism\u2122", "id_str": "3580248555", "indices": [13, 26]}, {"screen_name": "realDonaldTrump", "id": 25073877, "name": "Donald J. Trump", "id_str": "25073877", "indices": [27, 43]}]}, "source": "<a href=\"http://twitter.com/download/android\" rel=\"nofollow\">Twitter for Android</a>", "favorite_count": 0, "favorited": false, "retweeted": false, "place": null, "id_str": "923725041036136448", "in_reply_to_status_id_str": "923181896858824705", "text": "@frostycamel @Team_Trump45 @realDonaldTrump Details.", "in_reply_to_screen_name": "frostycamel", "in_reply_to_status_id": 923181896858824705, "truncated": false, "is_quote_status": false, "in_reply_to_user_id_str": "905095603297943554", "geo": null, "coordinates": null, "created_at": "Fri Oct 27 01:36:26 +0000 2017", "retweet_count": 0, "contributors": null, "lang": "en", "in_reply_to_user_id": 905095603297943554}, "protected": false, "name": "Don", "profile_background_image_url": "http://abs.twimg.com/images/themes/theme1/bg.png"}
2017-11-14T08:00:05.404833	{"profile_sidebar_fill_color": "DDEEF6", "profile_use_background_image": true, "location": "Concord, California", "profile_image_url": "http://pbs.twimg.com/profile_images/1479734318/IMG04_normal.JPG", "entities": {"description": {"urls": []}, "url": {"urls": [{"indices": [0, 22], "expanded_url": "https://twitter.com/wales4me", "display_url": "twitter.com/wales4me", "url": "http://t.co/MBuagCc1vd"}]}}, "screen_name": "wales4me", "notifications": false, "translator_type": "none", "default_profile_image": false, "lang": "en", "profile_background_image_url": "http://abs.twimg.com/images/themes/theme1/bg.png", "statuses_count": 31, "time_zone": "Pacific Time (US & Canada)", "profile_sidebar_border_color": "C0DEED", "follow_request_sent": false, "favourites_count": 20, "profile_background_tile": false, "protected": false, "url": "http://t.co/MBuagCc1vd", "verified": false, "created_at": "Wed Mar 11 16:07:12 +0000 2009", "description": "Enjoying retirement", "profile_text_color": "333333", "followers_count": 1, "default_profile": true, "profile_link_color": "1DA1F2", "friends_count": 37, "profile_background_color": "C0DEED", "profile_image_url_https": "https://pbs.twimg.com/profile_images/1479734318/IMG04_normal.JPG", "following": false, "utc_offset": -28800, "is_translator": false, "profile_background_image_url_https": "https://abs.twimg.com/images/themes/theme1/bg.png", "id": 23783299, "status": {"in_reply_to_status_id_str": "923181896858824705", "retweeted": false, "in_reply_to_user_id": 905095603297943554, "favorited": false, "lang": "en", "favorite_count": 0, "id_str": "923725041036136448", "source": "<a href=\"http://twitter.com/download/android\" rel=\"nofollow\">Twitter for Android</a>", "geo": null, "contributors": null, "retweet_count": 0, "entities": {"user_mentions": [{"indices": [0, 12], "screen_name": "frostycamel", "id_str": "905095603297943554", "name": "Andy", "id": 905095603297943554}, {"indices": [13, 26], "screen_name": "Team_Trump45", "id_str": "3580248555", "name": "Trumpism\u2122", "id": 3580248555}, {"indices": [27, 43], "screen_name": "realDonaldTrump", "id_str": "25073877", "name": "Donald J. Trump", "id": 25073877}], "symbols": [], "hashtags": [], "urls": []}, "truncated": false, "place": null, "in_reply_to_user_id_str": "905095603297943554", "coordinates": null, "is_quote_status": false, "id": 923725041036136448, "in_reply_to_screen_name": "frostycamel", "created_at": "Fri Oct 27 01:36:26 +0000 2017", "in_reply_to_status_id": 923181896858824705, "text": "@frostycamel @Team_Trump45 @realDonaldTrump Details."}, "id_str": "23783299", "listed_count": 0, "has_extended_profile": false, "name": "Don", "contributors_enabled": false, "geo_enabled": false, "is_translation_enabled": false}
2017-11-14T09:00:05.395669	{"profile_link_color": "1DA1F2", "url": "http://t.co/MBuagCc1vd", "lang": "en", "profile_image_url_https": "https://pbs.twimg.com/profile_images/1479734318/IMG04_normal.JPG", "profile_background_image_url": "http://abs.twimg.com/images/themes/theme1/bg.png", "profile_sidebar_fill_color": "DDEEF6", "location": "Concord, California", "translator_type": "none", "default_profile_image": false, "friends_count": 37, "statuses_count": 31, "contributors_enabled": false, "entities": {"url": {"urls": [{"expanded_url": "https://twitter.com/wales4me", "url": "http://t.co/MBuagCc1vd", "indices": [0, 22], "display_url": "twitter.com/wales4me"}]}, "description": {"urls": []}}, "time_zone": "Pacific Time (US & Canada)", "description": "Enjoying retirement", "listed_count": 0, "geo_enabled": false, "profile_use_background_image": true, "verified": false, "is_translator": false, "followers_count": 1, "profile_sidebar_border_color": "C0DEED", "profile_background_tile": false, "protected": false, "profile_background_image_url_https": "https://abs.twimg.com/images/themes/theme1/bg.png", "favourites_count": 20, "has_extended_profile": false, "profile_background_color": "C0DEED", "name": "Don", "id_str": "23783299", "notifications": false, "status": {"truncated": false, "in_reply_to_user_id": 905095603297943554, "lang": "en", "in_reply_to_status_id_str": "923181896858824705", "source": "<a href=\"http://twitter.com/download/android\" rel=\"nofollow\">Twitter for Android</a>", "retweeted": false, "in_reply_to_screen_name": "frostycamel", "retweet_count": 0, "entities": {"hashtags": [], "urls": [], "symbols": [], "user_mentions": [{"id": 905095603297943554, "screen_name": "frostycamel", "indices": [0, 12], "name": "Andy", "id_str": "905095603297943554"}, {"id": 3580248555, "screen_name": "Team_Trump45", "indices": [13, 26], "name": "Trumpism\u2122", "id_str": "3580248555"}, {"id": 25073877, "screen_name": "realDonaldTrump", "indices": [27, 43], "name": "Donald J. Trump", "id_str": "25073877"}]}, "in_reply_to_status_id": 923181896858824705, "geo": null, "contributors": null, "coordinates": null, "id_str": "923725041036136448", "is_quote_status": false, "id": 923725041036136448, "created_at": "Fri Oct 27 01:36:26 +0000 2017", "favorite_count": 0, "text": "@frostycamel @Team_Trump45 @realDonaldTrump Details.", "in_reply_to_user_id_str": "905095603297943554", "favorited": false, "place": null}, "default_profile": true, "follow_request_sent": false, "id": 23783299, "screen_name": "wales4me", "created_at": "Wed Mar 11 16:07:12 +0000 2009", "following": false, "utc_offset": -28800, "is_translation_enabled": false, "profile_image_url": "http://pbs.twimg.com/profile_images/1479734318/IMG04_normal.JPG", "profile_text_color": "333333"}
2017-11-14T10:00:04.790269	{"followers_count": 1, "id": 23783299, "profile_background_image_url_https": "https://abs.twimg.com/images/themes/theme1/bg.png", "status": {"in_reply_to_status_id": 923181896858824705, "id": 923725041036136448, "contributors": null, "text": "@frostycamel @Team_Trump45 @realDonaldTrump Details.", "lang": "en", "id_str": "923725041036136448", "in_reply_to_user_id_str": "905095603297943554", "geo": null, "retweet_count": 0, "source": "<a href=\"http://twitter.com/download/android\" rel=\"nofollow\">Twitter for Android</a>", "is_quote_status": false, "coordinates": null, "favorite_count": 0, "in_reply_to_user_id": 905095603297943554, "place": null, "in_reply_to_status_id_str": "923181896858824705", "truncated": false, "in_reply_to_screen_name": "frostycamel", "entities": {"user_mentions": [{"indices": [0, 12], "id": 905095603297943554, "name": "Andy", "screen_name": "frostycamel", "id_str": "905095603297943554"}, {"indices": [13, 26], "id": 3580248555, "name": "Trumpism\u2122", "screen_name": "Team_Trump45", "id_str": "3580248555"}, {"indices": [27, 43], "id": 25073877, "name": "Donald J. Trump", "screen_name": "realDonaldTrump", "id_str": "25073877"}], "symbols": [], "urls": [], "hashtags": []}, "created_at": "Fri Oct 27 01:36:26 +0000 2017", "favorited": false, "retweeted": false}, "profile_use_background_image": true, "lang": "en", "description": "Enjoying retirement", "id_str": "23783299", "statuses_count": 31, "profile_image_url_https": "https://pbs.twimg.com/profile_images/1479734318/IMG04_normal.JPG", "profile_link_color": "1DA1F2", "profile_sidebar_border_color": "C0DEED", "time_zone": "Pacific Time (US & Canada)", "profile_text_color": "333333", "location": "Concord, California", "default_profile_image": false, "screen_name": "wales4me", "profile_image_url": "http://pbs.twimg.com/profile_images/1479734318/IMG04_normal.JPG", "verified": false, "url": "http://t.co/MBuagCc1vd", "is_translation_enabled": false, "listed_count": 0, "default_profile": true, "is_translator": false, "notifications": false, "protected": false, "favourites_count": 20, "profile_background_tile": false, "name": "Don", "friends_count": 37, "utc_offset": -28800, "has_extended_profile": false, "geo_enabled": false, "translator_type": "none", "following": false, "entities": {"description": {"urls": []}, "url": {"urls": [{"indices": [0, 22], "expanded_url": "https://twitter.com/wales4me", "display_url": "twitter.com/wales4me", "url": "http://t.co/MBuagCc1vd"}]}}, "created_at": "Wed Mar 11 16:07:12 +0000 2009", "contributors_enabled": false, "profile_background_image_url": "http://abs.twimg.com/images/themes/theme1/bg.png", "profile_background_color": "C0DEED", "follow_request_sent": false, "profile_sidebar_fill_color": "DDEEF6"}
2017-11-14T11:00:05.762420	{"default_profile_image": false, "favourites_count": 20, "profile_use_background_image": true, "notifications": false, "translator_type": "none", "followers_count": 1, "description": "Enjoying retirement", "status": {"source": "<a href=\"http://twitter.com/download/android\" rel=\"nofollow\">Twitter for Android</a>", "retweeted": false, "geo": null, "truncated": false, "favorited": false, "retweet_count": 0, "lang": "en", "place": null, "text": "@frostycamel @Team_Trump45 @realDonaldTrump Details.", "id": 923725041036136448, "id_str": "923725041036136448", "coordinates": null, "in_reply_to_screen_name": "frostycamel", "in_reply_to_status_id_str": "923181896858824705", "in_reply_to_user_id_str": "905095603297943554", "in_reply_to_user_id": 905095603297943554, "created_at": "Fri Oct 27 01:36:26 +0000 2017", "contributors": null, "is_quote_status": false, "in_reply_to_status_id": 923181896858824705, "entities": {"symbols": [], "user_mentions": [{"screen_name": "frostycamel", "name": "Andy", "id": 905095603297943554, "indices": [0, 12], "id_str": "905095603297943554"}, {"screen_name": "Team_Trump45", "name": "Trumpism\u2122", "id": 3580248555, "indices": [13, 26], "id_str": "3580248555"}, {"screen_name": "realDonaldTrump", "name": "Donald J. Trump", "id": 25073877, "indices": [27, 43], "id_str": "25073877"}], "urls": [], "hashtags": []}, "favorite_count": 0}, "profile_text_color": "333333", "is_translator": false, "profile_background_tile": false, "screen_name": "wales4me", "url": "http://t.co/MBuagCc1vd", "follow_request_sent": false, "time_zone": "Pacific Time (US & Canada)", "has_extended_profile": false, "lang": "en", "profile_image_url": "http://pbs.twimg.com/profile_images/1479734318/IMG04_normal.JPG", "friends_count": 37, "statuses_count": 31, "profile_background_image_url_https": "https://abs.twimg.com/images/themes/theme1/bg.png", "id_str": "23783299", "protected": false, "id": 23783299, "is_translation_enabled": false, "location": "Concord, California", "default_profile": true, "profile_sidebar_fill_color": "DDEEF6", "contributors_enabled": false, "created_at": "Wed Mar 11 16:07:12 +0000 2009", "listed_count": 0, "geo_enabled": false, "utc_offset": -28800, "name": "Don", "profile_link_color": "1DA1F2", "profile_image_url_https": "https://pbs.twimg.com/profile_images/1479734318/IMG04_normal.JPG", "following": false, "profile_background_color": "C0DEED", "profile_background_image_url": "http://abs.twimg.com/images/themes/theme1/bg.png", "verified": false, "profile_sidebar_border_color": "C0DEED", "entities": {"description": {"urls": []}, "url": {"urls": [{"display_url": "twitter.com/wales4me", "url": "http://t.co/MBuagCc1vd", "indices": [0, 22], "expanded_url": "https://twitter.com/wales4me"}]}}}
2017-11-14T12:00:04.445917	{"entities": {"url": {"urls": [{"url": "http://t.co/MBuagCc1vd", "indices": [0, 22], "expanded_url": "https://twitter.com/wales4me", "display_url": "twitter.com/wales4me"}]}, "description": {"urls": []}}, "utc_offset": -28800, "contributors_enabled": false, "friends_count": 37, "translator_type": "none", "id_str": "23783299", "url": "http://t.co/MBuagCc1vd", "profile_link_color": "1DA1F2", "statuses_count": 31, "profile_background_tile": false, "has_extended_profile": false, "following": false, "default_profile_image": false, "status": {"favorited": false, "entities": {"symbols": [], "urls": [], "hashtags": [], "user_mentions": [{"screen_name": "frostycamel", "id_str": "905095603297943554", "indices": [0, 12], "name": "Andy", "id": 905095603297943554}, {"screen_name": "Team_Trump45", "id_str": "3580248555", "indices": [13, 26], "name": "Trumpism\u2122", "id": 3580248555}, {"screen_name": "realDonaldTrump", "id_str": "25073877", "indices": [27, 43], "name": "Donald J. Trump", "id": 25073877}]}, "in_reply_to_status_id_str": "923181896858824705", "in_reply_to_screen_name": "frostycamel", "retweet_count": 0, "in_reply_to_status_id": 923181896858824705, "is_quote_status": false, "geo": null, "retweeted": false, "in_reply_to_user_id_str": "905095603297943554", "in_reply_to_user_id": 905095603297943554, "place": null, "favorite_count": 0, "lang": "en", "text": "@frostycamel @Team_Trump45 @realDonaldTrump Details.", "truncated": false, "id": 923725041036136448, "created_at": "Fri Oct 27 01:36:26 +0000 2017", "contributors": null, "id_str": "923725041036136448", "source": "<a href=\"http://twitter.com/download/android\" rel=\"nofollow\">Twitter for Android</a>", "coordinates": null}, "profile_image_url_https": "https://pbs.twimg.com/profile_images/1479734318/IMG04_normal.JPG", "protected": false, "time_zone": "Pacific Time (US & Canada)", "default_profile": true, "profile_background_image_url": "http://abs.twimg.com/images/themes/theme1/bg.png", "is_translator": false, "profile_use_background_image": true, "profile_sidebar_fill_color": "DDEEF6", "lang": "en", "description": "Enjoying retirement", "verified": false, "followers_count": 1, "favourites_count": 20, "profile_background_color": "C0DEED", "location": "Concord, California", "name": "Don", "id": 23783299, "created_at": "Wed Mar 11 16:07:12 +0000 2009", "screen_name": "wales4me", "notifications": false, "profile_sidebar_border_color": "C0DEED", "geo_enabled": false, "follow_request_sent": false, "is_translation_enabled": false, "profile_text_color": "333333", "profile_image_url": "http://pbs.twimg.com/profile_images/1479734318/IMG04_normal.JPG", "listed_count": 0, "profile_background_image_url_https": "https://abs.twimg.com/images/themes/theme1/bg.png"}
2017-11-14T13:00:05.694413	{"followers_count": 1, "created_at": "Wed Mar 11 16:07:12 +0000 2009", "id_str": "23783299", "lang": "en", "protected": false, "profile_use_background_image": true, "statuses_count": 31, "profile_background_tile": false, "profile_background_image_url_https": "https://abs.twimg.com/images/themes/theme1/bg.png", "time_zone": "Pacific Time (US & Canada)", "listed_count": 0, "follow_request_sent": false, "screen_name": "wales4me", "profile_background_image_url": "http://abs.twimg.com/images/themes/theme1/bg.png", "location": "Concord, California", "is_translation_enabled": false, "profile_background_color": "C0DEED", "description": "Enjoying retirement", "verified": false, "has_extended_profile": false, "entities": {"description": {"urls": []}, "url": {"urls": [{"indices": [0, 22], "expanded_url": "https://twitter.com/wales4me", "url": "http://t.co/MBuagCc1vd", "display_url": "twitter.com/wales4me"}]}}, "default_profile": true, "notifications": false, "name": "Don", "url": "http://t.co/MBuagCc1vd", "default_profile_image": false, "contributors_enabled": false, "profile_link_color": "1DA1F2", "geo_enabled": false, "favourites_count": 20, "following": false, "profile_sidebar_fill_color": "DDEEF6", "profile_image_url": "http://pbs.twimg.com/profile_images/1479734318/IMG04_normal.JPG", "status": {"created_at": "Fri Oct 27 01:36:26 +0000 2017", "id_str": "923725041036136448", "lang": "en", "geo": null, "coordinates": null, "source": "<a href=\"http://twitter.com/download/android\" rel=\"nofollow\">Twitter for Android</a>", "retweet_count": 0, "retweeted": false, "contributors": null, "entities": {"user_mentions": [{"id": 905095603297943554, "screen_name": "frostycamel", "name": "Andy", "id_str": "905095603297943554", "indices": [0, 12]}, {"id": 3580248555, "screen_name": "Team_Trump45", "name": "Trumpism\u2122", "id_str": "3580248555", "indices": [13, 26]}, {"id": 25073877, "screen_name": "realDonaldTrump", "name": "Donald J. Trump", "id_str": "25073877", "indices": [27, 43]}], "symbols": [], "hashtags": [], "urls": []}, "truncated": false, "in_reply_to_user_id": 905095603297943554, "is_quote_status": false, "in_reply_to_user_id_str": "905095603297943554", "favorited": false, "favorite_count": 0, "text": "@frostycamel @Team_Trump45 @realDonaldTrump Details.", "place": null, "in_reply_to_screen_name": "frostycamel", "id": 923725041036136448, "in_reply_to_status_id_str": "923181896858824705", "in_reply_to_status_id": 923181896858824705}, "profile_image_url_https": "https://pbs.twimg.com/profile_images/1479734318/IMG04_normal.JPG", "utc_offset": -28800, "id": 23783299, "translator_type": "none", "profile_text_color": "333333", "profile_sidebar_border_color": "C0DEED", "friends_count": 37, "is_translator": false}
2017-11-14T14:00:05.321401	{"geo_enabled": false, "url": "http://t.co/MBuagCc1vd", "utc_offset": -28800, "default_profile_image": false, "is_translator": false, "listed_count": 0, "id_str": "23783299", "profile_background_color": "C0DEED", "favourites_count": 20, "id": 23783299, "description": "Enjoying retirement", "statuses_count": 31, "notifications": false, "friends_count": 37, "profile_text_color": "333333", "status": {"contributors": null, "in_reply_to_status_id": 923181896858824705, "truncated": false, "text": "@frostycamel @Team_Trump45 @realDonaldTrump Details.", "id_str": "923725041036136448", "id": 923725041036136448, "favorited": false, "source": "<a href=\"http://twitter.com/download/android\" rel=\"nofollow\">Twitter for Android</a>", "is_quote_status": false, "geo": null, "coordinates": null, "in_reply_to_screen_name": "frostycamel", "created_at": "Fri Oct 27 01:36:26 +0000 2017", "retweeted": false, "entities": {"urls": [], "user_mentions": [{"id_str": "905095603297943554", "name": "Andy", "indices": [0, 12], "id": 905095603297943554, "screen_name": "frostycamel"}, {"id_str": "3580248555", "name": "Trumpism\u2122", "indices": [13, 26], "id": 3580248555, "screen_name": "Team_Trump45"}, {"id_str": "25073877", "name": "Donald J. Trump", "indices": [27, 43], "id": 25073877, "screen_name": "realDonaldTrump"}], "hashtags": [], "symbols": []}, "place": null, "favorite_count": 0, "in_reply_to_user_id_str": "905095603297943554", "lang": "en", "in_reply_to_status_id_str": "923181896858824705", "retweet_count": 0, "in_reply_to_user_id": 905095603297943554}, "profile_link_color": "1DA1F2", "profile_background_image_url": "http://abs.twimg.com/images/themes/theme1/bg.png", "profile_background_tile": false, "created_at": "Wed Mar 11 16:07:12 +0000 2009", "verified": false, "profile_image_url_https": "https://pbs.twimg.com/profile_images/1479734318/IMG04_normal.JPG", "protected": false, "location": "Concord, California", "followers_count": 1, "profile_sidebar_fill_color": "DDEEF6", "entities": {"url": {"urls": [{"url": "http://t.co/MBuagCc1vd", "indices": [0, 22], "expanded_url": "https://twitter.com/wales4me", "display_url": "twitter.com/wales4me"}]}, "description": {"urls": []}}, "time_zone": "Pacific Time (US & Canada)", "has_extended_profile": false, "profile_sidebar_border_color": "C0DEED", "profile_use_background_image": true, "is_translation_enabled": false, "translator_type": "none", "name": "Don", "contributors_enabled": false, "screen_name": "wales4me", "profile_image_url": "http://pbs.twimg.com/profile_images/1479734318/IMG04_normal.JPG", "lang": "en", "profile_background_image_url_https": "https://abs.twimg.com/images/themes/theme1/bg.png", "follow_request_sent": false, "following": false, "default_profile": true}
2017-11-14T15:00:05.612076	{"friends_count": 37, "location": "Concord, California", "is_translation_enabled": false, "profile_image_url_https": "https://pbs.twimg.com/profile_images/1479734318/IMG04_normal.JPG", "favourites_count": 20, "name": "Don", "description": "Enjoying retirement", "entities": {"url": {"urls": [{"indices": [0, 22], "display_url": "twitter.com/wales4me", "url": "http://t.co/MBuagCc1vd", "expanded_url": "https://twitter.com/wales4me"}]}, "description": {"urls": []}}, "profile_background_image_url_https": "https://abs.twimg.com/images/themes/theme1/bg.png", "profile_sidebar_border_color": "C0DEED", "profile_image_url": "http://pbs.twimg.com/profile_images/1479734318/IMG04_normal.JPG", "url": "http://t.co/MBuagCc1vd", "has_extended_profile": false, "profile_background_image_url": "http://abs.twimg.com/images/themes/theme1/bg.png", "followers_count": 1, "statuses_count": 31, "is_translator": false, "protected": false, "profile_background_color": "C0DEED", "profile_link_color": "1DA1F2", "created_at": "Wed Mar 11 16:07:12 +0000 2009", "time_zone": "Pacific Time (US & Canada)", "geo_enabled": false, "profile_sidebar_fill_color": "DDEEF6", "default_profile_image": false, "profile_text_color": "333333", "status": {"truncated": false, "retweet_count": 0, "favorite_count": 0, "entities": {"symbols": [], "user_mentions": [{"id": 905095603297943554, "id_str": "905095603297943554", "screen_name": "frostycamel", "name": "Andy", "indices": [0, 12]}, {"id": 3580248555, "id_str": "3580248555", "screen_name": "Team_Trump45", "name": "Trumpism\u2122", "indices": [13, 26]}, {"id": 25073877, "id_str": "25073877", "screen_name": "realDonaldTrump", "name": "Donald J. Trump", "indices": [27, 43]}], "hashtags": [], "urls": []}, "in_reply_to_user_id": 905095603297943554, "is_quote_status": false, "coordinates": null, "text": "@frostycamel @Team_Trump45 @realDonaldTrump Details.", "favorited": false, "contributors": null, "source": "<a href=\"http://twitter.com/download/android\" rel=\"nofollow\">Twitter for Android</a>", "geo": null, "lang": "en", "in_reply_to_status_id": 923181896858824705, "created_at": "Fri Oct 27 01:36:26 +0000 2017", "in_reply_to_user_id_str": "905095603297943554", "in_reply_to_screen_name": "frostycamel", "place": null, "id": 923725041036136448, "id_str": "923725041036136448", "in_reply_to_status_id_str": "923181896858824705", "retweeted": false}, "lang": "en", "id": 23783299, "profile_background_tile": false, "notifications": false, "default_profile": true, "utc_offset": -28800, "translator_type": "none", "verified": false, "id_str": "23783299", "profile_use_background_image": true, "listed_count": 0, "follow_request_sent": false, "screen_name": "wales4me", "following": false, "contributors_enabled": false}
2017-11-14T16:00:05.265451	{"notifications": false, "protected": false, "followers_count": 1, "profile_sidebar_border_color": "C0DEED", "entities": {"url": {"urls": [{"indices": [0, 22], "expanded_url": "https://twitter.com/wales4me", "url": "http://t.co/MBuagCc1vd", "display_url": "twitter.com/wales4me"}]}, "description": {"urls": []}}, "id": 23783299, "status": {"lang": "en", "place": null, "id": 923725041036136448, "text": "@frostycamel @Team_Trump45 @realDonaldTrump Details.", "geo": null, "in_reply_to_status_id": 923181896858824705, "coordinates": null, "in_reply_to_status_id_str": "923181896858824705", "favorited": false, "retweeted": false, "id_str": "923725041036136448", "in_reply_to_user_id": 905095603297943554, "in_reply_to_screen_name": "frostycamel", "favorite_count": 0, "in_reply_to_user_id_str": "905095603297943554", "truncated": false, "retweet_count": 0, "contributors": null, "entities": {"urls": [], "user_mentions": [{"id": 905095603297943554, "id_str": "905095603297943554", "name": "Andy", "screen_name": "frostycamel", "indices": [0, 12]}, {"id": 3580248555, "id_str": "3580248555", "name": "Trumpism\u2122", "screen_name": "Team_Trump45", "indices": [13, 26]}, {"id": 25073877, "id_str": "25073877", "name": "Donald J. Trump", "screen_name": "realDonaldTrump", "indices": [27, 43]}], "hashtags": [], "symbols": []}, "created_at": "Fri Oct 27 01:36:26 +0000 2017", "source": "<a href=\"http://twitter.com/download/android\" rel=\"nofollow\">Twitter for Android</a>", "is_quote_status": false}, "profile_sidebar_fill_color": "DDEEF6", "is_translator": false, "verified": false, "time_zone": "Pacific Time (US & Canada)", "default_profile": true, "geo_enabled": false, "profile_background_tile": false, "friends_count": 37, "is_translation_enabled": false, "id_str": "23783299", "location": "Concord, California", "listed_count": 0, "profile_use_background_image": true, "name": "Don", "profile_image_url": "http://pbs.twimg.com/profile_images/1479734318/IMG04_normal.JPG", "profile_background_image_url": "http://abs.twimg.com/images/themes/theme1/bg.png", "following": false, "favourites_count": 20, "translator_type": "none", "profile_background_image_url_https": "https://abs.twimg.com/images/themes/theme1/bg.png", "profile_link_color": "1DA1F2", "has_extended_profile": false, "utc_offset": -28800, "url": "http://t.co/MBuagCc1vd", "follow_request_sent": false, "profile_text_color": "333333", "profile_background_color": "C0DEED", "profile_image_url_https": "https://pbs.twimg.com/profile_images/1479734318/IMG04_normal.JPG", "contributors_enabled": false, "default_profile_image": false, "statuses_count": 31, "lang": "en", "created_at": "Wed Mar 11 16:07:12 +0000 2009", "screen_name": "wales4me", "description": "Enjoying retirement"}
2017-11-14T17:00:05.951127	{"status": {"in_reply_to_status_id_str": "923181896858824705", "id_str": "923725041036136448", "text": "@frostycamel @Team_Trump45 @realDonaldTrump Details.", "place": null, "coordinates": null, "retweeted": false, "id": 923725041036136448, "truncated": false, "favorite_count": 0, "entities": {"hashtags": [], "symbols": [], "user_mentions": [{"name": "Andy", "id_str": "905095603297943554", "screen_name": "frostycamel", "id": 905095603297943554, "indices": [0, 12]}, {"name": "Trumpism\u2122", "id_str": "3580248555", "screen_name": "Team_Trump45", "id": 3580248555, "indices": [13, 26]}, {"name": "Donald J. Trump", "id_str": "25073877", "screen_name": "realDonaldTrump", "id": 25073877, "indices": [27, 43]}], "urls": []}, "in_reply_to_status_id": 923181896858824705, "in_reply_to_user_id": 905095603297943554, "created_at": "Fri Oct 27 01:36:26 +0000 2017", "is_quote_status": false, "geo": null, "favorited": false, "source": "<a href=\"http://twitter.com/download/android\" rel=\"nofollow\">Twitter for Android</a>", "retweet_count": 0, "contributors": null, "in_reply_to_user_id_str": "905095603297943554", "in_reply_to_screen_name": "frostycamel", "lang": "en"}, "contributors_enabled": false, "id_str": "23783299", "listed_count": 0, "profile_sidebar_border_color": "C0DEED", "translator_type": "none", "url": "http://t.co/MBuagCc1vd", "profile_image_url_https": "https://pbs.twimg.com/profile_images/1479734318/IMG04_normal.JPG", "description": "Enjoying retirement", "profile_background_image_url_https": "https://abs.twimg.com/images/themes/theme1/bg.png", "profile_use_background_image": true, "id": 23783299, "notifications": false, "profile_link_color": "1DA1F2", "following": false, "favourites_count": 20, "utc_offset": -28800, "statuses_count": 31, "verified": false, "entities": {"description": {"urls": []}, "url": {"urls": [{"expanded_url": "https://twitter.com/wales4me", "indices": [0, 22], "url": "http://t.co/MBuagCc1vd", "display_url": "twitter.com/wales4me"}]}}, "profile_background_tile": false, "created_at": "Wed Mar 11 16:07:12 +0000 2009", "default_profile": true, "profile_sidebar_fill_color": "DDEEF6", "geo_enabled": false, "screen_name": "wales4me", "followers_count": 1, "follow_request_sent": false, "profile_image_url": "http://pbs.twimg.com/profile_images/1479734318/IMG04_normal.JPG", "profile_background_color": "C0DEED", "default_profile_image": false, "time_zone": "Pacific Time (US & Canada)", "is_translator": false, "has_extended_profile": false, "friends_count": 37, "protected": false, "name": "Don", "profile_text_color": "333333", "is_translation_enabled": false, "location": "Concord, California", "lang": "en", "profile_background_image_url": "http://abs.twimg.com/images/themes/theme1/bg.png"}
2017-11-14T18:00:05.718910	{"has_extended_profile": false, "lang": "en", "verified": false, "notifications": false, "profile_sidebar_fill_color": "DDEEF6", "contributors_enabled": false, "entities": {"description": {"urls": []}, "url": {"urls": [{"url": "http://t.co/MBuagCc1vd", "display_url": "twitter.com/wales4me", "indices": [0, 22], "expanded_url": "https://twitter.com/wales4me"}]}}, "statuses_count": 31, "location": "Concord, California", "profile_image_url_https": "https://pbs.twimg.com/profile_images/1479734318/IMG04_normal.JPG", "utc_offset": -28800, "profile_background_tile": false, "profile_use_background_image": true, "profile_background_color": "C0DEED", "following": false, "favourites_count": 20, "protected": false, "status": {"lang": "en", "in_reply_to_user_id": 905095603297943554, "in_reply_to_screen_name": "frostycamel", "entities": {"urls": [], "hashtags": [], "symbols": [], "user_mentions": [{"id": 905095603297943554, "indices": [0, 12], "id_str": "905095603297943554", "screen_name": "frostycamel", "name": "Andy"}, {"id": 3580248555, "indices": [13, 26], "id_str": "3580248555", "screen_name": "Team_Trump45", "name": "Trumpism\u2122"}, {"id": 25073877, "indices": [27, 43], "id_str": "25073877", "screen_name": "realDonaldTrump", "name": "Donald J. Trump"}]}, "geo": null, "is_quote_status": false, "favorited": false, "in_reply_to_user_id_str": "905095603297943554", "retweeted": false, "text": "@frostycamel @Team_Trump45 @realDonaldTrump Details.", "truncated": false, "favorite_count": 0, "id_str": "923725041036136448", "id": 923725041036136448, "source": "<a href=\"http://twitter.com/download/android\" rel=\"nofollow\">Twitter for Android</a>", "created_at": "Fri Oct 27 01:36:26 +0000 2017", "in_reply_to_status_id_str": "923181896858824705", "retweet_count": 0, "in_reply_to_status_id": 923181896858824705, "place": null, "contributors": null, "coordinates": null}, "name": "Don", "profile_text_color": "333333", "listed_count": 0, "id_str": "23783299", "id": 23783299, "profile_link_color": "1DA1F2", "default_profile_image": false, "friends_count": 37, "followers_count": 1, "created_at": "Wed Mar 11 16:07:12 +0000 2009", "screen_name": "wales4me", "default_profile": true, "time_zone": "Pacific Time (US & Canada)", "profile_background_image_url": "http://abs.twimg.com/images/themes/theme1/bg.png", "description": "Enjoying retirement", "is_translation_enabled": false, "translator_type": "none", "profile_image_url": "http://pbs.twimg.com/profile_images/1479734318/IMG04_normal.JPG", "geo_enabled": false, "is_translator": false, "profile_sidebar_border_color": "C0DEED", "url": "http://t.co/MBuagCc1vd", "follow_request_sent": false, "profile_background_image_url_https": "https://abs.twimg.com/images/themes/theme1/bg.png"}
2017-11-14T19:00:05.175189	{"listed_count": 0, "id_str": "23783299", "created_at": "Wed Mar 11 16:07:12 +0000 2009", "geo_enabled": false, "follow_request_sent": false, "protected": false, "entities": {"url": {"urls": [{"url": "http://t.co/MBuagCc1vd", "expanded_url": "https://twitter.com/wales4me", "indices": [0, 22], "display_url": "twitter.com/wales4me"}]}, "description": {"urls": []}}, "profile_background_image_url_https": "https://abs.twimg.com/images/themes/theme1/bg.png", "contributors_enabled": false, "is_translation_enabled": false, "profile_image_url_https": "https://pbs.twimg.com/profile_images/1479734318/IMG04_normal.JPG", "friends_count": 37, "default_profile": true, "notifications": false, "utc_offset": -28800, "is_translator": false, "screen_name": "wales4me", "lang": "en", "name": "Don", "url": "http://t.co/MBuagCc1vd", "description": "Enjoying retirement", "following": false, "id": 23783299, "statuses_count": 31, "profile_text_color": "333333", "verified": false, "profile_background_color": "C0DEED", "has_extended_profile": false, "profile_use_background_image": true, "profile_background_image_url": "http://abs.twimg.com/images/themes/theme1/bg.png", "default_profile_image": false, "profile_sidebar_border_color": "C0DEED", "profile_background_tile": false, "profile_link_color": "1DA1F2", "followers_count": 1, "translator_type": "none", "status": {"in_reply_to_status_id": 923181896858824705, "id_str": "923725041036136448", "created_at": "Fri Oct 27 01:36:26 +0000 2017", "coordinates": null, "id": 923725041036136448, "entities": {"symbols": [], "user_mentions": [{"id_str": "905095603297943554", "indices": [0, 12], "id": 905095603297943554, "screen_name": "frostycamel", "name": "Andy"}, {"id_str": "3580248555", "indices": [13, 26], "id": 3580248555, "screen_name": "Team_Trump45", "name": "Trumpism\u2122"}, {"id_str": "25073877", "indices": [27, 43], "id": 25073877, "screen_name": "realDonaldTrump", "name": "Donald J. Trump"}], "urls": [], "hashtags": []}, "in_reply_to_user_id_str": "905095603297943554", "in_reply_to_user_id": 905095603297943554, "retweet_count": 0, "favorited": false, "favorite_count": 0, "place": null, "contributors": null, "text": "@frostycamel @Team_Trump45 @realDonaldTrump Details.", "in_reply_to_screen_name": "frostycamel", "source": "<a href=\"http://twitter.com/download/android\" rel=\"nofollow\">Twitter for Android</a>", "geo": null, "lang": "en", "is_quote_status": false, "retweeted": false, "in_reply_to_status_id_str": "923181896858824705", "truncated": false}, "profile_sidebar_fill_color": "DDEEF6", "profile_image_url": "http://pbs.twimg.com/profile_images/1479734318/IMG04_normal.JPG", "time_zone": "Pacific Time (US & Canada)", "location": "Concord, California", "favourites_count": 20}
2017-11-14T20:00:05.066943	{"description": "Enjoying retirement", "status": {"in_reply_to_screen_name": "frostycamel", "in_reply_to_user_id_str": "905095603297943554", "truncated": false, "in_reply_to_user_id": 905095603297943554, "source": "<a href=\"http://twitter.com/download/android\" rel=\"nofollow\">Twitter for Android</a>", "lang": "en", "favorite_count": 0, "favorited": false, "created_at": "Fri Oct 27 01:36:26 +0000 2017", "coordinates": null, "id_str": "923725041036136448", "geo": null, "is_quote_status": false, "id": 923725041036136448, "entities": {"urls": [], "user_mentions": [{"screen_name": "frostycamel", "name": "Andy", "id_str": "905095603297943554", "indices": [0, 12], "id": 905095603297943554}, {"screen_name": "Team_Trump45", "name": "Trumpism\u2122", "id_str": "3580248555", "indices": [13, 26], "id": 3580248555}, {"screen_name": "realDonaldTrump", "name": "Donald J. Trump", "id_str": "25073877", "indices": [27, 43], "id": 25073877}], "symbols": [], "hashtags": []}, "text": "@frostycamel @Team_Trump45 @realDonaldTrump Details.", "place": null, "retweet_count": 0, "in_reply_to_status_id": 923181896858824705, "in_reply_to_status_id_str": "923181896858824705", "contributors": null, "retweeted": false}, "time_zone": "Pacific Time (US & Canada)", "screen_name": "wales4me", "location": "Concord, California", "listed_count": 0, "notifications": false, "statuses_count": 31, "friends_count": 37, "profile_image_url": "http://pbs.twimg.com/profile_images/1479734318/IMG04_normal.JPG", "default_profile_image": false, "profile_sidebar_fill_color": "DDEEF6", "followers_count": 1, "contributors_enabled": false, "default_profile": true, "url": "http://t.co/MBuagCc1vd", "created_at": "Wed Mar 11 16:07:12 +0000 2009", "is_translator": false, "geo_enabled": false, "profile_background_image_url": "http://abs.twimg.com/images/themes/theme1/bg.png", "id_str": "23783299", "profile_text_color": "333333", "utc_offset": -28800, "favourites_count": 20, "translator_type": "none", "is_translation_enabled": false, "id": 23783299, "name": "Don", "entities": {"url": {"urls": [{"url": "http://t.co/MBuagCc1vd", "indices": [0, 22], "expanded_url": "https://twitter.com/wales4me", "display_url": "twitter.com/wales4me"}]}, "description": {"urls": []}}, "profile_background_color": "C0DEED", "following": false, "verified": false, "follow_request_sent": false, "profile_sidebar_border_color": "C0DEED", "profile_background_image_url_https": "https://abs.twimg.com/images/themes/theme1/bg.png", "profile_use_background_image": true, "profile_link_color": "1DA1F2", "lang": "en", "profile_background_tile": false, "has_extended_profile": false, "protected": false, "profile_image_url_https": "https://pbs.twimg.com/profile_images/1479734318/IMG04_normal.JPG"}
2017-11-14T21:00:05.275579	{"has_extended_profile": false, "follow_request_sent": false, "entities": {"url": {"urls": [{"indices": [0, 22], "url": "http://t.co/MBuagCc1vd", "expanded_url": "https://twitter.com/wales4me", "display_url": "twitter.com/wales4me"}]}, "description": {"urls": []}}, "profile_background_image_url": "http://abs.twimg.com/images/themes/theme1/bg.png", "following": false, "profile_image_url_https": "https://pbs.twimg.com/profile_images/1479734318/IMG04_normal.JPG", "statuses_count": 31, "profile_background_color": "C0DEED", "verified": false, "utc_offset": -28800, "is_translation_enabled": false, "profile_text_color": "333333", "profile_link_color": "1DA1F2", "translator_type": "none", "default_profile": true, "lang": "en", "profile_background_tile": false, "default_profile_image": false, "name": "Don", "profile_image_url": "http://pbs.twimg.com/profile_images/1479734318/IMG04_normal.JPG", "id_str": "23783299", "geo_enabled": false, "contributors_enabled": false, "profile_use_background_image": true, "location": "Concord, California", "time_zone": "Pacific Time (US & Canada)", "followers_count": 1, "profile_background_image_url_https": "https://abs.twimg.com/images/themes/theme1/bg.png", "description": "Enjoying retirement", "profile_sidebar_fill_color": "DDEEF6", "id": 23783299, "friends_count": 37, "profile_sidebar_border_color": "C0DEED", "status": {"entities": {"symbols": [], "hashtags": [], "urls": [], "user_mentions": [{"name": "Andy", "id": 905095603297943554, "id_str": "905095603297943554", "screen_name": "frostycamel", "indices": [0, 12]}, {"name": "Trumpism\u2122", "id": 3580248555, "id_str": "3580248555", "screen_name": "Team_Trump45", "indices": [13, 26]}, {"name": "Donald J. Trump", "id": 25073877, "id_str": "25073877", "screen_name": "realDonaldTrump", "indices": [27, 43]}]}, "geo": null, "truncated": false, "source": "<a href=\"http://twitter.com/download/android\" rel=\"nofollow\">Twitter for Android</a>", "text": "@frostycamel @Team_Trump45 @realDonaldTrump Details.", "in_reply_to_user_id": 905095603297943554, "lang": "en", "favorited": false, "place": null, "id_str": "923725041036136448", "favorite_count": 0, "id": 923725041036136448, "retweeted": false, "in_reply_to_screen_name": "frostycamel", "in_reply_to_status_id": 923181896858824705, "in_reply_to_status_id_str": "923181896858824705", "retweet_count": 0, "coordinates": null, "contributors": null, "is_quote_status": false, "created_at": "Fri Oct 27 01:36:26 +0000 2017", "in_reply_to_user_id_str": "905095603297943554"}, "url": "http://t.co/MBuagCc1vd", "screen_name": "wales4me", "favourites_count": 20, "is_translator": false, "notifications": false, "created_at": "Wed Mar 11 16:07:12 +0000 2009", "listed_count": 0, "protected": false}
2017-11-14T22:00:04.505655	{"url": "http://t.co/MBuagCc1vd", "followers_count": 1, "entities": {"url": {"urls": [{"url": "http://t.co/MBuagCc1vd", "display_url": "twitter.com/wales4me", "indices": [0, 22], "expanded_url": "https://twitter.com/wales4me"}]}, "description": {"urls": []}}, "profile_background_color": "C0DEED", "location": "Concord, California", "profile_background_image_url": "http://abs.twimg.com/images/themes/theme1/bg.png", "id_str": "23783299", "profile_sidebar_border_color": "C0DEED", "profile_background_tile": false, "statuses_count": 31, "has_extended_profile": false, "default_profile": true, "screen_name": "wales4me", "profile_sidebar_fill_color": "DDEEF6", "utc_offset": -28800, "translator_type": "none", "favourites_count": 20, "profile_text_color": "333333", "is_translator": false, "profile_use_background_image": true, "name": "Don", "profile_image_url": "http://pbs.twimg.com/profile_images/1479734318/IMG04_normal.JPG", "profile_background_image_url_https": "https://abs.twimg.com/images/themes/theme1/bg.png", "id": 23783299, "is_translation_enabled": false, "description": "Enjoying retirement", "profile_image_url_https": "https://pbs.twimg.com/profile_images/1479734318/IMG04_normal.JPG", "created_at": "Wed Mar 11 16:07:12 +0000 2009", "default_profile_image": false, "profile_link_color": "1DA1F2", "geo_enabled": false, "notifications": false, "lang": "en", "status": {"in_reply_to_status_id_str": "923181896858824705", "entities": {"hashtags": [], "urls": [], "symbols": [], "user_mentions": [{"id_str": "905095603297943554", "indices": [0, 12], "id": 905095603297943554, "screen_name": "frostycamel", "name": "Andy"}, {"id_str": "3580248555", "indices": [13, 26], "id": 3580248555, "screen_name": "Team_Trump45", "name": "Trumpism\u2122"}, {"id_str": "25073877", "indices": [27, 43], "id": 25073877, "screen_name": "realDonaldTrump", "name": "Donald J. Trump"}]}, "in_reply_to_user_id": 905095603297943554, "source": "<a href=\"http://twitter.com/download/android\" rel=\"nofollow\">Twitter for Android</a>", "id_str": "923725041036136448", "place": null, "coordinates": null, "retweeted": false, "in_reply_to_status_id": 923181896858824705, "truncated": false, "contributors": null, "retweet_count": 0, "favorited": false, "id": 923725041036136448, "favorite_count": 0, "created_at": "Fri Oct 27 01:36:26 +0000 2017", "in_reply_to_user_id_str": "905095603297943554", "text": "@frostycamel @Team_Trump45 @realDonaldTrump Details.", "lang": "en", "geo": null, "in_reply_to_screen_name": "frostycamel", "is_quote_status": false}, "friends_count": 37, "listed_count": 0, "following": false, "follow_request_sent": false, "verified": false, "contributors_enabled": false, "protected": false, "time_zone": "Pacific Time (US & Canada)"}
2017-11-14T23:00:05.671993	{"id": 23783299, "profile_image_url": "http://pbs.twimg.com/profile_images/1479734318/IMG04_normal.JPG", "time_zone": "Pacific Time (US & Canada)", "is_translator": false, "profile_link_color": "1DA1F2", "followers_count": 1, "friends_count": 37, "statuses_count": 31, "lang": "en", "profile_text_color": "333333", "verified": false, "has_extended_profile": false, "name": "Don", "default_profile_image": false, "profile_background_image_url_https": "https://abs.twimg.com/images/themes/theme1/bg.png", "geo_enabled": false, "url": "http://t.co/MBuagCc1vd", "status": {"id": 923725041036136448, "geo": null, "lang": "en", "coordinates": null, "favorite_count": 0, "truncated": false, "retweet_count": 0, "favorited": false, "created_at": "Fri Oct 27 01:36:26 +0000 2017", "retweeted": false, "text": "@frostycamel @Team_Trump45 @realDonaldTrump Details.", "in_reply_to_screen_name": "frostycamel", "is_quote_status": false, "place": null, "in_reply_to_status_id_str": "923181896858824705", "contributors": null, "in_reply_to_status_id": 923181896858824705, "in_reply_to_user_id_str": "905095603297943554", "in_reply_to_user_id": 905095603297943554, "id_str": "923725041036136448", "source": "<a href=\"http://twitter.com/download/android\" rel=\"nofollow\">Twitter for Android</a>", "entities": {"hashtags": [], "user_mentions": [{"name": "Andy", "id": 905095603297943554, "screen_name": "frostycamel", "indices": [0, 12], "id_str": "905095603297943554"}, {"name": "Trumpism\u2122", "id": 3580248555, "screen_name": "Team_Trump45", "indices": [13, 26], "id_str": "3580248555"}, {"name": "Donald J. Trump", "id": 25073877, "screen_name": "realDonaldTrump", "indices": [27, 43], "id_str": "25073877"}], "symbols": [], "urls": []}}, "favourites_count": 20, "created_at": "Wed Mar 11 16:07:12 +0000 2009", "profile_image_url_https": "https://pbs.twimg.com/profile_images/1479734318/IMG04_normal.JPG", "location": "Concord, California", "profile_sidebar_fill_color": "DDEEF6", "listed_count": 0, "follow_request_sent": false, "notifications": false, "protected": false, "description": "Enjoying retirement", "contributors_enabled": false, "is_translation_enabled": false, "utc_offset": -28800, "profile_background_tile": false, "profile_sidebar_border_color": "C0DEED", "profile_use_background_image": true, "id_str": "23783299", "profile_background_color": "C0DEED", "default_profile": true, "following": false, "translator_type": "none", "profile_background_image_url": "http://abs.twimg.com/images/themes/theme1/bg.png", "screen_name": "wales4me", "entities": {"url": {"urls": [{"indices": [0, 22], "url": "http://t.co/MBuagCc1vd", "display_url": "twitter.com/wales4me", "expanded_url": "https://twitter.com/wales4me"}]}, "description": {"urls": []}}}
2017-11-15T00:00:05.508372	{"followers_count": 1, "profile_background_image_url": "http://abs.twimg.com/images/themes/theme1/bg.png", "favourites_count": 20, "profile_image_url_https": "https://pbs.twimg.com/profile_images/1479734318/IMG04_normal.JPG", "following": false, "friends_count": 37, "translator_type": "none", "url": "http://t.co/MBuagCc1vd", "profile_sidebar_fill_color": "DDEEF6", "profile_image_url": "http://pbs.twimg.com/profile_images/1479734318/IMG04_normal.JPG", "lang": "en", "id_str": "23783299", "utc_offset": -28800, "time_zone": "Pacific Time (US & Canada)", "listed_count": 0, "verified": false, "screen_name": "wales4me", "default_profile": true, "geo_enabled": false, "statuses_count": 31, "entities": {"description": {"urls": []}, "url": {"urls": [{"indices": [0, 22], "display_url": "twitter.com/wales4me", "url": "http://t.co/MBuagCc1vd", "expanded_url": "https://twitter.com/wales4me"}]}}, "name": "Don", "created_at": "Wed Mar 11 16:07:12 +0000 2009", "protected": false, "notifications": false, "has_extended_profile": false, "is_translator": false, "profile_link_color": "1DA1F2", "profile_use_background_image": true, "profile_background_color": "C0DEED", "description": "Enjoying retirement", "follow_request_sent": false, "status": {"in_reply_to_user_id_str": "905095603297943554", "is_quote_status": false, "in_reply_to_status_id": 923181896858824705, "truncated": false, "retweeted": false, "id_str": "923725041036136448", "entities": {"urls": [], "user_mentions": [{"id": 905095603297943554, "screen_name": "frostycamel", "name": "Andy", "id_str": "905095603297943554", "indices": [0, 12]}, {"id": 3580248555, "screen_name": "Team_Trump45", "name": "Trumpism\u2122", "id_str": "3580248555", "indices": [13, 26]}, {"id": 25073877, "screen_name": "realDonaldTrump", "name": "Donald J. Trump", "id_str": "25073877", "indices": [27, 43]}], "symbols": [], "hashtags": []}, "text": "@frostycamel @Team_Trump45 @realDonaldTrump Details.", "in_reply_to_user_id": 905095603297943554, "in_reply_to_status_id_str": "923181896858824705", "contributors": null, "place": null, "source": "<a href=\"http://twitter.com/download/android\" rel=\"nofollow\">Twitter for Android</a>", "favorite_count": 0, "retweet_count": 0, "created_at": "Fri Oct 27 01:36:26 +0000 2017", "in_reply_to_screen_name": "frostycamel", "favorited": false, "lang": "en", "coordinates": null, "geo": null, "id": 923725041036136448}, "location": "Concord, California", "id": 23783299, "default_profile_image": false, "profile_sidebar_border_color": "C0DEED", "contributors_enabled": false, "profile_background_image_url_https": "https://abs.twimg.com/images/themes/theme1/bg.png", "profile_background_tile": false, "profile_text_color": "333333", "is_translation_enabled": false}
2017-11-15T01:00:04.550254	{"profile_use_background_image": true, "profile_background_color": "C0DEED", "friends_count": 37, "follow_request_sent": false, "favourites_count": 20, "profile_image_url": "http://pbs.twimg.com/profile_images/1479734318/IMG04_normal.JPG", "created_at": "Wed Mar 11 16:07:12 +0000 2009", "translator_type": "none", "lang": "en", "id": 23783299, "profile_sidebar_border_color": "C0DEED", "status": {"geo": null, "favorited": false, "favorite_count": 0, "created_at": "Fri Oct 27 01:36:26 +0000 2017", "lang": "en", "in_reply_to_status_id": 923181896858824705, "text": "@frostycamel @Team_Trump45 @realDonaldTrump Details.", "truncated": false, "retweet_count": 0, "in_reply_to_user_id_str": "905095603297943554", "retweeted": false, "in_reply_to_screen_name": "frostycamel", "id": 923725041036136448, "contributors": null, "coordinates": null, "id_str": "923725041036136448", "is_quote_status": false, "in_reply_to_user_id": 905095603297943554, "entities": {"urls": [], "hashtags": [], "symbols": [], "user_mentions": [{"indices": [0, 12], "id": 905095603297943554, "screen_name": "frostycamel", "name": "Andy", "id_str": "905095603297943554"}, {"indices": [13, 26], "id": 3580248555, "screen_name": "Team_Trump45", "name": "Trumpism\u2122", "id_str": "3580248555"}, {"indices": [27, 43], "id": 25073877, "screen_name": "realDonaldTrump", "name": "Donald J. Trump", "id_str": "25073877"}]}, "place": null, "source": "<a href=\"http://twitter.com/download/android\" rel=\"nofollow\">Twitter for Android</a>", "in_reply_to_status_id_str": "923181896858824705"}, "profile_background_image_url_https": "https://abs.twimg.com/images/themes/theme1/bg.png", "profile_sidebar_fill_color": "DDEEF6", "utc_offset": -28800, "is_translation_enabled": false, "following": false, "name": "Don", "default_profile_image": false, "followers_count": 1, "is_translator": false, "statuses_count": 31, "profile_background_image_url": "http://abs.twimg.com/images/themes/theme1/bg.png", "has_extended_profile": false, "profile_text_color": "333333", "screen_name": "wales4me", "default_profile": true, "location": "Concord, California", "protected": false, "listed_count": 0, "profile_link_color": "1DA1F2", "id_str": "23783299", "contributors_enabled": false, "url": "http://t.co/MBuagCc1vd", "notifications": false, "geo_enabled": false, "entities": {"description": {"urls": []}, "url": {"urls": [{"display_url": "twitter.com/wales4me", "expanded_url": "https://twitter.com/wales4me", "url": "http://t.co/MBuagCc1vd", "indices": [0, 22]}]}}, "description": "Enjoying retirement", "profile_image_url_https": "https://pbs.twimg.com/profile_images/1479734318/IMG04_normal.JPG", "profile_background_tile": false, "time_zone": "Pacific Time (US & Canada)", "verified": false}
2017-11-15T02:00:04.966626	{"default_profile": true, "profile_link_color": "1DA1F2", "lang": "en", "time_zone": "Pacific Time (US & Canada)", "profile_use_background_image": true, "description": "Enjoying retirement", "name": "Don", "profile_image_url": "http://pbs.twimg.com/profile_images/1479734318/IMG04_normal.JPG", "profile_image_url_https": "https://pbs.twimg.com/profile_images/1479734318/IMG04_normal.JPG", "geo_enabled": false, "follow_request_sent": false, "followers_count": 1, "location": "Concord, California", "following": false, "is_translation_enabled": false, "entities": {"url": {"urls": [{"indices": [0, 22], "expanded_url": "https://twitter.com/wales4me", "display_url": "twitter.com/wales4me", "url": "http://t.co/MBuagCc1vd"}]}, "description": {"urls": []}}, "listed_count": 0, "profile_background_tile": false, "is_translator": false, "profile_sidebar_fill_color": "DDEEF6", "translator_type": "none", "created_at": "Wed Mar 11 16:07:12 +0000 2009", "id": 23783299, "default_profile_image": false, "profile_text_color": "333333", "verified": false, "profile_background_image_url_https": "https://abs.twimg.com/images/themes/theme1/bg.png", "utc_offset": -28800, "friends_count": 37, "contributors_enabled": false, "status": {"lang": "en", "source": "<a href=\"http://twitter.com/download/android\" rel=\"nofollow\">Twitter for Android</a>", "is_quote_status": false, "in_reply_to_user_id": 905095603297943554, "place": null, "retweet_count": 0, "retweeted": false, "favorited": false, "id_str": "923725041036136448", "truncated": false, "text": "@frostycamel @Team_Trump45 @realDonaldTrump Details.", "created_at": "Fri Oct 27 01:36:26 +0000 2017", "id": 923725041036136448, "in_reply_to_user_id_str": "905095603297943554", "in_reply_to_status_id_str": "923181896858824705", "geo": null, "coordinates": null, "in_reply_to_screen_name": "frostycamel", "in_reply_to_status_id": 923181896858824705, "entities": {"urls": [], "symbols": [], "hashtags": [], "user_mentions": [{"indices": [0, 12], "id_str": "905095603297943554", "name": "Andy", "screen_name": "frostycamel", "id": 905095603297943554}, {"indices": [13, 26], "id_str": "3580248555", "name": "Trumpism\u2122", "screen_name": "Team_Trump45", "id": 3580248555}, {"indices": [27, 43], "id_str": "25073877", "name": "Donald J. Trump", "screen_name": "realDonaldTrump", "id": 25073877}]}, "contributors": null, "favorite_count": 0}, "favourites_count": 20, "profile_background_image_url": "http://abs.twimg.com/images/themes/theme1/bg.png", "screen_name": "wales4me", "protected": false, "has_extended_profile": false, "profile_sidebar_border_color": "C0DEED", "id_str": "23783299", "statuses_count": 31, "profile_background_color": "C0DEED", "url": "http://t.co/MBuagCc1vd", "notifications": false}
2017-11-15T03:00:05.112708	{"url": "http://t.co/MBuagCc1vd", "profile_sidebar_fill_color": "DDEEF6", "profile_use_background_image": true, "location": "Concord, California", "id": 23783299, "follow_request_sent": false, "notifications": false, "friends_count": 37, "listed_count": 0, "profile_link_color": "1DA1F2", "time_zone": "Pacific Time (US & Canada)", "default_profile_image": false, "utc_offset": -28800, "is_translation_enabled": false, "contributors_enabled": false, "screen_name": "wales4me", "profile_background_color": "C0DEED", "verified": false, "status": {"id": 923725041036136448, "in_reply_to_user_id": 905095603297943554, "in_reply_to_screen_name": "frostycamel", "truncated": false, "contributors": null, "is_quote_status": false, "in_reply_to_status_id_str": "923181896858824705", "favorited": false, "entities": {"hashtags": [], "user_mentions": [{"name": "Andy", "indices": [0, 12], "screen_name": "frostycamel", "id_str": "905095603297943554", "id": 905095603297943554}, {"name": "Trumpism\u2122", "indices": [13, 26], "screen_name": "Team_Trump45", "id_str": "3580248555", "id": 3580248555}, {"name": "Donald J. Trump", "indices": [27, 43], "screen_name": "realDonaldTrump", "id_str": "25073877", "id": 25073877}], "urls": [], "symbols": []}, "geo": null, "in_reply_to_user_id_str": "905095603297943554", "id_str": "923725041036136448", "retweet_count": 0, "lang": "en", "text": "@frostycamel @Team_Trump45 @realDonaldTrump Details.", "source": "<a href=\"http://twitter.com/download/android\" rel=\"nofollow\">Twitter for Android</a>", "favorite_count": 0, "in_reply_to_status_id": 923181896858824705, "place": null, "coordinates": null, "retweeted": false, "created_at": "Fri Oct 27 01:36:26 +0000 2017"}, "has_extended_profile": false, "profile_text_color": "333333", "profile_image_url_https": "https://pbs.twimg.com/profile_images/1479734318/IMG04_normal.JPG", "protected": false, "id_str": "23783299", "entities": {"url": {"urls": [{"url": "http://t.co/MBuagCc1vd", "expanded_url": "https://twitter.com/wales4me", "display_url": "twitter.com/wales4me", "indices": [0, 22]}]}, "description": {"urls": []}}, "lang": "en", "profile_sidebar_border_color": "C0DEED", "profile_image_url": "http://pbs.twimg.com/profile_images/1479734318/IMG04_normal.JPG", "profile_background_image_url": "http://abs.twimg.com/images/themes/theme1/bg.png", "favourites_count": 20, "translator_type": "none", "description": "Enjoying retirement", "profile_background_tile": false, "geo_enabled": false, "following": false, "statuses_count": 31, "is_translator": false, "followers_count": 1, "profile_background_image_url_https": "https://abs.twimg.com/images/themes/theme1/bg.png", "default_profile": true, "created_at": "Wed Mar 11 16:07:12 +0000 2009", "name": "Don"}
2017-11-15T04:00:05.038431	{"profile_sidebar_border_color": "C0DEED", "statuses_count": 31, "entities": {"url": {"urls": [{"indices": [0, 22], "display_url": "twitter.com/wales4me", "expanded_url": "https://twitter.com/wales4me", "url": "http://t.co/MBuagCc1vd"}]}, "description": {"urls": []}}, "is_translator": false, "created_at": "Wed Mar 11 16:07:12 +0000 2009", "contributors_enabled": false, "name": "Don", "profile_background_image_url": "http://abs.twimg.com/images/themes/theme1/bg.png", "profile_background_color": "C0DEED", "notifications": false, "status": {"text": "@frostycamel @Team_Trump45 @realDonaldTrump Details.", "entities": {"user_mentions": [{"indices": [0, 12], "screen_name": "frostycamel", "name": "Andy", "id_str": "905095603297943554", "id": 905095603297943554}, {"indices": [13, 26], "screen_name": "Team_Trump45", "name": "Trumpism\u2122", "id_str": "3580248555", "id": 3580248555}, {"indices": [27, 43], "screen_name": "realDonaldTrump", "name": "Donald J. Trump", "id_str": "25073877", "id": 25073877}], "hashtags": [], "urls": [], "symbols": []}, "created_at": "Fri Oct 27 01:36:26 +0000 2017", "contributors": null, "in_reply_to_user_id_str": "905095603297943554", "source": "<a href=\"http://twitter.com/download/android\" rel=\"nofollow\">Twitter for Android</a>", "favorite_count": 0, "truncated": false, "retweet_count": 0, "retweeted": false, "place": null, "favorited": false, "in_reply_to_user_id": 905095603297943554, "geo": null, "id_str": "923725041036136448", "lang": "en", "is_quote_status": false, "in_reply_to_status_id": 923181896858824705, "in_reply_to_status_id_str": "923181896858824705", "coordinates": null, "id": 923725041036136448, "in_reply_to_screen_name": "frostycamel"}, "follow_request_sent": false, "translator_type": "none", "default_profile_image": false, "geo_enabled": false, "verified": false, "url": "http://t.co/MBuagCc1vd", "profile_link_color": "1DA1F2", "profile_image_url_https": "https://pbs.twimg.com/profile_images/1479734318/IMG04_normal.JPG", "location": "Concord, California", "profile_image_url": "http://pbs.twimg.com/profile_images/1479734318/IMG04_normal.JPG", "has_extended_profile": false, "screen_name": "wales4me", "friends_count": 37, "description": "Enjoying retirement", "utc_offset": -28800, "profile_text_color": "333333", "favourites_count": 20, "id_str": "23783299", "time_zone": "Pacific Time (US & Canada)", "id": 23783299, "default_profile": true, "following": false, "lang": "en", "profile_sidebar_fill_color": "DDEEF6", "profile_background_image_url_https": "https://abs.twimg.com/images/themes/theme1/bg.png", "followers_count": 1, "is_translation_enabled": false, "listed_count": 0, "profile_background_tile": false, "protected": false, "profile_use_background_image": true}
2017-11-15T05:00:05.214936	{"lang": "en", "profile_background_tile": false, "is_translator": false, "protected": false, "followers_count": 1, "favourites_count": 20, "profile_use_background_image": true, "statuses_count": 31, "default_profile_image": false, "profile_background_image_url_https": "https://abs.twimg.com/images/themes/theme1/bg.png", "profile_image_url_https": "https://pbs.twimg.com/profile_images/1479734318/IMG04_normal.JPG", "location": "Concord, California", "id_str": "23783299", "entities": {"url": {"urls": [{"url": "http://t.co/MBuagCc1vd", "indices": [0, 22], "display_url": "twitter.com/wales4me", "expanded_url": "https://twitter.com/wales4me"}]}, "description": {"urls": []}}, "listed_count": 0, "description": "Enjoying retirement", "profile_background_image_url": "http://abs.twimg.com/images/themes/theme1/bg.png", "id": 23783299, "default_profile": true, "is_translation_enabled": false, "verified": false, "utc_offset": -28800, "profile_text_color": "333333", "screen_name": "wales4me", "profile_image_url": "http://pbs.twimg.com/profile_images/1479734318/IMG04_normal.JPG", "geo_enabled": false, "notifications": false, "friends_count": 37, "time_zone": "Pacific Time (US & Canada)", "following": false, "follow_request_sent": false, "created_at": "Wed Mar 11 16:07:12 +0000 2009", "profile_background_color": "C0DEED", "profile_sidebar_fill_color": "DDEEF6", "has_extended_profile": false, "name": "Don", "profile_link_color": "1DA1F2", "url": "http://t.co/MBuagCc1vd", "profile_sidebar_border_color": "C0DEED", "translator_type": "none", "status": {"lang": "en", "favorite_count": 0, "retweet_count": 0, "in_reply_to_status_id_str": "923181896858824705", "coordinates": null, "in_reply_to_screen_name": "frostycamel", "retweeted": false, "id_str": "923725041036136448", "entities": {"urls": [], "hashtags": [], "symbols": [], "user_mentions": [{"indices": [0, 12], "screen_name": "frostycamel", "id_str": "905095603297943554", "id": 905095603297943554, "name": "Andy"}, {"indices": [13, 26], "screen_name": "Team_Trump45", "id_str": "3580248555", "id": 3580248555, "name": "Trumpism\u2122"}, {"indices": [27, 43], "screen_name": "realDonaldTrump", "id_str": "25073877", "id": 25073877, "name": "Donald J. Trump"}]}, "contributors": null, "place": null, "in_reply_to_status_id": 923181896858824705, "truncated": false, "is_quote_status": false, "source": "<a href=\"http://twitter.com/download/android\" rel=\"nofollow\">Twitter for Android</a>", "text": "@frostycamel @Team_Trump45 @realDonaldTrump Details.", "id": 923725041036136448, "in_reply_to_user_id_str": "905095603297943554", "created_at": "Fri Oct 27 01:36:26 +0000 2017", "geo": null, "in_reply_to_user_id": 905095603297943554, "favorited": false}, "contributors_enabled": false}
2017-11-15T06:00:05.055031	{"has_extended_profile": false, "is_translation_enabled": false, "profile_use_background_image": true, "translator_type": "none", "protected": false, "description": "Enjoying retirement", "favourites_count": 20, "profile_background_image_url_https": "https://abs.twimg.com/images/themes/theme1/bg.png", "profile_background_color": "C0DEED", "screen_name": "wales4me", "id_str": "23783299", "profile_sidebar_border_color": "C0DEED", "contributors_enabled": false, "id": 23783299, "is_translator": false, "profile_text_color": "333333", "lang": "en", "geo_enabled": false, "time_zone": "Pacific Time (US & Canada)", "default_profile": true, "url": "http://t.co/MBuagCc1vd", "status": {"truncated": false, "place": null, "lang": "en", "in_reply_to_screen_name": "frostycamel", "coordinates": null, "in_reply_to_user_id_str": "905095603297943554", "geo": null, "is_quote_status": false, "text": "@frostycamel @Team_Trump45 @realDonaldTrump Details.", "favorite_count": 0, "retweet_count": 0, "contributors": null, "in_reply_to_user_id": 905095603297943554, "id_str": "923725041036136448", "in_reply_to_status_id": 923181896858824705, "entities": {"symbols": [], "user_mentions": [{"id_str": "905095603297943554", "indices": [0, 12], "id": 905095603297943554, "name": "Andy", "screen_name": "frostycamel"}, {"id_str": "3580248555", "indices": [13, 26], "id": 3580248555, "name": "Trumpism\u2122", "screen_name": "Team_Trump45"}, {"id_str": "25073877", "indices": [27, 43], "id": 25073877, "name": "Donald J. Trump", "screen_name": "realDonaldTrump"}], "hashtags": [], "urls": []}, "in_reply_to_status_id_str": "923181896858824705", "id": 923725041036136448, "favorited": false, "source": "<a href=\"http://twitter.com/download/android\" rel=\"nofollow\">Twitter for Android</a>", "created_at": "Fri Oct 27 01:36:26 +0000 2017", "retweeted": false}, "verified": false, "profile_link_color": "1DA1F2", "entities": {"url": {"urls": [{"url": "http://t.co/MBuagCc1vd", "display_url": "twitter.com/wales4me", "expanded_url": "https://twitter.com/wales4me", "indices": [0, 22]}]}, "description": {"urls": []}}, "profile_image_url": "http://pbs.twimg.com/profile_images/1479734318/IMG04_normal.JPG", "listed_count": 0, "default_profile_image": false, "name": "Don", "followers_count": 1, "follow_request_sent": false, "statuses_count": 31, "profile_sidebar_fill_color": "DDEEF6", "location": "Concord, California", "utc_offset": -28800, "notifications": false, "created_at": "Wed Mar 11 16:07:12 +0000 2009", "profile_image_url_https": "https://pbs.twimg.com/profile_images/1479734318/IMG04_normal.JPG", "friends_count": 37, "following": false, "profile_background_tile": false, "profile_background_image_url": "http://abs.twimg.com/images/themes/theme1/bg.png"}
2017-11-15T07:00:05.607261	{"follow_request_sent": false, "followers_count": 1, "favourites_count": 20, "profile_image_url_https": "https://pbs.twimg.com/profile_images/1479734318/IMG04_normal.JPG", "description": "Enjoying retirement", "geo_enabled": false, "profile_sidebar_border_color": "C0DEED", "is_translation_enabled": false, "profile_background_image_url_https": "https://abs.twimg.com/images/themes/theme1/bg.png", "profile_background_tile": false, "translator_type": "none", "profile_image_url": "http://pbs.twimg.com/profile_images/1479734318/IMG04_normal.JPG", "profile_sidebar_fill_color": "DDEEF6", "following": false, "has_extended_profile": false, "is_translator": false, "notifications": false, "screen_name": "wales4me", "default_profile": true, "name": "Don", "utc_offset": -28800, "profile_text_color": "333333", "profile_background_color": "C0DEED", "default_profile_image": false, "statuses_count": 31, "protected": false, "location": "Concord, California", "id": 23783299, "lang": "en", "entities": {"description": {"urls": []}, "url": {"urls": [{"url": "http://t.co/MBuagCc1vd", "display_url": "twitter.com/wales4me", "expanded_url": "https://twitter.com/wales4me", "indices": [0, 22]}]}}, "id_str": "23783299", "contributors_enabled": false, "url": "http://t.co/MBuagCc1vd", "friends_count": 37, "profile_link_color": "1DA1F2", "profile_use_background_image": true, "time_zone": "Pacific Time (US & Canada)", "status": {"source": "<a href=\"http://twitter.com/download/android\" rel=\"nofollow\">Twitter for Android</a>", "coordinates": null, "text": "@frostycamel @Team_Trump45 @realDonaldTrump Details.", "in_reply_to_user_id_str": "905095603297943554", "contributors": null, "favorite_count": 0, "in_reply_to_status_id_str": "923181896858824705", "retweeted": false, "is_quote_status": false, "place": null, "id_str": "923725041036136448", "in_reply_to_screen_name": "frostycamel", "truncated": false, "id": 923725041036136448, "lang": "en", "entities": {"user_mentions": [{"screen_name": "frostycamel", "name": "Andy", "id": 905095603297943554, "indices": [0, 12], "id_str": "905095603297943554"}, {"screen_name": "Team_Trump45", "name": "Trumpism\u2122", "id": 3580248555, "indices": [13, 26], "id_str": "3580248555"}, {"screen_name": "realDonaldTrump", "name": "Donald J. Trump", "id": 25073877, "indices": [27, 43], "id_str": "25073877"}], "hashtags": [], "symbols": [], "urls": []}, "in_reply_to_status_id": 923181896858824705, "retweet_count": 0, "created_at": "Fri Oct 27 01:36:26 +0000 2017", "in_reply_to_user_id": 905095603297943554, "favorited": false, "geo": null}, "created_at": "Wed Mar 11 16:07:12 +0000 2009", "profile_background_image_url": "http://abs.twimg.com/images/themes/theme1/bg.png", "verified": false, "listed_count": 0}
2017-11-15T08:00:05.762407	{"id": 23783299, "profile_image_url": "http://pbs.twimg.com/profile_images/1479734318/IMG04_normal.JPG", "listed_count": 0, "profile_text_color": "333333", "profile_background_image_url_https": "https://abs.twimg.com/images/themes/theme1/bg.png", "profile_background_image_url": "http://abs.twimg.com/images/themes/theme1/bg.png", "has_extended_profile": false, "profile_sidebar_border_color": "C0DEED", "entities": {"url": {"urls": [{"display_url": "twitter.com/wales4me", "url": "http://t.co/MBuagCc1vd", "expanded_url": "https://twitter.com/wales4me", "indices": [0, 22]}]}, "description": {"urls": []}}, "url": "http://t.co/MBuagCc1vd", "time_zone": "Pacific Time (US & Canada)", "description": "Enjoying retirement", "status": {"id": 923725041036136448, "text": "@frostycamel @Team_Trump45 @realDonaldTrump Details.", "entities": {"symbols": [], "hashtags": [], "user_mentions": [{"id": 905095603297943554, "indices": [0, 12], "id_str": "905095603297943554", "name": "Andy", "screen_name": "frostycamel"}, {"id": 3580248555, "indices": [13, 26], "id_str": "3580248555", "name": "Trumpism\u2122", "screen_name": "Team_Trump45"}, {"id": 25073877, "indices": [27, 43], "id_str": "25073877", "name": "Donald J. Trump", "screen_name": "realDonaldTrump"}], "urls": []}, "in_reply_to_status_id_str": "923181896858824705", "in_reply_to_user_id_str": "905095603297943554", "in_reply_to_screen_name": "frostycamel", "truncated": false, "source": "<a href=\"http://twitter.com/download/android\" rel=\"nofollow\">Twitter for Android</a>", "retweeted": false, "in_reply_to_status_id": 923181896858824705, "place": null, "in_reply_to_user_id": 905095603297943554, "favorited": false, "contributors": null, "favorite_count": 0, "retweet_count": 0, "lang": "en", "id_str": "923725041036136448", "created_at": "Fri Oct 27 01:36:26 +0000 2017", "is_quote_status": false, "geo": null, "coordinates": null}, "notifications": false, "protected": false, "contributors_enabled": false, "is_translator": false, "geo_enabled": false, "statuses_count": 31, "is_translation_enabled": false, "lang": "en", "translator_type": "none", "default_profile": true, "profile_sidebar_fill_color": "DDEEF6", "utc_offset": -28800, "following": false, "friends_count": 37, "default_profile_image": false, "name": "Don", "profile_use_background_image": true, "followers_count": 1, "screen_name": "wales4me", "favourites_count": 20, "id_str": "23783299", "created_at": "Wed Mar 11 16:07:12 +0000 2009", "profile_image_url_https": "https://pbs.twimg.com/profile_images/1479734318/IMG04_normal.JPG", "follow_request_sent": false, "location": "Concord, California", "profile_background_color": "C0DEED", "profile_link_color": "1DA1F2", "verified": false, "profile_background_tile": false}
2017-11-15T09:00:05.415866	{"lang": "en", "protected": false, "name": "Don", "is_translator": false, "verified": false, "contributors_enabled": false, "id": 23783299, "profile_image_url": "http://pbs.twimg.com/profile_images/1479734318/IMG04_normal.JPG", "status": {"lang": "en", "in_reply_to_screen_name": "frostycamel", "favorite_count": 0, "id": 923725041036136448, "retweeted": false, "created_at": "Fri Oct 27 01:36:26 +0000 2017", "coordinates": null, "in_reply_to_user_id": 905095603297943554, "text": "@frostycamel @Team_Trump45 @realDonaldTrump Details.", "favorited": false, "place": null, "is_quote_status": false, "retweet_count": 0, "in_reply_to_status_id": 923181896858824705, "id_str": "923725041036136448", "contributors": null, "entities": {"symbols": [], "hashtags": [], "urls": [], "user_mentions": [{"id": 905095603297943554, "indices": [0, 12], "screen_name": "frostycamel", "name": "Andy", "id_str": "905095603297943554"}, {"id": 3580248555, "indices": [13, 26], "screen_name": "Team_Trump45", "name": "Trumpism\u2122", "id_str": "3580248555"}, {"id": 25073877, "indices": [27, 43], "screen_name": "realDonaldTrump", "name": "Donald J. Trump", "id_str": "25073877"}]}, "source": "<a href=\"http://twitter.com/download/android\" rel=\"nofollow\">Twitter for Android</a>", "truncated": false, "in_reply_to_user_id_str": "905095603297943554", "in_reply_to_status_id_str": "923181896858824705", "geo": null}, "profile_text_color": "333333", "created_at": "Wed Mar 11 16:07:12 +0000 2009", "profile_use_background_image": true, "time_zone": "Pacific Time (US & Canada)", "friends_count": 37, "statuses_count": 31, "screen_name": "wales4me", "profile_link_color": "1DA1F2", "profile_sidebar_border_color": "C0DEED", "profile_image_url_https": "https://pbs.twimg.com/profile_images/1479734318/IMG04_normal.JPG", "profile_background_image_url": "http://abs.twimg.com/images/themes/theme1/bg.png", "location": "Concord, California", "translator_type": "none", "geo_enabled": false, "utc_offset": -28800, "profile_background_image_url_https": "https://abs.twimg.com/images/themes/theme1/bg.png", "default_profile": true, "profile_background_color": "C0DEED", "default_profile_image": false, "url": "http://t.co/MBuagCc1vd", "profile_background_tile": false, "profile_sidebar_fill_color": "DDEEF6", "description": "Enjoying retirement", "id_str": "23783299", "favourites_count": 20, "entities": {"url": {"urls": [{"indices": [0, 22], "url": "http://t.co/MBuagCc1vd", "display_url": "twitter.com/wales4me", "expanded_url": "https://twitter.com/wales4me"}]}, "description": {"urls": []}}, "has_extended_profile": false, "notifications": false, "listed_count": 0, "followers_count": 1, "following": false, "follow_request_sent": false, "is_translation_enabled": false}
2017-11-15T10:00:05.251284	{"location": "Concord, California", "profile_text_color": "333333", "url": "http://t.co/MBuagCc1vd", "profile_image_url_https": "https://pbs.twimg.com/profile_images/1479734318/IMG04_normal.JPG", "time_zone": "Pacific Time (US & Canada)", "geo_enabled": false, "lang": "en", "statuses_count": 31, "follow_request_sent": false, "protected": false, "profile_sidebar_fill_color": "DDEEF6", "utc_offset": -28800, "profile_sidebar_border_color": "C0DEED", "default_profile": true, "translator_type": "none", "default_profile_image": false, "notifications": false, "has_extended_profile": false, "profile_background_color": "C0DEED", "is_translator": false, "id": 23783299, "screen_name": "wales4me", "profile_background_image_url": "http://abs.twimg.com/images/themes/theme1/bg.png", "profile_background_image_url_https": "https://abs.twimg.com/images/themes/theme1/bg.png", "is_translation_enabled": false, "id_str": "23783299", "followers_count": 1, "listed_count": 0, "following": false, "entities": {"description": {"urls": []}, "url": {"urls": [{"indices": [0, 22], "display_url": "twitter.com/wales4me", "expanded_url": "https://twitter.com/wales4me", "url": "http://t.co/MBuagCc1vd"}]}}, "verified": false, "profile_use_background_image": true, "profile_image_url": "http://pbs.twimg.com/profile_images/1479734318/IMG04_normal.JPG", "name": "Don", "favourites_count": 20, "contributors_enabled": false, "status": {"truncated": false, "in_reply_to_user_id": 905095603297943554, "text": "@frostycamel @Team_Trump45 @realDonaldTrump Details.", "retweeted": false, "favorite_count": 0, "geo": null, "lang": "en", "id_str": "923725041036136448", "coordinates": null, "place": null, "contributors": null, "source": "<a href=\"http://twitter.com/download/android\" rel=\"nofollow\">Twitter for Android</a>", "in_reply_to_user_id_str": "905095603297943554", "in_reply_to_status_id_str": "923181896858824705", "is_quote_status": false, "in_reply_to_screen_name": "frostycamel", "favorited": false, "entities": {"user_mentions": [{"name": "Andy", "id": 905095603297943554, "screen_name": "frostycamel", "indices": [0, 12], "id_str": "905095603297943554"}, {"name": "Trumpism\u2122", "id": 3580248555, "screen_name": "Team_Trump45", "indices": [13, 26], "id_str": "3580248555"}, {"name": "Donald J. Trump", "id": 25073877, "screen_name": "realDonaldTrump", "indices": [27, 43], "id_str": "25073877"}], "hashtags": [], "symbols": [], "urls": []}, "id": 923725041036136448, "retweet_count": 0, "created_at": "Fri Oct 27 01:36:26 +0000 2017", "in_reply_to_status_id": 923181896858824705}, "friends_count": 37, "description": "Enjoying retirement", "profile_background_tile": false, "profile_link_color": "1DA1F2", "created_at": "Wed Mar 11 16:07:12 +0000 2009"}
2017-11-15T11:00:05.642116	{"default_profile_image": false, "profile_background_color": "C0DEED", "listed_count": 0, "favourites_count": 20, "notifications": false, "geo_enabled": false, "profile_image_url_https": "https://pbs.twimg.com/profile_images/1479734318/IMG04_normal.JPG", "profile_link_color": "1DA1F2", "created_at": "Wed Mar 11 16:07:12 +0000 2009", "location": "Concord, California", "profile_background_image_url_https": "https://abs.twimg.com/images/themes/theme1/bg.png", "follow_request_sent": false, "is_translator": false, "name": "Don", "protected": false, "profile_image_url": "http://pbs.twimg.com/profile_images/1479734318/IMG04_normal.JPG", "profile_use_background_image": true, "screen_name": "wales4me", "followers_count": 1, "id": 23783299, "profile_sidebar_fill_color": "DDEEF6", "id_str": "23783299", "translator_type": "none", "verified": false, "profile_background_image_url": "http://abs.twimg.com/images/themes/theme1/bg.png", "profile_sidebar_border_color": "C0DEED", "has_extended_profile": false, "statuses_count": 31, "friends_count": 37, "default_profile": true, "profile_text_color": "333333", "following": false, "time_zone": "Pacific Time (US & Canada)", "entities": {"description": {"urls": []}, "url": {"urls": [{"display_url": "twitter.com/wales4me", "indices": [0, 22], "expanded_url": "https://twitter.com/wales4me", "url": "http://t.co/MBuagCc1vd"}]}}, "is_translation_enabled": false, "url": "http://t.co/MBuagCc1vd", "contributors_enabled": false, "profile_background_tile": false, "utc_offset": -28800, "status": {"in_reply_to_status_id": 923181896858824705, "source": "<a href=\"http://twitter.com/download/android\" rel=\"nofollow\">Twitter for Android</a>", "geo": null, "truncated": false, "created_at": "Fri Oct 27 01:36:26 +0000 2017", "in_reply_to_screen_name": "frostycamel", "favorited": false, "id": 923725041036136448, "is_quote_status": false, "in_reply_to_user_id": 905095603297943554, "coordinates": null, "favorite_count": 0, "in_reply_to_status_id_str": "923181896858824705", "place": null, "id_str": "923725041036136448", "retweet_count": 0, "entities": {"hashtags": [], "symbols": [], "user_mentions": [{"name": "Andy", "id": 905095603297943554, "indices": [0, 12], "screen_name": "frostycamel", "id_str": "905095603297943554"}, {"name": "Trumpism\u2122", "id": 3580248555, "indices": [13, 26], "screen_name": "Team_Trump45", "id_str": "3580248555"}, {"name": "Donald J. Trump", "id": 25073877, "indices": [27, 43], "screen_name": "realDonaldTrump", "id_str": "25073877"}], "urls": []}, "in_reply_to_user_id_str": "905095603297943554", "contributors": null, "text": "@frostycamel @Team_Trump45 @realDonaldTrump Details.", "retweeted": false, "lang": "en"}, "lang": "en", "description": "Enjoying retirement"}
2017-11-15T12:00:05.299947	{"id_str": "23783299", "profile_background_tile": false, "favourites_count": 20, "friends_count": 37, "profile_sidebar_fill_color": "DDEEF6", "name": "Don", "follow_request_sent": false, "followers_count": 1, "listed_count": 0, "contributors_enabled": false, "time_zone": "Pacific Time (US & Canada)", "profile_image_url": "http://pbs.twimg.com/profile_images/1479734318/IMG04_normal.JPG", "url": "http://t.co/MBuagCc1vd", "geo_enabled": false, "has_extended_profile": false, "lang": "en", "default_profile_image": false, "verified": false, "profile_background_color": "C0DEED", "description": "Enjoying retirement", "translator_type": "none", "default_profile": true, "profile_sidebar_border_color": "C0DEED", "profile_use_background_image": true, "is_translation_enabled": false, "statuses_count": 31, "profile_background_image_url": "http://abs.twimg.com/images/themes/theme1/bg.png", "is_translator": false, "profile_text_color": "333333", "entities": {"url": {"urls": [{"display_url": "twitter.com/wales4me", "url": "http://t.co/MBuagCc1vd", "expanded_url": "https://twitter.com/wales4me", "indices": [0, 22]}]}, "description": {"urls": []}}, "protected": false, "status": {"id_str": "923725041036136448", "place": null, "in_reply_to_status_id_str": "923181896858824705", "in_reply_to_status_id": 923181896858824705, "favorited": false, "retweet_count": 0, "contributors": null, "is_quote_status": false, "lang": "en", "coordinates": null, "retweeted": false, "source": "<a href=\"http://twitter.com/download/android\" rel=\"nofollow\">Twitter for Android</a>", "entities": {"symbols": [], "user_mentions": [{"id_str": "905095603297943554", "screen_name": "frostycamel", "name": "Andy", "id": 905095603297943554, "indices": [0, 12]}, {"id_str": "3580248555", "screen_name": "Team_Trump45", "name": "Trumpism\u2122", "id": 3580248555, "indices": [13, 26]}, {"id_str": "25073877", "screen_name": "realDonaldTrump", "name": "Donald J. Trump", "id": 25073877, "indices": [27, 43]}], "hashtags": [], "urls": []}, "geo": null, "id": 923725041036136448, "created_at": "Fri Oct 27 01:36:26 +0000 2017", "text": "@frostycamel @Team_Trump45 @realDonaldTrump Details.", "in_reply_to_user_id_str": "905095603297943554", "favorite_count": 0, "in_reply_to_screen_name": "frostycamel", "in_reply_to_user_id": 905095603297943554, "truncated": false}, "utc_offset": -28800, "screen_name": "wales4me", "created_at": "Wed Mar 11 16:07:12 +0000 2009", "profile_background_image_url_https": "https://abs.twimg.com/images/themes/theme1/bg.png", "location": "Concord, California", "profile_image_url_https": "https://pbs.twimg.com/profile_images/1479734318/IMG04_normal.JPG", "id": 23783299, "profile_link_color": "1DA1F2", "notifications": false, "following": false}
2017-11-15T13:00:04.838876	{"following": false, "profile_sidebar_fill_color": "DDEEF6", "notifications": false, "contributors_enabled": false, "is_translation_enabled": false, "location": "Concord, California", "description": "Enjoying retirement", "lang": "en", "profile_text_color": "333333", "utc_offset": -28800, "protected": false, "profile_use_background_image": true, "status": {"source": "<a href=\"http://twitter.com/download/android\" rel=\"nofollow\">Twitter for Android</a>", "favorite_count": 0, "lang": "en", "id_str": "923725041036136448", "in_reply_to_user_id": 905095603297943554, "in_reply_to_user_id_str": "905095603297943554", "in_reply_to_status_id_str": "923181896858824705", "in_reply_to_screen_name": "frostycamel", "truncated": false, "retweet_count": 0, "retweeted": false, "in_reply_to_status_id": 923181896858824705, "entities": {"symbols": [], "user_mentions": [{"name": "Andy", "id_str": "905095603297943554", "id": 905095603297943554, "screen_name": "frostycamel", "indices": [0, 12]}, {"name": "Trumpism\u2122", "id_str": "3580248555", "id": 3580248555, "screen_name": "Team_Trump45", "indices": [13, 26]}, {"name": "Donald J. Trump", "id_str": "25073877", "id": 25073877, "screen_name": "realDonaldTrump", "indices": [27, 43]}], "hashtags": [], "urls": []}, "favorited": false, "coordinates": null, "created_at": "Fri Oct 27 01:36:26 +0000 2017", "id": 923725041036136448, "contributors": null, "geo": null, "text": "@frostycamel @Team_Trump45 @realDonaldTrump Details.", "is_quote_status": false, "place": null}, "default_profile_image": false, "default_profile": true, "id_str": "23783299", "time_zone": "Pacific Time (US & Canada)", "friends_count": 37, "geo_enabled": false, "verified": false, "has_extended_profile": false, "profile_image_url": "http://pbs.twimg.com/profile_images/1479734318/IMG04_normal.JPG", "profile_background_image_url": "http://abs.twimg.com/images/themes/theme1/bg.png", "translator_type": "none", "entities": {"description": {"urls": []}, "url": {"urls": [{"display_url": "twitter.com/wales4me", "expanded_url": "https://twitter.com/wales4me", "indices": [0, 22], "url": "http://t.co/MBuagCc1vd"}]}}, "profile_background_color": "C0DEED", "profile_sidebar_border_color": "C0DEED", "is_translator": false, "profile_background_image_url_https": "https://abs.twimg.com/images/themes/theme1/bg.png", "created_at": "Wed Mar 11 16:07:12 +0000 2009", "screen_name": "wales4me", "profile_background_tile": false, "name": "Don", "profile_link_color": "1DA1F2", "followers_count": 1, "listed_count": 0, "follow_request_sent": false, "profile_image_url_https": "https://pbs.twimg.com/profile_images/1479734318/IMG04_normal.JPG", "statuses_count": 31, "id": 23783299, "favourites_count": 20, "url": "http://t.co/MBuagCc1vd"}
2017-11-15T14:00:05.698659	{"default_profile_image": false, "profile_link_color": "1DA1F2", "screen_name": "wales4me", "has_extended_profile": false, "location": "Concord, California", "profile_background_image_url_https": "https://abs.twimg.com/images/themes/theme1/bg.png", "following": false, "profile_background_color": "C0DEED", "notifications": false, "status": {"in_reply_to_user_id_str": "905095603297943554", "in_reply_to_status_id": 923181896858824705, "in_reply_to_user_id": 905095603297943554, "lang": "en", "created_at": "Fri Oct 27 01:36:26 +0000 2017", "id": 923725041036136448, "in_reply_to_status_id_str": "923181896858824705", "coordinates": null, "entities": {"hashtags": [], "urls": [], "symbols": [], "user_mentions": [{"id_str": "905095603297943554", "screen_name": "frostycamel", "name": "Andy", "id": 905095603297943554, "indices": [0, 12]}, {"id_str": "3580248555", "screen_name": "Team_Trump45", "name": "Trumpism\u2122", "id": 3580248555, "indices": [13, 26]}, {"id_str": "25073877", "screen_name": "realDonaldTrump", "name": "Donald J. Trump", "id": 25073877, "indices": [27, 43]}]}, "retweet_count": 0, "truncated": false, "contributors": null, "text": "@frostycamel @Team_Trump45 @realDonaldTrump Details.", "id_str": "923725041036136448", "place": null, "geo": null, "source": "<a href=\"http://twitter.com/download/android\" rel=\"nofollow\">Twitter for Android</a>", "is_quote_status": false, "in_reply_to_screen_name": "frostycamel", "retweeted": false, "favorited": false, "favorite_count": 0}, "utc_offset": -28800, "id": 23783299, "url": "http://t.co/MBuagCc1vd", "profile_sidebar_border_color": "C0DEED", "default_profile": true, "time_zone": "Pacific Time (US & Canada)", "verified": false, "profile_image_url": "http://pbs.twimg.com/profile_images/1479734318/IMG04_normal.JPG", "entities": {"url": {"urls": [{"url": "http://t.co/MBuagCc1vd", "display_url": "twitter.com/wales4me", "indices": [0, 22], "expanded_url": "https://twitter.com/wales4me"}]}, "description": {"urls": []}}, "geo_enabled": false, "translator_type": "none", "followers_count": 1, "profile_use_background_image": true, "profile_text_color": "333333", "lang": "en", "profile_sidebar_fill_color": "DDEEF6", "profile_image_url_https": "https://pbs.twimg.com/profile_images/1479734318/IMG04_normal.JPG", "created_at": "Wed Mar 11 16:07:12 +0000 2009", "name": "Don", "profile_background_image_url": "http://abs.twimg.com/images/themes/theme1/bg.png", "profile_background_tile": false, "friends_count": 37, "id_str": "23783299", "protected": false, "contributors_enabled": false, "description": "Enjoying retirement", "is_translation_enabled": false, "follow_request_sent": false, "is_translator": false, "statuses_count": 31, "favourites_count": 20, "listed_count": 0}
2017-11-15T15:00:04.781347	{"profile_use_background_image": true, "profile_background_color": "C0DEED", "default_profile_image": false, "contributors_enabled": false, "translator_type": "none", "status": {"favorite_count": 0, "contributors": null, "geo": null, "coordinates": null, "in_reply_to_user_id_str": "905095603297943554", "created_at": "Fri Oct 27 01:36:26 +0000 2017", "retweet_count": 0, "place": null, "entities": {"user_mentions": [{"indices": [0, 12], "id": 905095603297943554, "id_str": "905095603297943554", "screen_name": "frostycamel", "name": "Andy"}, {"indices": [13, 26], "id": 3580248555, "id_str": "3580248555", "screen_name": "Team_Trump45", "name": "Trumpism\u2122"}, {"indices": [27, 43], "id": 25073877, "id_str": "25073877", "screen_name": "realDonaldTrump", "name": "Donald J. Trump"}], "symbols": [], "hashtags": [], "urls": []}, "text": "@frostycamel @Team_Trump45 @realDonaldTrump Details.", "source": "<a href=\"http://twitter.com/download/android\" rel=\"nofollow\">Twitter for Android</a>", "in_reply_to_screen_name": "frostycamel", "in_reply_to_status_id_str": "923181896858824705", "in_reply_to_user_id": 905095603297943554, "is_quote_status": false, "lang": "en", "id": 923725041036136448, "id_str": "923725041036136448", "retweeted": false, "favorited": false, "truncated": false, "in_reply_to_status_id": 923181896858824705}, "description": "Enjoying retirement", "created_at": "Wed Mar 11 16:07:12 +0000 2009", "default_profile": true, "profile_background_image_url_https": "https://abs.twimg.com/images/themes/theme1/bg.png", "followers_count": 1, "protected": false, "has_extended_profile": false, "name": "Don", "entities": {"description": {"urls": []}, "url": {"urls": [{"indices": [0, 22], "expanded_url": "https://twitter.com/wales4me", "display_url": "twitter.com/wales4me", "url": "http://t.co/MBuagCc1vd"}]}}, "following": false, "time_zone": "Pacific Time (US & Canada)", "notifications": false, "profile_background_image_url": "http://abs.twimg.com/images/themes/theme1/bg.png", "utc_offset": -28800, "profile_link_color": "1DA1F2", "listed_count": 0, "statuses_count": 31, "favourites_count": 20, "profile_image_url_https": "https://pbs.twimg.com/profile_images/1479734318/IMG04_normal.JPG", "is_translator": false, "profile_sidebar_fill_color": "DDEEF6", "is_translation_enabled": false, "lang": "en", "profile_text_color": "333333", "id": 23783299, "location": "Concord, California", "url": "http://t.co/MBuagCc1vd", "profile_image_url": "http://pbs.twimg.com/profile_images/1479734318/IMG04_normal.JPG", "id_str": "23783299", "screen_name": "wales4me", "friends_count": 37, "follow_request_sent": false, "profile_sidebar_border_color": "C0DEED", "geo_enabled": false, "profile_background_tile": false, "verified": false}
2017-11-15T16:00:05.456371	{"default_profile_image": false, "is_translation_enabled": false, "profile_image_url_https": "https://pbs.twimg.com/profile_images/1479734318/IMG04_normal.JPG", "statuses_count": 31, "contributors_enabled": false, "description": "Enjoying retirement", "profile_background_image_url_https": "https://abs.twimg.com/images/themes/theme1/bg.png", "url": "http://t.co/MBuagCc1vd", "time_zone": "Pacific Time (US & Canada)", "friends_count": 37, "translator_type": "none", "profile_background_image_url": "http://abs.twimg.com/images/themes/theme1/bg.png", "following": false, "profile_sidebar_fill_color": "DDEEF6", "id_str": "23783299", "location": "Concord, California", "is_translator": false, "entities": {"url": {"urls": [{"url": "http://t.co/MBuagCc1vd", "indices": [0, 22], "display_url": "twitter.com/wales4me", "expanded_url": "https://twitter.com/wales4me"}]}, "description": {"urls": []}}, "screen_name": "wales4me", "created_at": "Wed Mar 11 16:07:12 +0000 2009", "profile_use_background_image": true, "verified": false, "follow_request_sent": false, "lang": "en", "protected": false, "geo_enabled": false, "utc_offset": -28800, "followers_count": 1, "profile_text_color": "333333", "profile_image_url": "http://pbs.twimg.com/profile_images/1479734318/IMG04_normal.JPG", "default_profile": true, "status": {"retweeted": false, "contributors": null, "favorited": false, "truncated": false, "retweet_count": 0, "id_str": "923725041036136448", "source": "<a href=\"http://twitter.com/download/android\" rel=\"nofollow\">Twitter for Android</a>", "entities": {"user_mentions": [{"screen_name": "frostycamel", "id": 905095603297943554, "name": "Andy", "indices": [0, 12], "id_str": "905095603297943554"}, {"screen_name": "Team_Trump45", "id": 3580248555, "name": "Trumpism\u2122", "indices": [13, 26], "id_str": "3580248555"}, {"screen_name": "realDonaldTrump", "id": 25073877, "name": "Donald J. Trump", "indices": [27, 43], "id_str": "25073877"}], "urls": [], "hashtags": [], "symbols": []}, "favorite_count": 0, "text": "@frostycamel @Team_Trump45 @realDonaldTrump Details.", "created_at": "Fri Oct 27 01:36:26 +0000 2017", "is_quote_status": false, "lang": "en", "in_reply_to_screen_name": "frostycamel", "in_reply_to_user_id": 905095603297943554, "in_reply_to_status_id_str": "923181896858824705", "geo": null, "id": 923725041036136448, "coordinates": null, "in_reply_to_status_id": 923181896858824705, "in_reply_to_user_id_str": "905095603297943554", "place": null}, "id": 23783299, "profile_background_color": "C0DEED", "name": "Don", "listed_count": 0, "favourites_count": 20, "notifications": false, "has_extended_profile": false, "profile_sidebar_border_color": "C0DEED", "profile_background_tile": false, "profile_link_color": "1DA1F2"}
2017-11-15T17:00:05.646464	{"description": "Enjoying retirement", "lang": "en", "is_translator": false, "is_translation_enabled": false, "profile_sidebar_border_color": "C0DEED", "profile_image_url": "http://pbs.twimg.com/profile_images/1479734318/IMG04_normal.JPG", "profile_sidebar_fill_color": "DDEEF6", "entities": {"description": {"urls": []}, "url": {"urls": [{"display_url": "twitter.com/wales4me", "expanded_url": "https://twitter.com/wales4me", "url": "http://t.co/MBuagCc1vd", "indices": [0, 22]}]}}, "url": "http://t.co/MBuagCc1vd", "status": {"lang": "en", "source": "<a href=\"http://twitter.com/download/android\" rel=\"nofollow\">Twitter for Android</a>", "geo": null, "contributors": null, "in_reply_to_user_id": 905095603297943554, "entities": {"urls": [], "user_mentions": [{"id": 905095603297943554, "name": "Andy", "indices": [0, 12], "screen_name": "frostycamel", "id_str": "905095603297943554"}, {"id": 3580248555, "name": "Trumpism Unleashed\u2122", "indices": [13, 26], "screen_name": "Team_Trump45", "id_str": "3580248555"}, {"id": 25073877, "name": "Donald J. Trump", "indices": [27, 43], "screen_name": "realDonaldTrump", "id_str": "25073877"}], "symbols": [], "hashtags": []}, "place": null, "in_reply_to_user_id_str": "905095603297943554", "created_at": "Fri Oct 27 01:36:26 +0000 2017", "in_reply_to_screen_name": "frostycamel", "favorited": false, "id": 923725041036136448, "favorite_count": 0, "retweeted": false, "truncated": false, "id_str": "923725041036136448", "in_reply_to_status_id_str": "923181896858824705", "coordinates": null, "text": "@frostycamel @Team_Trump45 @realDonaldTrump Details.", "retweet_count": 0, "is_quote_status": false, "in_reply_to_status_id": 923181896858824705}, "created_at": "Wed Mar 11 16:07:12 +0000 2009", "profile_background_image_url": "http://abs.twimg.com/images/themes/theme1/bg.png", "profile_link_color": "1DA1F2", "notifications": false, "time_zone": "Pacific Time (US & Canada)", "has_extended_profile": false, "protected": false, "profile_background_image_url_https": "https://abs.twimg.com/images/themes/theme1/bg.png", "screen_name": "wales4me", "geo_enabled": false, "statuses_count": 31, "followers_count": 1, "translator_type": "none", "listed_count": 0, "profile_background_tile": false, "default_profile_image": false, "default_profile": true, "contributors_enabled": false, "utc_offset": -28800, "id_str": "23783299", "profile_use_background_image": true, "id": 23783299, "name": "Don", "following": false, "follow_request_sent": false, "profile_text_color": "333333", "profile_background_color": "C0DEED", "favourites_count": 20, "location": "Concord, California", "verified": false, "friends_count": 37, "profile_image_url_https": "https://pbs.twimg.com/profile_images/1479734318/IMG04_normal.JPG"}
2017-11-15T18:00:05.498934	{"name": "Don", "status": {"favorite_count": 0, "is_quote_status": false, "in_reply_to_user_id_str": "905095603297943554", "retweet_count": 0, "source": "<a href=\"http://twitter.com/download/android\" rel=\"nofollow\">Twitter for Android</a>", "in_reply_to_user_id": 905095603297943554, "in_reply_to_status_id": 923181896858824705, "place": null, "created_at": "Fri Oct 27 01:36:26 +0000 2017", "retweeted": false, "coordinates": null, "id_str": "923725041036136448", "contributors": null, "text": "@frostycamel @Team_Trump45 @realDonaldTrump Details.", "entities": {"symbols": [], "urls": [], "hashtags": [], "user_mentions": [{"screen_name": "frostycamel", "name": "Andy", "id_str": "905095603297943554", "indices": [0, 12], "id": 905095603297943554}, {"screen_name": "Team_Trump45", "name": "Trumpism Unleashed\u2122", "id_str": "3580248555", "indices": [13, 26], "id": 3580248555}, {"screen_name": "realDonaldTrump", "name": "Donald J. Trump", "id_str": "25073877", "indices": [27, 43], "id": 25073877}]}, "id": 923725041036136448, "lang": "en", "geo": null, "in_reply_to_status_id_str": "923181896858824705", "truncated": false, "favorited": false, "in_reply_to_screen_name": "frostycamel"}, "time_zone": "Pacific Time (US & Canada)", "profile_image_url": "http://pbs.twimg.com/profile_images/1479734318/IMG04_normal.JPG", "location": "Concord, California", "default_profile": true, "follow_request_sent": false, "followers_count": 1, "translator_type": "none", "utc_offset": -28800, "description": "Enjoying retirement", "created_at": "Wed Mar 11 16:07:12 +0000 2009", "friends_count": 37, "statuses_count": 31, "protected": false, "listed_count": 0, "profile_use_background_image": true, "notifications": false, "screen_name": "wales4me", "profile_sidebar_fill_color": "DDEEF6", "contributors_enabled": false, "profile_background_tile": false, "is_translation_enabled": false, "profile_background_image_url_https": "https://abs.twimg.com/images/themes/theme1/bg.png", "favourites_count": 20, "url": "http://t.co/MBuagCc1vd", "id_str": "23783299", "profile_background_color": "C0DEED", "entities": {"url": {"urls": [{"indices": [0, 22], "url": "http://t.co/MBuagCc1vd", "expanded_url": "https://twitter.com/wales4me", "display_url": "twitter.com/wales4me"}]}, "description": {"urls": []}}, "id": 23783299, "profile_image_url_https": "https://pbs.twimg.com/profile_images/1479734318/IMG04_normal.JPG", "lang": "en", "profile_background_image_url": "http://abs.twimg.com/images/themes/theme1/bg.png", "has_extended_profile": false, "default_profile_image": false, "following": false, "profile_text_color": "333333", "profile_sidebar_border_color": "C0DEED", "verified": false, "profile_link_color": "1DA1F2", "geo_enabled": false, "is_translator": false}
2017-11-15T19:00:04.949354	{"time_zone": "Pacific Time (US & Canada)", "entities": {"description": {"urls": []}, "url": {"urls": [{"expanded_url": "https://twitter.com/wales4me", "indices": [0, 22], "display_url": "twitter.com/wales4me", "url": "http://t.co/MBuagCc1vd"}]}}, "id_str": "23783299", "favourites_count": 20, "protected": false, "followers_count": 1, "lang": "en", "description": "Enjoying retirement", "utc_offset": -28800, "profile_link_color": "1DA1F2", "screen_name": "wales4me", "has_extended_profile": false, "default_profile": true, "name": "Don", "status": {"entities": {"user_mentions": [{"screen_name": "frostycamel", "name": "Andy", "id_str": "905095603297943554", "indices": [0, 12], "id": 905095603297943554}, {"screen_name": "Team_Trump45", "name": "Trumpism Unleashed\u2122", "id_str": "3580248555", "indices": [13, 26], "id": 3580248555}, {"screen_name": "realDonaldTrump", "name": "Donald J. Trump", "id_str": "25073877", "indices": [27, 43], "id": 25073877}], "urls": [], "symbols": [], "hashtags": []}, "id_str": "923725041036136448", "in_reply_to_status_id": 923181896858824705, "geo": null, "in_reply_to_user_id_str": "905095603297943554", "retweeted": false, "lang": "en", "place": null, "contributors": null, "favorite_count": 0, "text": "@frostycamel @Team_Trump45 @realDonaldTrump Details.", "in_reply_to_screen_name": "frostycamel", "in_reply_to_user_id": 905095603297943554, "id": 923725041036136448, "coordinates": null, "truncated": false, "favorited": false, "retweet_count": 0, "created_at": "Fri Oct 27 01:36:26 +0000 2017", "in_reply_to_status_id_str": "923181896858824705", "is_quote_status": false, "source": "<a href=\"http://twitter.com/download/android\" rel=\"nofollow\">Twitter for Android</a>"}, "is_translator": false, "profile_background_image_url_https": "https://abs.twimg.com/images/themes/theme1/bg.png", "verified": false, "following": false, "profile_sidebar_border_color": "C0DEED", "is_translation_enabled": false, "translator_type": "none", "profile_background_image_url": "http://abs.twimg.com/images/themes/theme1/bg.png", "statuses_count": 31, "id": 23783299, "profile_sidebar_fill_color": "DDEEF6", "profile_image_url_https": "https://pbs.twimg.com/profile_images/1479734318/IMG04_normal.JPG", "default_profile_image": false, "profile_use_background_image": true, "notifications": false, "url": "http://t.co/MBuagCc1vd", "profile_background_color": "C0DEED", "profile_image_url": "http://pbs.twimg.com/profile_images/1479734318/IMG04_normal.JPG", "profile_background_tile": false, "follow_request_sent": false, "created_at": "Wed Mar 11 16:07:12 +0000 2009", "location": "Concord, California", "profile_text_color": "333333", "listed_count": 0, "friends_count": 37, "contributors_enabled": false, "geo_enabled": false}
2017-11-15T20:00:04.680498	{"profile_text_color": "333333", "status": {"favorite_count": 0, "text": "@frostycamel @Team_Trump45 @realDonaldTrump Details.", "id": 923725041036136448, "in_reply_to_status_id": 923181896858824705, "retweeted": false, "favorited": false, "geo": null, "source": "<a href=\"http://twitter.com/download/android\" rel=\"nofollow\">Twitter for Android</a>", "created_at": "Fri Oct 27 01:36:26 +0000 2017", "lang": "en", "entities": {"urls": [], "hashtags": [], "user_mentions": [{"screen_name": "frostycamel", "id_str": "905095603297943554", "id": 905095603297943554, "name": "Andy", "indices": [0, 12]}, {"screen_name": "Team_Trump45", "id_str": "3580248555", "id": 3580248555, "name": "Trumpism Unleashed\u2122", "indices": [13, 26]}, {"screen_name": "realDonaldTrump", "id_str": "25073877", "id": 25073877, "name": "Donald J. Trump", "indices": [27, 43]}], "symbols": []}, "id_str": "923725041036136448", "retweet_count": 0, "is_quote_status": false, "place": null, "in_reply_to_status_id_str": "923181896858824705", "coordinates": null, "in_reply_to_user_id_str": "905095603297943554", "in_reply_to_user_id": 905095603297943554, "truncated": false, "in_reply_to_screen_name": "frostycamel", "contributors": null}, "has_extended_profile": false, "id": 23783299, "name": "Don", "protected": false, "screen_name": "wales4me", "profile_background_color": "C0DEED", "profile_use_background_image": true, "profile_background_image_url_https": "https://abs.twimg.com/images/themes/theme1/bg.png", "profile_sidebar_fill_color": "DDEEF6", "is_translator": false, "contributors_enabled": false, "is_translation_enabled": false, "location": "Concord, California", "created_at": "Wed Mar 11 16:07:12 +0000 2009", "time_zone": "Pacific Time (US & Canada)", "profile_image_url_https": "https://pbs.twimg.com/profile_images/1479734318/IMG04_normal.JPG", "lang": "en", "entities": {"description": {"urls": []}, "url": {"urls": [{"expanded_url": "https://twitter.com/wales4me", "display_url": "twitter.com/wales4me", "indices": [0, 22], "url": "http://t.co/MBuagCc1vd"}]}}, "utc_offset": -28800, "follow_request_sent": false, "profile_link_color": "1DA1F2", "id_str": "23783299", "description": "Enjoying retirement", "following": false, "default_profile_image": false, "default_profile": true, "translator_type": "none", "profile_background_image_url": "http://abs.twimg.com/images/themes/theme1/bg.png", "statuses_count": 31, "friends_count": 37, "favourites_count": 20, "verified": false, "geo_enabled": false, "profile_sidebar_border_color": "C0DEED", "profile_image_url": "http://pbs.twimg.com/profile_images/1479734318/IMG04_normal.JPG", "profile_background_tile": false, "url": "http://t.co/MBuagCc1vd", "followers_count": 1, "notifications": false, "listed_count": 0}
2017-11-15T21:00:05.457443	{"translator_type": "none", "verified": false, "default_profile_image": false, "entities": {"description": {"urls": []}, "url": {"urls": [{"indices": [0, 22], "expanded_url": "https://twitter.com/wales4me", "display_url": "twitter.com/wales4me", "url": "http://t.co/MBuagCc1vd"}]}}, "contributors_enabled": false, "id_str": "23783299", "has_extended_profile": false, "url": "http://t.co/MBuagCc1vd", "utc_offset": -28800, "time_zone": "Pacific Time (US & Canada)", "status": {"entities": {"hashtags": [], "symbols": [], "user_mentions": [{"name": "Andy", "id_str": "905095603297943554", "screen_name": "frostycamel", "indices": [0, 12], "id": 905095603297943554}, {"name": "Trumpism Unleashed\u2122", "id_str": "3580248555", "screen_name": "Team_Trump45", "indices": [13, 26], "id": 3580248555}, {"name": "Donald J. Trump", "id_str": "25073877", "screen_name": "realDonaldTrump", "indices": [27, 43], "id": 25073877}], "urls": []}, "in_reply_to_user_id": 905095603297943554, "id_str": "923725041036136448", "in_reply_to_status_id": 923181896858824705, "is_quote_status": false, "in_reply_to_screen_name": "frostycamel", "coordinates": null, "favorited": false, "lang": "en", "id": 923725041036136448, "retweeted": false, "truncated": false, "geo": null, "favorite_count": 0, "in_reply_to_status_id_str": "923181896858824705", "retweet_count": 0, "contributors": null, "in_reply_to_user_id_str": "905095603297943554", "place": null, "text": "@frostycamel @Team_Trump45 @realDonaldTrump Details.", "created_at": "Fri Oct 27 01:36:26 +0000 2017", "source": "<a href=\"http://twitter.com/download/android\" rel=\"nofollow\">Twitter for Android</a>"}, "profile_use_background_image": true, "name": "Don", "friends_count": 37, "listed_count": 0, "profile_image_url_https": "https://pbs.twimg.com/profile_images/1479734318/IMG04_normal.JPG", "profile_image_url": "http://pbs.twimg.com/profile_images/1479734318/IMG04_normal.JPG", "protected": false, "statuses_count": 31, "is_translation_enabled": false, "profile_background_color": "C0DEED", "followers_count": 1, "profile_link_color": "1DA1F2", "profile_background_image_url_https": "https://abs.twimg.com/images/themes/theme1/bg.png", "id": 23783299, "description": "Enjoying retirement", "is_translator": false, "favourites_count": 20, "location": "Concord, California", "follow_request_sent": false, "notifications": false, "profile_text_color": "333333", "screen_name": "wales4me", "default_profile": true, "profile_background_image_url": "http://abs.twimg.com/images/themes/theme1/bg.png", "profile_background_tile": false, "following": false, "geo_enabled": false, "created_at": "Wed Mar 11 16:07:12 +0000 2009", "lang": "en", "profile_sidebar_border_color": "C0DEED", "profile_sidebar_fill_color": "DDEEF6"}
2017-11-15T22:00:05.473949	{"description": "Enjoying retirement", "profile_sidebar_fill_color": "DDEEF6", "location": "Concord, California", "screen_name": "wales4me", "created_at": "Wed Mar 11 16:07:12 +0000 2009", "status": {"in_reply_to_status_id": 923181896858824705, "place": null, "created_at": "Fri Oct 27 01:36:26 +0000 2017", "source": "<a href=\"http://twitter.com/download/android\" rel=\"nofollow\">Twitter for Android</a>", "in_reply_to_screen_name": "frostycamel", "id": 923725041036136448, "entities": {"symbols": [], "hashtags": [], "user_mentions": [{"indices": [0, 12], "name": "Andy", "id": 905095603297943554, "screen_name": "frostycamel", "id_str": "905095603297943554"}, {"indices": [13, 26], "name": "Trumpism Unleashed\u2122", "id": 3580248555, "screen_name": "Team_Trump45", "id_str": "3580248555"}, {"indices": [27, 43], "name": "Donald J. Trump", "id": 25073877, "screen_name": "realDonaldTrump", "id_str": "25073877"}], "urls": []}, "retweet_count": 0, "favorited": false, "lang": "en", "retweeted": false, "truncated": false, "id_str": "923725041036136448", "geo": null, "in_reply_to_status_id_str": "923181896858824705", "favorite_count": 0, "coordinates": null, "is_quote_status": false, "in_reply_to_user_id": 905095603297943554, "text": "@frostycamel @Team_Trump45 @realDonaldTrump Details.", "contributors": null, "in_reply_to_user_id_str": "905095603297943554"}, "friends_count": 37, "profile_background_color": "C0DEED", "profile_link_color": "1DA1F2", "id": 23783299, "entities": {"url": {"urls": [{"url": "http://t.co/MBuagCc1vd", "expanded_url": "https://twitter.com/wales4me", "indices": [0, 22], "display_url": "twitter.com/wales4me"}]}, "description": {"urls": []}}, "contributors_enabled": false, "protected": false, "following": false, "has_extended_profile": false, "followers_count": 1, "url": "http://t.co/MBuagCc1vd", "default_profile": true, "profile_use_background_image": true, "name": "Don", "is_translator": false, "profile_background_image_url_https": "https://abs.twimg.com/images/themes/theme1/bg.png", "id_str": "23783299", "default_profile_image": false, "notifications": false, "is_translation_enabled": false, "follow_request_sent": false, "profile_sidebar_border_color": "C0DEED", "profile_image_url": "http://pbs.twimg.com/profile_images/1479734318/IMG04_normal.JPG", "profile_background_tile": false, "time_zone": "Pacific Time (US & Canada)", "utc_offset": -28800, "translator_type": "none", "profile_image_url_https": "https://pbs.twimg.com/profile_images/1479734318/IMG04_normal.JPG", "profile_background_image_url": "http://abs.twimg.com/images/themes/theme1/bg.png", "statuses_count": 31, "profile_text_color": "333333", "lang": "en", "favourites_count": 20, "geo_enabled": false, "listed_count": 0, "verified": false}
2017-11-15T23:00:04.605205	{"following": false, "id_str": "23783299", "profile_link_color": "1DA1F2", "status": {"retweeted": false, "id_str": "923725041036136448", "in_reply_to_status_id_str": "923181896858824705", "in_reply_to_screen_name": "frostycamel", "in_reply_to_status_id": 923181896858824705, "in_reply_to_user_id_str": "905095603297943554", "favorite_count": 0, "lang": "en", "is_quote_status": false, "id": 923725041036136448, "entities": {"user_mentions": [{"name": "Andy", "screen_name": "frostycamel", "id_str": "905095603297943554", "id": 905095603297943554, "indices": [0, 12]}, {"name": "Trumpism Unleashed\u2122", "screen_name": "Team_Trump45", "id_str": "3580248555", "id": 3580248555, "indices": [13, 26]}, {"name": "Donald J. Trump", "screen_name": "realDonaldTrump", "id_str": "25073877", "id": 25073877, "indices": [27, 43]}], "urls": [], "symbols": [], "hashtags": []}, "favorited": false, "source": "<a href=\"http://twitter.com/download/android\" rel=\"nofollow\">Twitter for Android</a>", "retweet_count": 0, "place": null, "in_reply_to_user_id": 905095603297943554, "contributors": null, "geo": null, "coordinates": null, "created_at": "Fri Oct 27 01:36:26 +0000 2017", "truncated": false, "text": "@frostycamel @Team_Trump45 @realDonaldTrump Details."}, "follow_request_sent": false, "url": "http://t.co/MBuagCc1vd", "profile_sidebar_fill_color": "DDEEF6", "geo_enabled": false, "profile_background_tile": false, "default_profile": true, "description": "Enjoying retirement", "favourites_count": 20, "lang": "en", "followers_count": 1, "screen_name": "wales4me", "verified": false, "entities": {"description": {"urls": []}, "url": {"urls": [{"url": "http://t.co/MBuagCc1vd", "display_url": "twitter.com/wales4me", "expanded_url": "https://twitter.com/wales4me", "indices": [0, 22]}]}}, "statuses_count": 31, "id": 23783299, "profile_image_url_https": "https://pbs.twimg.com/profile_images/1479734318/IMG04_normal.JPG", "time_zone": "Pacific Time (US & Canada)", "is_translator": false, "listed_count": 0, "profile_use_background_image": true, "protected": false, "profile_image_url": "http://pbs.twimg.com/profile_images/1479734318/IMG04_normal.JPG", "utc_offset": -28800, "name": "Don", "translator_type": "none", "default_profile_image": false, "has_extended_profile": false, "profile_background_image_url_https": "https://abs.twimg.com/images/themes/theme1/bg.png", "location": "Concord, California", "profile_background_color": "C0DEED", "notifications": false, "contributors_enabled": false, "created_at": "Wed Mar 11 16:07:12 +0000 2009", "friends_count": 37, "profile_text_color": "333333", "is_translation_enabled": false, "profile_background_image_url": "http://abs.twimg.com/images/themes/theme1/bg.png", "profile_sidebar_border_color": "C0DEED"}
2017-11-16T00:00:05.686393	{"entities": {"description": {"urls": []}, "url": {"urls": [{"expanded_url": "https://twitter.com/wales4me", "indices": [0, 22], "url": "http://t.co/MBuagCc1vd", "display_url": "twitter.com/wales4me"}]}}, "id_str": "23783299", "following": false, "is_translation_enabled": false, "profile_use_background_image": true, "id": 23783299, "name": "Don", "lang": "en", "profile_image_url": "http://pbs.twimg.com/profile_images/1479734318/IMG04_normal.JPG", "profile_background_image_url_https": "https://abs.twimg.com/images/themes/theme1/bg.png", "translator_type": "none", "default_profile_image": false, "default_profile": true, "friends_count": 37, "profile_text_color": "333333", "geo_enabled": false, "profile_sidebar_fill_color": "DDEEF6", "statuses_count": 31, "notifications": false, "follow_request_sent": false, "time_zone": "Pacific Time (US & Canada)", "protected": false, "verified": false, "url": "http://t.co/MBuagCc1vd", "profile_background_tile": false, "utc_offset": -28800, "created_at": "Wed Mar 11 16:07:12 +0000 2009", "status": {"entities": {"user_mentions": [{"indices": [0, 12], "id": 905095603297943554, "name": "Andy", "id_str": "905095603297943554", "screen_name": "frostycamel"}, {"indices": [13, 26], "id": 3580248555, "name": "Trumpism Unleashed\u2122", "id_str": "3580248555", "screen_name": "Team_Trump45"}, {"indices": [27, 43], "id": 25073877, "name": "Donald J. Trump", "id_str": "25073877", "screen_name": "realDonaldTrump"}], "hashtags": [], "symbols": [], "urls": []}, "id_str": "923725041036136448", "id": 923725041036136448, "in_reply_to_user_id": 905095603297943554, "lang": "en", "geo": null, "retweeted": false, "is_quote_status": false, "in_reply_to_status_id_str": "923181896858824705", "truncated": false, "source": "<a href=\"http://twitter.com/download/android\" rel=\"nofollow\">Twitter for Android</a>", "favorited": false, "in_reply_to_screen_name": "frostycamel", "contributors": null, "created_at": "Fri Oct 27 01:36:26 +0000 2017", "text": "@frostycamel @Team_Trump45 @realDonaldTrump Details.", "in_reply_to_user_id_str": "905095603297943554", "place": null, "coordinates": null, "favorite_count": 0, "in_reply_to_status_id": 923181896858824705, "retweet_count": 0}, "listed_count": 0, "profile_link_color": "1DA1F2", "contributors_enabled": false, "screen_name": "wales4me", "profile_image_url_https": "https://pbs.twimg.com/profile_images/1479734318/IMG04_normal.JPG", "location": "Concord, California", "description": "Enjoying retirement", "profile_background_color": "C0DEED", "favourites_count": 20, "profile_sidebar_border_color": "C0DEED", "has_extended_profile": false, "followers_count": 1, "is_translator": false, "profile_background_image_url": "http://abs.twimg.com/images/themes/theme1/bg.png"}
2017-11-16T01:00:05.103934	{"utc_offset": -28800, "time_zone": "Pacific Time (US & Canada)", "verified": false, "statuses_count": 31, "favourites_count": 20, "description": "Enjoying retirement", "geo_enabled": false, "following": false, "lang": "en", "contributors_enabled": false, "profile_text_color": "333333", "location": "Concord, California", "is_translator": false, "id": 23783299, "listed_count": 0, "default_profile": true, "has_extended_profile": false, "follow_request_sent": false, "profile_background_color": "C0DEED", "name": "Don", "profile_link_color": "1DA1F2", "profile_image_url": "http://pbs.twimg.com/profile_images/1479734318/IMG04_normal.JPG", "status": {"in_reply_to_screen_name": "frostycamel", "lang": "en", "in_reply_to_user_id_str": "905095603297943554", "retweeted": false, "in_reply_to_user_id": 905095603297943554, "id": 923725041036136448, "favorited": false, "favorite_count": 0, "truncated": false, "in_reply_to_status_id_str": "923181896858824705", "id_str": "923725041036136448", "entities": {"user_mentions": [{"name": "Andy", "id": 905095603297943554, "indices": [0, 12], "id_str": "905095603297943554", "screen_name": "frostycamel"}, {"name": "Trumpism Unleashed\u2122", "id": 3580248555, "indices": [13, 26], "id_str": "3580248555", "screen_name": "Team_Trump45"}, {"name": "Donald J. Trump", "id": 25073877, "indices": [27, 43], "id_str": "25073877", "screen_name": "realDonaldTrump"}], "hashtags": [], "urls": [], "symbols": []}, "place": null, "retweet_count": 0, "contributors": null, "created_at": "Fri Oct 27 01:36:26 +0000 2017", "source": "<a href=\"http://twitter.com/download/android\" rel=\"nofollow\">Twitter for Android</a>", "coordinates": null, "in_reply_to_status_id": 923181896858824705, "geo": null, "text": "@frostycamel @Team_Trump45 @realDonaldTrump Details.", "is_quote_status": false}, "id_str": "23783299", "screen_name": "wales4me", "notifications": false, "friends_count": 37, "protected": false, "entities": {"url": {"urls": [{"url": "http://t.co/MBuagCc1vd", "display_url": "twitter.com/wales4me", "expanded_url": "https://twitter.com/wales4me", "indices": [0, 22]}]}, "description": {"urls": []}}, "profile_background_image_url_https": "https://abs.twimg.com/images/themes/theme1/bg.png", "is_translation_enabled": false, "created_at": "Wed Mar 11 16:07:12 +0000 2009", "profile_background_image_url": "http://abs.twimg.com/images/themes/theme1/bg.png", "url": "http://t.co/MBuagCc1vd", "translator_type": "none", "profile_sidebar_fill_color": "DDEEF6", "profile_sidebar_border_color": "C0DEED", "default_profile_image": false, "profile_image_url_https": "https://pbs.twimg.com/profile_images/1479734318/IMG04_normal.JPG", "profile_use_background_image": true, "followers_count": 1, "profile_background_tile": false}
2017-11-16T02:00:05.664722	{"default_profile_image": false, "profile_link_color": "1DA1F2", "favourites_count": 20, "name": "Don", "verified": false, "default_profile": true, "status": {"geo": null, "text": "@frostycamel @Team_Trump45 @realDonaldTrump Details.", "truncated": false, "created_at": "Fri Oct 27 01:36:26 +0000 2017", "id_str": "923725041036136448", "lang": "en", "favorited": false, "place": null, "entities": {"hashtags": [], "user_mentions": [{"screen_name": "frostycamel", "id": 905095603297943554, "name": "Andy", "indices": [0, 12], "id_str": "905095603297943554"}, {"screen_name": "Team_Trump45", "id": 3580248555, "name": "Trumpism Unleashed\u2122", "indices": [13, 26], "id_str": "3580248555"}, {"screen_name": "realDonaldTrump", "id": 25073877, "name": "Donald J. Trump", "indices": [27, 43], "id_str": "25073877"}], "symbols": [], "urls": []}, "in_reply_to_user_id": 905095603297943554, "id": 923725041036136448, "in_reply_to_status_id": 923181896858824705, "retweet_count": 0, "favorite_count": 0, "in_reply_to_status_id_str": "923181896858824705", "in_reply_to_user_id_str": "905095603297943554", "in_reply_to_screen_name": "frostycamel", "coordinates": null, "is_quote_status": false, "contributors": null, "source": "<a href=\"http://twitter.com/download/android\" rel=\"nofollow\">Twitter for Android</a>", "retweeted": false}, "screen_name": "wales4me", "description": "Enjoying retirement", "translator_type": "none", "lang": "en", "profile_background_tile": false, "utc_offset": -28800, "id": 23783299, "time_zone": "Pacific Time (US & Canada)", "entities": {"description": {"urls": []}, "url": {"urls": [{"indices": [0, 22], "display_url": "twitter.com/wales4me", "url": "http://t.co/MBuagCc1vd", "expanded_url": "https://twitter.com/wales4me"}]}}, "notifications": false, "profile_text_color": "333333", "profile_background_image_url_https": "https://abs.twimg.com/images/themes/theme1/bg.png", "protected": false, "geo_enabled": false, "listed_count": 0, "profile_sidebar_border_color": "C0DEED", "profile_image_url_https": "https://pbs.twimg.com/profile_images/1479734318/IMG04_normal.JPG", "friends_count": 37, "is_translator": false, "profile_image_url": "http://pbs.twimg.com/profile_images/1479734318/IMG04_normal.JPG", "following": false, "statuses_count": 31, "profile_sidebar_fill_color": "DDEEF6", "contributors_enabled": false, "profile_background_color": "C0DEED", "is_translation_enabled": false, "profile_use_background_image": true, "created_at": "Wed Mar 11 16:07:12 +0000 2009", "id_str": "23783299", "follow_request_sent": false, "location": "Concord, California", "followers_count": 1, "has_extended_profile": false, "url": "http://t.co/MBuagCc1vd", "profile_background_image_url": "http://abs.twimg.com/images/themes/theme1/bg.png"}
2017-11-16T03:00:05.471803	{"created_at": "Wed Mar 11 16:07:12 +0000 2009", "location": "Concord, California", "is_translator": false, "profile_image_url": "http://pbs.twimg.com/profile_images/1479734318/IMG04_normal.JPG", "notifications": false, "entities": {"url": {"urls": [{"url": "http://t.co/MBuagCc1vd", "indices": [0, 22], "expanded_url": "https://twitter.com/wales4me", "display_url": "twitter.com/wales4me"}]}, "description": {"urls": []}}, "profile_image_url_https": "https://pbs.twimg.com/profile_images/1479734318/IMG04_normal.JPG", "status": {"created_at": "Fri Oct 27 01:36:26 +0000 2017", "entities": {"hashtags": [], "symbols": [], "user_mentions": [{"id": 905095603297943554, "name": "Andy", "indices": [0, 12], "id_str": "905095603297943554", "screen_name": "frostycamel"}, {"id": 3580248555, "name": "Trumpism Unleashed\u2122", "indices": [13, 26], "id_str": "3580248555", "screen_name": "Team_Trump45"}, {"id": 25073877, "name": "Donald J. Trump", "indices": [27, 43], "id_str": "25073877", "screen_name": "realDonaldTrump"}], "urls": []}, "source": "<a href=\"http://twitter.com/download/android\" rel=\"nofollow\">Twitter for Android</a>", "in_reply_to_user_id": 905095603297943554, "favorite_count": 0, "truncated": false, "retweet_count": 0, "in_reply_to_status_id": 923181896858824705, "id": 923725041036136448, "lang": "en", "place": null, "in_reply_to_status_id_str": "923181896858824705", "id_str": "923725041036136448", "geo": null, "favorited": false, "coordinates": null, "in_reply_to_user_id_str": "905095603297943554", "is_quote_status": false, "in_reply_to_screen_name": "frostycamel", "contributors": null, "retweeted": false, "text": "@frostycamel @Team_Trump45 @realDonaldTrump Details."}, "followers_count": 1, "following": false, "listed_count": 0, "profile_text_color": "333333", "favourites_count": 20, "id": 23783299, "description": "Enjoying retirement", "lang": "en", "follow_request_sent": false, "profile_link_color": "1DA1F2", "time_zone": "Pacific Time (US & Canada)", "default_profile_image": false, "id_str": "23783299", "statuses_count": 31, "profile_background_image_url_https": "https://abs.twimg.com/images/themes/theme1/bg.png", "geo_enabled": false, "contributors_enabled": false, "profile_use_background_image": true, "has_extended_profile": false, "url": "http://t.co/MBuagCc1vd", "name": "Don", "profile_background_color": "C0DEED", "screen_name": "wales4me", "profile_sidebar_fill_color": "DDEEF6", "is_translation_enabled": false, "friends_count": 37, "default_profile": true, "profile_sidebar_border_color": "C0DEED", "utc_offset": -28800, "profile_background_image_url": "http://abs.twimg.com/images/themes/theme1/bg.png", "protected": false, "verified": false, "translator_type": "none", "profile_background_tile": false}
2017-11-16T04:00:05.942900	{"description": "Enjoying retirement", "name": "Don", "id_str": "23783299", "profile_text_color": "333333", "profile_link_color": "1DA1F2", "profile_sidebar_fill_color": "DDEEF6", "utc_offset": -28800, "protected": false, "profile_background_image_url_https": "https://abs.twimg.com/images/themes/theme1/bg.png", "status": {"id_str": "923725041036136448", "in_reply_to_screen_name": "frostycamel", "favorite_count": 0, "text": "@frostycamel @Team_Trump45 @realDonaldTrump Details.", "source": "<a href=\"http://twitter.com/download/android\" rel=\"nofollow\">Twitter for Android</a>", "created_at": "Fri Oct 27 01:36:26 +0000 2017", "retweeted": false, "place": null, "id": 923725041036136448, "geo": null, "entities": {"user_mentions": [{"name": "Andy", "screen_name": "frostycamel", "indices": [0, 12], "id_str": "905095603297943554", "id": 905095603297943554}, {"name": "Trumpism Unleashed\u2122", "screen_name": "Team_Trump45", "indices": [13, 26], "id_str": "3580248555", "id": 3580248555}, {"name": "Donald J. Trump", "screen_name": "realDonaldTrump", "indices": [27, 43], "id_str": "25073877", "id": 25073877}], "hashtags": [], "symbols": [], "urls": []}, "lang": "en", "in_reply_to_user_id": 905095603297943554, "in_reply_to_status_id_str": "923181896858824705", "truncated": false, "contributors": null, "is_quote_status": false, "coordinates": null, "retweet_count": 0, "in_reply_to_user_id_str": "905095603297943554", "favorited": false, "in_reply_to_status_id": 923181896858824705}, "profile_sidebar_border_color": "C0DEED", "created_at": "Wed Mar 11 16:07:12 +0000 2009", "notifications": false, "time_zone": "Pacific Time (US & Canada)", "favourites_count": 20, "geo_enabled": false, "id": 23783299, "follow_request_sent": false, "following": false, "is_translator": false, "url": "http://t.co/MBuagCc1vd", "location": "Concord, California", "entities": {"description": {"urls": []}, "url": {"urls": [{"display_url": "twitter.com/wales4me", "url": "http://t.co/MBuagCc1vd", "expanded_url": "https://twitter.com/wales4me", "indices": [0, 22]}]}}, "translator_type": "none", "contributors_enabled": false, "profile_background_color": "C0DEED", "verified": false, "listed_count": 0, "screen_name": "wales4me", "profile_background_image_url": "http://abs.twimg.com/images/themes/theme1/bg.png", "profile_use_background_image": true, "friends_count": 37, "lang": "en", "followers_count": 1, "profile_image_url_https": "https://pbs.twimg.com/profile_images/1479734318/IMG04_normal.JPG", "default_profile": true, "has_extended_profile": false, "profile_image_url": "http://pbs.twimg.com/profile_images/1479734318/IMG04_normal.JPG", "is_translation_enabled": false, "profile_background_tile": false, "statuses_count": 31, "default_profile_image": false}
2017-11-16T05:00:04.850562	{"profile_image_url": "http://pbs.twimg.com/profile_images/1479734318/IMG04_normal.JPG", "profile_use_background_image": true, "has_extended_profile": false, "profile_background_tile": false, "url": "http://t.co/MBuagCc1vd", "is_translation_enabled": false, "following": false, "translator_type": "none", "profile_link_color": "1DA1F2", "profile_background_image_url": "http://abs.twimg.com/images/themes/theme1/bg.png", "notifications": false, "verified": false, "default_profile_image": false, "statuses_count": 31, "listed_count": 0, "followers_count": 1, "utc_offset": -28800, "default_profile": true, "profile_text_color": "333333", "status": {"geo": null, "entities": {"urls": [], "symbols": [], "user_mentions": [{"name": "Andy", "id": 905095603297943554, "id_str": "905095603297943554", "screen_name": "frostycamel", "indices": [0, 12]}, {"name": "Trumpism Unleashed\u2122", "id": 3580248555, "id_str": "3580248555", "screen_name": "Team_Trump45", "indices": [13, 26]}, {"name": "Donald J. Trump", "id": 25073877, "id_str": "25073877", "screen_name": "realDonaldTrump", "indices": [27, 43]}], "hashtags": []}, "favorited": false, "truncated": false, "contributors": null, "is_quote_status": false, "retweeted": false, "in_reply_to_status_id_str": "923181896858824705", "in_reply_to_screen_name": "frostycamel", "favorite_count": 0, "text": "@frostycamel @Team_Trump45 @realDonaldTrump Details.", "id_str": "923725041036136448", "source": "<a href=\"http://twitter.com/download/android\" rel=\"nofollow\">Twitter for Android</a>", "coordinates": null, "id": 923725041036136448, "in_reply_to_status_id": 923181896858824705, "created_at": "Fri Oct 27 01:36:26 +0000 2017", "retweet_count": 0, "in_reply_to_user_id": 905095603297943554, "place": null, "lang": "en", "in_reply_to_user_id_str": "905095603297943554"}, "id_str": "23783299", "screen_name": "wales4me", "entities": {"url": {"urls": [{"expanded_url": "https://twitter.com/wales4me", "indices": [0, 22], "url": "http://t.co/MBuagCc1vd", "display_url": "twitter.com/wales4me"}]}, "description": {"urls": []}}, "favourites_count": 20, "follow_request_sent": false, "profile_background_image_url_https": "https://abs.twimg.com/images/themes/theme1/bg.png", "protected": false, "id": 23783299, "contributors_enabled": false, "is_translator": false, "location": "Concord, California", "profile_sidebar_border_color": "C0DEED", "time_zone": "Pacific Time (US & Canada)", "geo_enabled": false, "created_at": "Wed Mar 11 16:07:12 +0000 2009", "profile_background_color": "C0DEED", "friends_count": 37, "description": "Enjoying retirement", "name": "Don", "lang": "en", "profile_sidebar_fill_color": "DDEEF6", "profile_image_url_https": "https://pbs.twimg.com/profile_images/1479734318/IMG04_normal.JPG"}
2017-11-16T06:00:04.731311	{"id_str": "23783299", "utc_offset": -28800, "statuses_count": 31, "notifications": false, "contributors_enabled": false, "profile_background_color": "C0DEED", "profile_background_tile": false, "description": "Enjoying retirement", "url": "http://t.co/MBuagCc1vd", "entities": {"description": {"urls": []}, "url": {"urls": [{"indices": [0, 22], "url": "http://t.co/MBuagCc1vd", "expanded_url": "https://twitter.com/wales4me", "display_url": "twitter.com/wales4me"}]}}, "is_translator": false, "default_profile_image": false, "status": {"source": "<a href=\"http://twitter.com/download/android\" rel=\"nofollow\">Twitter for Android</a>", "id_str": "923725041036136448", "retweeted": false, "lang": "en", "in_reply_to_user_id": 905095603297943554, "truncated": false, "entities": {"urls": [], "hashtags": [], "symbols": [], "user_mentions": [{"id_str": "905095603297943554", "indices": [0, 12], "id": 905095603297943554, "screen_name": "frostycamel", "name": "Andy"}, {"id_str": "3580248555", "indices": [13, 26], "id": 3580248555, "screen_name": "Team_Trump45", "name": "Trumpism Unleashed\u2122"}, {"id_str": "25073877", "indices": [27, 43], "id": 25073877, "screen_name": "realDonaldTrump", "name": "Donald J. Trump"}]}, "contributors": null, "in_reply_to_status_id_str": "923181896858824705", "id": 923725041036136448, "geo": null, "is_quote_status": false, "text": "@frostycamel @Team_Trump45 @realDonaldTrump Details.", "favorited": false, "created_at": "Fri Oct 27 01:36:26 +0000 2017", "place": null, "coordinates": null, "retweet_count": 0, "in_reply_to_user_id_str": "905095603297943554", "favorite_count": 0, "in_reply_to_screen_name": "frostycamel", "in_reply_to_status_id": 923181896858824705}, "has_extended_profile": false, "screen_name": "wales4me", "following": false, "lang": "en", "friends_count": 37, "id": 23783299, "translator_type": "none", "follow_request_sent": false, "protected": false, "profile_sidebar_fill_color": "DDEEF6", "verified": false, "is_translation_enabled": false, "time_zone": "Pacific Time (US & Canada)", "profile_background_image_url": "http://abs.twimg.com/images/themes/theme1/bg.png", "listed_count": 0, "name": "Don", "created_at": "Wed Mar 11 16:07:12 +0000 2009", "favourites_count": 20, "profile_text_color": "333333", "profile_background_image_url_https": "https://abs.twimg.com/images/themes/theme1/bg.png", "location": "Concord, California", "profile_sidebar_border_color": "C0DEED", "default_profile": true, "profile_image_url": "http://pbs.twimg.com/profile_images/1479734318/IMG04_normal.JPG", "followers_count": 1, "geo_enabled": false, "profile_image_url_https": "https://pbs.twimg.com/profile_images/1479734318/IMG04_normal.JPG", "profile_link_color": "1DA1F2", "profile_use_background_image": true}
2017-11-16T07:00:05.100040	{"profile_background_color": "C0DEED", "profile_image_url": "http://pbs.twimg.com/profile_images/1479734318/IMG04_normal.JPG", "statuses_count": 31, "profile_link_color": "1DA1F2", "entities": {"description": {"urls": []}, "url": {"urls": [{"expanded_url": "https://twitter.com/wales4me", "display_url": "twitter.com/wales4me", "indices": [0, 22], "url": "http://t.co/MBuagCc1vd"}]}}, "is_translation_enabled": false, "has_extended_profile": false, "follow_request_sent": false, "time_zone": "Pacific Time (US & Canada)", "url": "http://t.co/MBuagCc1vd", "name": "Don", "screen_name": "wales4me", "profile_sidebar_fill_color": "DDEEF6", "default_profile": true, "is_translator": false, "favourites_count": 20, "geo_enabled": false, "id": 23783299, "profile_sidebar_border_color": "C0DEED", "profile_use_background_image": true, "id_str": "23783299", "protected": false, "translator_type": "none", "listed_count": 0, "notifications": false, "utc_offset": -28800, "description": "Enjoying retirement", "profile_background_tile": false, "contributors_enabled": false, "following": false, "created_at": "Wed Mar 11 16:07:12 +0000 2009", "lang": "en", "profile_image_url_https": "https://pbs.twimg.com/profile_images/1479734318/IMG04_normal.JPG", "default_profile_image": false, "profile_text_color": "333333", "friends_count": 37, "profile_background_image_url": "http://abs.twimg.com/images/themes/theme1/bg.png", "location": "Concord, California", "verified": false, "followers_count": 1, "profile_background_image_url_https": "https://abs.twimg.com/images/themes/theme1/bg.png", "status": {"in_reply_to_user_id_str": "905095603297943554", "retweet_count": 0, "truncated": false, "place": null, "entities": {"symbols": [], "urls": [], "hashtags": [], "user_mentions": [{"name": "Andy", "screen_name": "frostycamel", "id_str": "905095603297943554", "indices": [0, 12], "id": 905095603297943554}, {"name": "Trumpism Unleashed\u2122", "screen_name": "Team_Trump45", "id_str": "3580248555", "indices": [13, 26], "id": 3580248555}, {"name": "Donald J. Trump", "screen_name": "realDonaldTrump", "id_str": "25073877", "indices": [27, 43], "id": 25073877}]}, "id_str": "923725041036136448", "coordinates": null, "favorited": false, "contributors": null, "retweeted": false, "in_reply_to_status_id_str": "923181896858824705", "in_reply_to_user_id": 905095603297943554, "id": 923725041036136448, "favorite_count": 0, "in_reply_to_status_id": 923181896858824705, "geo": null, "in_reply_to_screen_name": "frostycamel", "created_at": "Fri Oct 27 01:36:26 +0000 2017", "lang": "en", "text": "@frostycamel @Team_Trump45 @realDonaldTrump Details.", "is_quote_status": false, "source": "<a href=\"http://twitter.com/download/android\" rel=\"nofollow\">Twitter for Android</a>"}}
2017-11-16T08:00:05.835271	{"id_str": "23783299", "url": "http://t.co/MBuagCc1vd", "follow_request_sent": false, "profile_sidebar_border_color": "C0DEED", "profile_background_image_url_https": "https://abs.twimg.com/images/themes/theme1/bg.png", "is_translation_enabled": false, "notifications": false, "profile_link_color": "1DA1F2", "screen_name": "wales4me", "time_zone": "Pacific Time (US & Canada)", "default_profile": true, "id": 23783299, "location": "Concord, California", "profile_use_background_image": true, "profile_text_color": "333333", "has_extended_profile": false, "contributors_enabled": false, "favourites_count": 20, "entities": {"url": {"urls": [{"expanded_url": "https://twitter.com/wales4me", "url": "http://t.co/MBuagCc1vd", "display_url": "twitter.com/wales4me", "indices": [0, 22]}]}, "description": {"urls": []}}, "status": {"is_quote_status": false, "id_str": "923725041036136448", "in_reply_to_screen_name": "frostycamel", "lang": "en", "contributors": null, "retweet_count": 0, "favorite_count": 0, "id": 923725041036136448, "coordinates": null, "in_reply_to_user_id": 905095603297943554, "geo": null, "entities": {"hashtags": [], "symbols": [], "urls": [], "user_mentions": [{"id_str": "905095603297943554", "name": "Andy", "id": 905095603297943554, "screen_name": "frostycamel", "indices": [0, 12]}, {"id_str": "3580248555", "name": "Trumpism Unleashed\u2122", "id": 3580248555, "screen_name": "Team_Trump45", "indices": [13, 26]}, {"id_str": "25073877", "name": "Donald J. Trump", "id": 25073877, "screen_name": "realDonaldTrump", "indices": [27, 43]}]}, "place": null, "truncated": false, "source": "<a href=\"http://twitter.com/download/android\" rel=\"nofollow\">Twitter for Android</a>", "created_at": "Fri Oct 27 01:36:26 +0000 2017", "favorited": false, "retweeted": false, "in_reply_to_status_id_str": "923181896858824705", "in_reply_to_status_id": 923181896858824705, "in_reply_to_user_id_str": "905095603297943554", "text": "@frostycamel @Team_Trump45 @realDonaldTrump Details."}, "profile_sidebar_fill_color": "DDEEF6", "protected": false, "translator_type": "none", "profile_image_url": "http://pbs.twimg.com/profile_images/1479734318/IMG04_normal.JPG", "default_profile_image": false, "geo_enabled": false, "friends_count": 37, "profile_image_url_https": "https://pbs.twimg.com/profile_images/1479734318/IMG04_normal.JPG", "listed_count": 0, "created_at": "Wed Mar 11 16:07:12 +0000 2009", "profile_background_color": "C0DEED", "profile_background_tile": false, "utc_offset": -28800, "name": "Don", "followers_count": 1, "verified": false, "profile_background_image_url": "http://abs.twimg.com/images/themes/theme1/bg.png", "following": false, "lang": "en", "description": "Enjoying retirement", "statuses_count": 31, "is_translator": false}
2017-11-16T09:00:05.502626	{"geo_enabled": false, "status": {"in_reply_to_user_id": 905095603297943554, "contributors": null, "lang": "en", "entities": {"urls": [], "hashtags": [], "symbols": [], "user_mentions": [{"screen_name": "frostycamel", "id_str": "905095603297943554", "indices": [0, 12], "id": 905095603297943554, "name": "Andy"}, {"screen_name": "Team_Trump45", "id_str": "3580248555", "indices": [13, 26], "id": 3580248555, "name": "Trumpism Unleashed\u2122"}, {"screen_name": "realDonaldTrump", "id_str": "25073877", "indices": [27, 43], "id": 25073877, "name": "Donald J. Trump"}]}, "text": "@frostycamel @Team_Trump45 @realDonaldTrump Details.", "in_reply_to_status_id_str": "923181896858824705", "source": "<a href=\"http://twitter.com/download/android\" rel=\"nofollow\">Twitter for Android</a>", "geo": null, "coordinates": null, "in_reply_to_user_id_str": "905095603297943554", "created_at": "Fri Oct 27 01:36:26 +0000 2017", "id": 923725041036136448, "retweeted": false, "retweet_count": 0, "favorite_count": 0, "in_reply_to_screen_name": "frostycamel", "id_str": "923725041036136448", "in_reply_to_status_id": 923181896858824705, "truncated": false, "favorited": false, "is_quote_status": false, "place": null}, "profile_background_image_url": "http://abs.twimg.com/images/themes/theme1/bg.png", "url": "http://t.co/MBuagCc1vd", "utc_offset": -28800, "id_str": "23783299", "default_profile_image": false, "profile_text_color": "333333", "location": "Concord, California", "verified": false, "screen_name": "wales4me", "lang": "en", "protected": false, "description": "Enjoying retirement", "follow_request_sent": false, "is_translation_enabled": false, "is_translator": false, "favourites_count": 20, "profile_background_tile": false, "profile_use_background_image": true, "profile_sidebar_border_color": "C0DEED", "following": false, "profile_sidebar_fill_color": "DDEEF6", "profile_background_image_url_https": "https://abs.twimg.com/images/themes/theme1/bg.png", "profile_link_color": "1DA1F2", "entities": {"url": {"urls": [{"expanded_url": "https://twitter.com/wales4me", "indices": [0, 22], "url": "http://t.co/MBuagCc1vd", "display_url": "twitter.com/wales4me"}]}, "description": {"urls": []}}, "notifications": false, "friends_count": 37, "listed_count": 0, "statuses_count": 31, "created_at": "Wed Mar 11 16:07:12 +0000 2009", "profile_image_url_https": "https://pbs.twimg.com/profile_images/1479734318/IMG04_normal.JPG", "default_profile": true, "followers_count": 1, "time_zone": "Pacific Time (US & Canada)", "translator_type": "none", "name": "Don", "contributors_enabled": false, "has_extended_profile": false, "id": 23783299, "profile_image_url": "http://pbs.twimg.com/profile_images/1479734318/IMG04_normal.JPG", "profile_background_color": "C0DEED"}
2017-11-16T10:00:05.748783	{"description": "Enjoying retirement", "id_str": "23783299", "location": "Concord, California", "translator_type": "none", "has_extended_profile": false, "default_profile": true, "status": {"id_str": "923725041036136448", "in_reply_to_status_id": 923181896858824705, "retweeted": false, "in_reply_to_screen_name": "frostycamel", "in_reply_to_user_id_str": "905095603297943554", "favorite_count": 0, "in_reply_to_user_id": 905095603297943554, "truncated": false, "contributors": null, "source": "<a href=\"http://twitter.com/download/android\" rel=\"nofollow\">Twitter for Android</a>", "geo": null, "lang": "en", "is_quote_status": false, "id": 923725041036136448, "place": null, "coordinates": null, "created_at": "Fri Oct 27 01:36:26 +0000 2017", "in_reply_to_status_id_str": "923181896858824705", "text": "@frostycamel @Team_Trump45 @realDonaldTrump Details.", "favorited": false, "entities": {"user_mentions": [{"id": 905095603297943554, "indices": [0, 12], "name": "Andy", "screen_name": "frostycamel", "id_str": "905095603297943554"}, {"id": 3580248555, "indices": [13, 26], "name": "Trumpism Unleashed\u2122", "screen_name": "Team_Trump45", "id_str": "3580248555"}, {"id": 25073877, "indices": [27, 43], "name": "Donald J. Trump", "screen_name": "realDonaldTrump", "id_str": "25073877"}], "symbols": [], "urls": [], "hashtags": []}, "retweet_count": 0}, "profile_background_image_url_https": "https://abs.twimg.com/images/themes/theme1/bg.png", "notifications": false, "listed_count": 0, "profile_link_color": "1DA1F2", "statuses_count": 31, "profile_background_tile": false, "url": "http://t.co/MBuagCc1vd", "profile_sidebar_border_color": "C0DEED", "time_zone": "Pacific Time (US & Canada)", "followers_count": 1, "entities": {"description": {"urls": []}, "url": {"urls": [{"url": "http://t.co/MBuagCc1vd", "display_url": "twitter.com/wales4me", "expanded_url": "https://twitter.com/wales4me", "indices": [0, 22]}]}}, "profile_text_color": "333333", "following": false, "profile_background_color": "C0DEED", "utc_offset": -28800, "follow_request_sent": false, "profile_background_image_url": "http://abs.twimg.com/images/themes/theme1/bg.png", "favourites_count": 20, "contributors_enabled": false, "default_profile_image": false, "profile_image_url_https": "https://pbs.twimg.com/profile_images/1479734318/IMG04_normal.JPG", "id": 23783299, "protected": false, "profile_sidebar_fill_color": "DDEEF6", "lang": "en", "profile_image_url": "http://pbs.twimg.com/profile_images/1479734318/IMG04_normal.JPG", "geo_enabled": false, "is_translator": false, "friends_count": 37, "created_at": "Wed Mar 11 16:07:12 +0000 2009", "verified": false, "profile_use_background_image": true, "is_translation_enabled": false, "screen_name": "wales4me", "name": "Don"}
2017-11-16T11:00:05.584520	{"protected": false, "profile_image_url": "http://pbs.twimg.com/profile_images/1479734318/IMG04_normal.JPG", "name": "Don", "status": {"in_reply_to_user_id": 905095603297943554, "place": null, "is_quote_status": false, "truncated": false, "source": "<a href=\"http://twitter.com/download/android\" rel=\"nofollow\">Twitter for Android</a>", "lang": "en", "coordinates": null, "id": 923725041036136448, "retweet_count": 0, "id_str": "923725041036136448", "retweeted": false, "contributors": null, "entities": {"urls": [], "symbols": [], "user_mentions": [{"screen_name": "frostycamel", "name": "Andy", "indices": [0, 12], "id_str": "905095603297943554", "id": 905095603297943554}, {"screen_name": "Team_Trump45", "name": "Trumpism Unleashed\u2122", "indices": [13, 26], "id_str": "3580248555", "id": 3580248555}, {"screen_name": "realDonaldTrump", "name": "Donald J. Trump", "indices": [27, 43], "id_str": "25073877", "id": 25073877}], "hashtags": []}, "in_reply_to_status_id": 923181896858824705, "geo": null, "text": "@frostycamel @Team_Trump45 @realDonaldTrump Details.", "in_reply_to_screen_name": "frostycamel", "favorite_count": 0, "favorited": false, "in_reply_to_user_id_str": "905095603297943554", "created_at": "Fri Oct 27 01:36:26 +0000 2017", "in_reply_to_status_id_str": "923181896858824705"}, "url": "http://t.co/MBuagCc1vd", "following": false, "description": "Enjoying retirement", "screen_name": "wales4me", "has_extended_profile": false, "default_profile_image": false, "listed_count": 0, "profile_sidebar_fill_color": "DDEEF6", "id": 23783299, "default_profile": true, "profile_text_color": "333333", "verified": false, "profile_sidebar_border_color": "C0DEED", "utc_offset": -28800, "is_translation_enabled": false, "friends_count": 37, "contributors_enabled": false, "profile_use_background_image": true, "time_zone": "Pacific Time (US & Canada)", "id_str": "23783299", "entities": {"url": {"urls": [{"display_url": "twitter.com/wales4me", "url": "http://t.co/MBuagCc1vd", "indices": [0, 22], "expanded_url": "https://twitter.com/wales4me"}]}, "description": {"urls": []}}, "profile_background_tile": false, "geo_enabled": false, "location": "Concord, California", "favourites_count": 20, "profile_background_image_url_https": "https://abs.twimg.com/images/themes/theme1/bg.png", "lang": "en", "profile_background_color": "C0DEED", "is_translator": false, "translator_type": "none", "followers_count": 1, "profile_image_url_https": "https://pbs.twimg.com/profile_images/1479734318/IMG04_normal.JPG", "created_at": "Wed Mar 11 16:07:12 +0000 2009", "statuses_count": 31, "follow_request_sent": false, "profile_link_color": "1DA1F2", "notifications": false, "profile_background_image_url": "http://abs.twimg.com/images/themes/theme1/bg.png"}
2017-11-16T12:00:05.752266	{"utc_offset": -28800, "follow_request_sent": false, "profile_image_url_https": "https://pbs.twimg.com/profile_images/1479734318/IMG04_normal.JPG", "id_str": "23783299", "protected": false, "friends_count": 37, "profile_background_tile": false, "favourites_count": 20, "has_extended_profile": false, "profile_background_image_url_https": "https://abs.twimg.com/images/themes/theme1/bg.png", "listed_count": 0, "translator_type": "none", "default_profile_image": false, "is_translator": false, "profile_use_background_image": true, "time_zone": "Pacific Time (US & Canada)", "verified": false, "following": false, "notifications": false, "location": "Concord, California", "profile_sidebar_border_color": "C0DEED", "description": "Enjoying retirement", "is_translation_enabled": false, "profile_text_color": "333333", "url": "http://t.co/MBuagCc1vd", "profile_sidebar_fill_color": "DDEEF6", "id": 23783299, "contributors_enabled": false, "default_profile": true, "profile_background_image_url": "http://abs.twimg.com/images/themes/theme1/bg.png", "followers_count": 1, "screen_name": "wales4me", "created_at": "Wed Mar 11 16:07:12 +0000 2009", "lang": "en", "entities": {"url": {"urls": [{"url": "http://t.co/MBuagCc1vd", "indices": [0, 22], "display_url": "twitter.com/wales4me", "expanded_url": "https://twitter.com/wales4me"}]}, "description": {"urls": []}}, "name": "Don", "profile_background_color": "C0DEED", "profile_image_url": "http://pbs.twimg.com/profile_images/1479734318/IMG04_normal.JPG", "status": {"retweet_count": 0, "created_at": "Fri Oct 27 01:36:26 +0000 2017", "id_str": "923725041036136448", "lang": "en", "in_reply_to_status_id": 923181896858824705, "in_reply_to_status_id_str": "923181896858824705", "in_reply_to_user_id": 905095603297943554, "in_reply_to_screen_name": "frostycamel", "is_quote_status": false, "in_reply_to_user_id_str": "905095603297943554", "favorite_count": 0, "place": null, "geo": null, "id": 923725041036136448, "retweeted": false, "contributors": null, "favorited": false, "entities": {"symbols": [], "user_mentions": [{"indices": [0, 12], "name": "Andy", "id": 905095603297943554, "screen_name": "frostycamel", "id_str": "905095603297943554"}, {"indices": [13, 26], "name": "Trumpism Unleashed\u2122", "id": 3580248555, "screen_name": "Team_Trump45", "id_str": "3580248555"}, {"indices": [27, 43], "name": "Donald J. Trump", "id": 25073877, "screen_name": "realDonaldTrump", "id_str": "25073877"}], "urls": [], "hashtags": []}, "coordinates": null, "text": "@frostycamel @Team_Trump45 @realDonaldTrump Details.", "source": "<a href=\"http://twitter.com/download/android\" rel=\"nofollow\">Twitter for Android</a>", "truncated": false}, "profile_link_color": "1DA1F2", "statuses_count": 31, "geo_enabled": false}
2017-11-16T13:00:05.245606	{"id_str": "23783299", "entities": {"url": {"urls": [{"expanded_url": "https://twitter.com/wales4me", "display_url": "twitter.com/wales4me", "indices": [0, 22], "url": "http://t.co/MBuagCc1vd"}]}, "description": {"urls": []}}, "geo_enabled": false, "favourites_count": 20, "profile_image_url": "http://pbs.twimg.com/profile_images/1479734318/IMG04_normal.JPG", "followers_count": 1, "url": "http://t.co/MBuagCc1vd", "protected": false, "created_at": "Wed Mar 11 16:07:12 +0000 2009", "description": "Enjoying retirement", "listed_count": 0, "notifications": false, "time_zone": "Pacific Time (US & Canada)", "default_profile_image": false, "translator_type": "none", "default_profile": true, "location": "Concord, California", "statuses_count": 31, "friends_count": 37, "profile_sidebar_border_color": "C0DEED", "profile_sidebar_fill_color": "DDEEF6", "profile_background_color": "C0DEED", "profile_background_image_url": "http://abs.twimg.com/images/themes/theme1/bg.png", "is_translator": false, "utc_offset": -28800, "is_translation_enabled": false, "follow_request_sent": false, "profile_background_tile": false, "verified": false, "id": 23783299, "screen_name": "wales4me", "profile_background_image_url_https": "https://abs.twimg.com/images/themes/theme1/bg.png", "contributors_enabled": false, "lang": "en", "profile_text_color": "333333", "profile_image_url_https": "https://pbs.twimg.com/profile_images/1479734318/IMG04_normal.JPG", "profile_use_background_image": true, "following": false, "status": {"id_str": "923725041036136448", "entities": {"hashtags": [], "user_mentions": [{"id_str": "905095603297943554", "screen_name": "frostycamel", "id": 905095603297943554, "name": "Andy", "indices": [0, 12]}, {"id_str": "3580248555", "screen_name": "Team_Trump45", "id": 3580248555, "name": "Trumpism Unleashed\u2122", "indices": [13, 26]}, {"id_str": "25073877", "screen_name": "realDonaldTrump", "id": 25073877, "name": "Donald J. Trump", "indices": [27, 43]}], "urls": [], "symbols": []}, "in_reply_to_user_id": 905095603297943554, "retweeted": false, "created_at": "Fri Oct 27 01:36:26 +0000 2017", "lang": "en", "id": 923725041036136448, "coordinates": null, "favorited": false, "is_quote_status": false, "contributors": null, "in_reply_to_status_id_str": "923181896858824705", "source": "<a href=\"http://twitter.com/download/android\" rel=\"nofollow\">Twitter for Android</a>", "truncated": false, "in_reply_to_user_id_str": "905095603297943554", "geo": null, "retweet_count": 0, "place": null, "in_reply_to_status_id": 923181896858824705, "in_reply_to_screen_name": "frostycamel", "text": "@frostycamel @Team_Trump45 @realDonaldTrump Details.", "favorite_count": 0}, "has_extended_profile": false, "name": "Don", "profile_link_color": "1DA1F2"}
2017-11-16T14:00:05.774906	{"description": "Enjoying retirement", "profile_link_color": "1DA1F2", "favourites_count": 20, "created_at": "Wed Mar 11 16:07:12 +0000 2009", "profile_image_url_https": "https://pbs.twimg.com/profile_images/1479734318/IMG04_normal.JPG", "follow_request_sent": false, "id": 23783299, "location": "Concord, California", "listed_count": 0, "status": {"created_at": "Fri Oct 27 01:36:26 +0000 2017", "id": 923725041036136448, "contributors": null, "favorited": false, "retweeted": false, "geo": null, "place": null, "lang": "en", "in_reply_to_user_id_str": "905095603297943554", "in_reply_to_user_id": 905095603297943554, "is_quote_status": false, "in_reply_to_screen_name": "frostycamel", "retweet_count": 0, "in_reply_to_status_id_str": "923181896858824705", "text": "@frostycamel @Team_Trump45 @realDonaldTrump Details.", "coordinates": null, "truncated": false, "source": "<a href=\"http://twitter.com/download/android\" rel=\"nofollow\">Twitter for Android</a>", "favorite_count": 0, "id_str": "923725041036136448", "entities": {"urls": [], "hashtags": [], "user_mentions": [{"id_str": "905095603297943554", "screen_name": "frostycamel", "indices": [0, 12], "id": 905095603297943554, "name": "Andy"}, {"id_str": "3580248555", "screen_name": "Team_Trump45", "indices": [13, 26], "id": 3580248555, "name": "Trumpism Unleashed\u2122"}, {"id_str": "25073877", "screen_name": "realDonaldTrump", "indices": [27, 43], "id": 25073877, "name": "Donald J. Trump"}], "symbols": []}, "in_reply_to_status_id": 923181896858824705}, "profile_background_image_url_https": "https://abs.twimg.com/images/themes/theme1/bg.png", "friends_count": 37, "time_zone": "Pacific Time (US & Canada)", "notifications": false, "following": false, "utc_offset": -28800, "profile_background_image_url": "http://abs.twimg.com/images/themes/theme1/bg.png", "followers_count": 1, "lang": "en", "has_extended_profile": false, "profile_background_color": "C0DEED", "is_translation_enabled": false, "translator_type": "none", "statuses_count": 31, "profile_sidebar_fill_color": "DDEEF6", "protected": false, "default_profile": true, "profile_sidebar_border_color": "C0DEED", "geo_enabled": false, "url": "http://t.co/MBuagCc1vd", "profile_use_background_image": true, "profile_text_color": "333333", "profile_background_tile": false, "profile_image_url": "http://pbs.twimg.com/profile_images/1479734318/IMG04_normal.JPG", "screen_name": "wales4me", "verified": false, "contributors_enabled": false, "id_str": "23783299", "is_translator": false, "entities": {"description": {"urls": []}, "url": {"urls": [{"expanded_url": "https://twitter.com/wales4me", "indices": [0, 22], "url": "http://t.co/MBuagCc1vd", "display_url": "twitter.com/wales4me"}]}}, "name": "Don", "default_profile_image": false}
2017-11-16T15:00:05.105017	{"screen_name": "wales4me", "status": {"in_reply_to_screen_name": "frostycamel", "truncated": false, "in_reply_to_user_id_str": "905095603297943554", "coordinates": null, "id_str": "923725041036136448", "in_reply_to_status_id": 923181896858824705, "favorited": false, "favorite_count": 0, "is_quote_status": false, "id": 923725041036136448, "in_reply_to_status_id_str": "923181896858824705", "retweet_count": 0, "entities": {"symbols": [], "urls": [], "hashtags": [], "user_mentions": [{"indices": [0, 12], "screen_name": "frostycamel", "id_str": "905095603297943554", "id": 905095603297943554, "name": "Andy"}, {"indices": [13, 26], "screen_name": "Team_Trump45", "id_str": "3580248555", "id": 3580248555, "name": "Trumpism Unleashed\u2122"}, {"indices": [27, 43], "screen_name": "realDonaldTrump", "id_str": "25073877", "id": 25073877, "name": "Donald J. Trump"}]}, "source": "<a href=\"http://twitter.com/download/android\" rel=\"nofollow\">Twitter for Android</a>", "contributors": null, "text": "@frostycamel @Team_Trump45 @realDonaldTrump Details.", "in_reply_to_user_id": 905095603297943554, "lang": "en", "geo": null, "place": null, "created_at": "Fri Oct 27 01:36:26 +0000 2017", "retweeted": false}, "profile_use_background_image": true, "following": false, "statuses_count": 31, "default_profile_image": false, "profile_image_url": "http://pbs.twimg.com/profile_images/1479734318/IMG04_normal.JPG", "id_str": "23783299", "profile_background_image_url_https": "https://abs.twimg.com/images/themes/theme1/bg.png", "default_profile": true, "is_translator": false, "utc_offset": -28800, "profile_link_color": "1DA1F2", "description": "Enjoying retirement", "follow_request_sent": false, "is_translation_enabled": false, "name": "Don", "notifications": false, "profile_background_color": "C0DEED", "id": 23783299, "protected": false, "profile_background_image_url": "http://abs.twimg.com/images/themes/theme1/bg.png", "favourites_count": 20, "profile_text_color": "333333", "geo_enabled": false, "profile_image_url_https": "https://pbs.twimg.com/profile_images/1479734318/IMG04_normal.JPG", "translator_type": "none", "friends_count": 37, "entities": {"url": {"urls": [{"expanded_url": "https://twitter.com/wales4me", "indices": [0, 22], "url": "http://t.co/MBuagCc1vd", "display_url": "twitter.com/wales4me"}]}, "description": {"urls": []}}, "verified": false, "location": "Concord, California", "profile_background_tile": false, "lang": "en", "url": "http://t.co/MBuagCc1vd", "followers_count": 1, "contributors_enabled": false, "listed_count": 0, "profile_sidebar_fill_color": "DDEEF6", "created_at": "Wed Mar 11 16:07:12 +0000 2009", "profile_sidebar_border_color": "C0DEED", "time_zone": "Pacific Time (US & Canada)", "has_extended_profile": false}
2017-11-16T16:00:05.634276	{"default_profile_image": false, "is_translator": false, "following": false, "profile_link_color": "1DA1F2", "statuses_count": 31, "translator_type": "none", "id_str": "23783299", "profile_text_color": "333333", "time_zone": "Pacific Time (US & Canada)", "lang": "en", "profile_use_background_image": true, "is_translation_enabled": false, "created_at": "Wed Mar 11 16:07:12 +0000 2009", "protected": false, "profile_background_image_url": "http://abs.twimg.com/images/themes/theme1/bg.png", "followers_count": 1, "screen_name": "wales4me", "status": {"in_reply_to_user_id": 905095603297943554, "text": "@frostycamel @Team_Trump45 @realDonaldTrump Details.", "in_reply_to_screen_name": "frostycamel", "id_str": "923725041036136448", "lang": "en", "in_reply_to_status_id_str": "923181896858824705", "created_at": "Fri Oct 27 01:36:26 +0000 2017", "place": null, "retweet_count": 0, "retweeted": false, "contributors": null, "geo": null, "favorite_count": 0, "truncated": false, "coordinates": null, "in_reply_to_status_id": 923181896858824705, "source": "<a href=\"http://twitter.com/download/android\" rel=\"nofollow\">Twitter for Android</a>", "in_reply_to_user_id_str": "905095603297943554", "is_quote_status": false, "favorited": false, "entities": {"urls": [], "user_mentions": [{"screen_name": "frostycamel", "id_str": "905095603297943554", "indices": [0, 12], "name": "Andy", "id": 905095603297943554}, {"screen_name": "Team_Trump45", "id_str": "3580248555", "indices": [13, 26], "name": "Trumpism Unleashed\u2122", "id": 3580248555}, {"screen_name": "realDonaldTrump", "id_str": "25073877", "indices": [27, 43], "name": "Donald J. Trump", "id": 25073877}], "hashtags": [], "symbols": []}, "id": 923725041036136448}, "id": 23783299, "follow_request_sent": false, "profile_sidebar_border_color": "C0DEED", "profile_background_color": "C0DEED", "location": "Concord, California", "verified": false, "friends_count": 37, "profile_sidebar_fill_color": "DDEEF6", "description": "Enjoying retirement", "url": "http://t.co/MBuagCc1vd", "geo_enabled": false, "profile_image_url": "http://pbs.twimg.com/profile_images/1479734318/IMG04_normal.JPG", "name": "Don", "has_extended_profile": false, "entities": {"url": {"urls": [{"url": "http://t.co/MBuagCc1vd", "indices": [0, 22], "display_url": "twitter.com/wales4me", "expanded_url": "https://twitter.com/wales4me"}]}, "description": {"urls": []}}, "profile_image_url_https": "https://pbs.twimg.com/profile_images/1479734318/IMG04_normal.JPG", "notifications": false, "default_profile": true, "listed_count": 0, "profile_background_image_url_https": "https://abs.twimg.com/images/themes/theme1/bg.png", "utc_offset": -28800, "contributors_enabled": false, "favourites_count": 20, "profile_background_tile": false}
2017-11-16T17:00:05.196518	{"profile_text_color": "333333", "profile_background_image_url": "http://abs.twimg.com/images/themes/theme1/bg.png", "notifications": false, "protected": false, "favourites_count": 20, "profile_background_image_url_https": "https://abs.twimg.com/images/themes/theme1/bg.png", "profile_background_tile": false, "following": false, "has_extended_profile": false, "default_profile": true, "created_at": "Wed Mar 11 16:07:12 +0000 2009", "follow_request_sent": false, "followers_count": 1, "translator_type": "none", "utc_offset": -28800, "profile_link_color": "1DA1F2", "is_translator": false, "url": "http://t.co/MBuagCc1vd", "default_profile_image": false, "entities": {"description": {"urls": []}, "url": {"urls": [{"indices": [0, 22], "display_url": "twitter.com/wales4me", "expanded_url": "https://twitter.com/wales4me", "url": "http://t.co/MBuagCc1vd"}]}}, "profile_sidebar_fill_color": "DDEEF6", "profile_sidebar_border_color": "C0DEED", "name": "Don", "friends_count": 37, "profile_background_color": "C0DEED", "geo_enabled": false, "is_translation_enabled": false, "location": "Concord, California", "screen_name": "wales4me", "profile_image_url": "http://pbs.twimg.com/profile_images/1479734318/IMG04_normal.JPG", "profile_use_background_image": true, "status": {"retweet_count": 0, "source": "<a href=\"http://twitter.com/download/android\" rel=\"nofollow\">Twitter for Android</a>", "in_reply_to_user_id_str": "905095603297943554", "in_reply_to_screen_name": "frostycamel", "favorite_count": 0, "in_reply_to_status_id": 923181896858824705, "in_reply_to_user_id": 905095603297943554, "created_at": "Fri Oct 27 01:36:26 +0000 2017", "coordinates": null, "in_reply_to_status_id_str": "923181896858824705", "text": "@frostycamel @Team_Trump45 @realDonaldTrump Details.", "favorited": false, "entities": {"user_mentions": [{"screen_name": "frostycamel", "id": 905095603297943554, "name": "Andy", "id_str": "905095603297943554", "indices": [0, 12]}, {"screen_name": "Team_Trump45", "id": 3580248555, "name": "Trumpism Unleashed\u2122", "id_str": "3580248555", "indices": [13, 26]}, {"screen_name": "realDonaldTrump", "id": 25073877, "name": "Donald J. Trump", "id_str": "25073877", "indices": [27, 43]}], "urls": [], "hashtags": [], "symbols": []}, "truncated": false, "retweeted": false, "is_quote_status": false, "id_str": "923725041036136448", "place": null, "id": 923725041036136448, "geo": null, "contributors": null, "lang": "en"}, "id_str": "23783299", "contributors_enabled": false, "time_zone": "Pacific Time (US & Canada)", "id": 23783299, "description": "Enjoying retirement", "statuses_count": 31, "verified": false, "listed_count": 0, "profile_image_url_https": "https://pbs.twimg.com/profile_images/1479734318/IMG04_normal.JPG", "lang": "en"}
2017-11-16T18:00:05.757494	{"profile_sidebar_border_color": "C0DEED", "has_extended_profile": false, "profile_background_tile": false, "description": "Enjoying retirement", "contributors_enabled": false, "id_str": "23783299", "status": {"in_reply_to_status_id": 923181896858824705, "text": "@frostycamel @Team_Trump45 @realDonaldTrump Details.", "in_reply_to_screen_name": "frostycamel", "id_str": "923725041036136448", "contributors": null, "coordinates": null, "in_reply_to_user_id_str": "905095603297943554", "retweet_count": 0, "truncated": false, "in_reply_to_user_id": 905095603297943554, "in_reply_to_status_id_str": "923181896858824705", "is_quote_status": false, "id": 923725041036136448, "retweeted": false, "favorited": false, "source": "<a href=\"http://twitter.com/download/android\" rel=\"nofollow\">Twitter for Android</a>", "place": null, "favorite_count": 0, "entities": {"symbols": [], "urls": [], "hashtags": [], "user_mentions": [{"name": "Andy", "indices": [0, 12], "id": 905095603297943554, "screen_name": "frostycamel", "id_str": "905095603297943554"}, {"name": "Trumpism Unleashed\u2122", "indices": [13, 26], "id": 3580248555, "screen_name": "Team_Trump45", "id_str": "3580248555"}, {"name": "Donald J. Trump", "indices": [27, 43], "id": 25073877, "screen_name": "realDonaldTrump", "id_str": "25073877"}]}, "lang": "en", "geo": null, "created_at": "Fri Oct 27 01:36:26 +0000 2017"}, "listed_count": 0, "profile_background_image_url": "http://abs.twimg.com/images/themes/theme1/bg.png", "statuses_count": 31, "default_profile": true, "profile_background_image_url_https": "https://abs.twimg.com/images/themes/theme1/bg.png", "geo_enabled": false, "following": false, "name": "Don", "friends_count": 37, "url": "http://t.co/MBuagCc1vd", "protected": false, "profile_sidebar_fill_color": "DDEEF6", "entities": {"url": {"urls": [{"expanded_url": "https://twitter.com/wales4me", "url": "http://t.co/MBuagCc1vd", "display_url": "twitter.com/wales4me", "indices": [0, 22]}]}, "description": {"urls": []}}, "is_translator": false, "id": 23783299, "screen_name": "wales4me", "follow_request_sent": false, "profile_image_url": "http://pbs.twimg.com/profile_images/1479734318/IMG04_normal.JPG", "is_translation_enabled": false, "profile_image_url_https": "https://pbs.twimg.com/profile_images/1479734318/IMG04_normal.JPG", "verified": false, "translator_type": "none", "profile_use_background_image": true, "profile_background_color": "C0DEED", "followers_count": 1, "favourites_count": 20, "utc_offset": -28800, "profile_text_color": "333333", "location": "Concord, California", "lang": "en", "notifications": false, "profile_link_color": "1DA1F2", "time_zone": "Pacific Time (US & Canada)", "default_profile_image": false, "created_at": "Wed Mar 11 16:07:12 +0000 2009"}
2017-11-16T19:00:05.665509	{"id": 23783299, "favourites_count": 20, "time_zone": "Pacific Time (US & Canada)", "description": "Enjoying retirement", "screen_name": "wales4me", "name": "Don", "status": {"id": 923725041036136448, "in_reply_to_user_id_str": "905095603297943554", "favorited": false, "in_reply_to_user_id": 905095603297943554, "truncated": false, "is_quote_status": false, "text": "@frostycamel @Team_Trump45 @realDonaldTrump Details.", "id_str": "923725041036136448", "retweet_count": 0, "source": "<a href=\"http://twitter.com/download/android\" rel=\"nofollow\">Twitter for Android</a>", "entities": {"urls": [], "symbols": [], "hashtags": [], "user_mentions": [{"id": 905095603297943554, "indices": [0, 12], "id_str": "905095603297943554", "screen_name": "frostycamel", "name": "Andy"}, {"id": 3580248555, "indices": [13, 26], "id_str": "3580248555", "screen_name": "Team_Trump45", "name": "Trumpism Unleashed\u2122"}, {"id": 25073877, "indices": [27, 43], "id_str": "25073877", "screen_name": "realDonaldTrump", "name": "Donald J. Trump"}]}, "retweeted": false, "in_reply_to_status_id_str": "923181896858824705", "place": null, "coordinates": null, "contributors": null, "lang": "en", "in_reply_to_screen_name": "frostycamel", "in_reply_to_status_id": 923181896858824705, "favorite_count": 0, "geo": null, "created_at": "Fri Oct 27 01:36:26 +0000 2017"}, "listed_count": 0, "is_translation_enabled": false, "profile_background_tile": false, "profile_use_background_image": true, "profile_image_url_https": "https://pbs.twimg.com/profile_images/1479734318/IMG04_normal.JPG", "profile_image_url": "http://pbs.twimg.com/profile_images/1479734318/IMG04_normal.JPG", "verified": false, "default_profile": true, "profile_background_image_url": "http://abs.twimg.com/images/themes/theme1/bg.png", "id_str": "23783299", "profile_background_color": "C0DEED", "statuses_count": 31, "utc_offset": -28800, "geo_enabled": false, "location": "Concord, California", "protected": false, "profile_text_color": "333333", "notifications": false, "following": false, "profile_sidebar_border_color": "C0DEED", "followers_count": 1, "profile_background_image_url_https": "https://abs.twimg.com/images/themes/theme1/bg.png", "lang": "en", "friends_count": 37, "follow_request_sent": false, "entities": {"url": {"urls": [{"expanded_url": "https://twitter.com/wales4me", "indices": [0, 22], "display_url": "twitter.com/wales4me", "url": "http://t.co/MBuagCc1vd"}]}, "description": {"urls": []}}, "profile_sidebar_fill_color": "DDEEF6", "profile_link_color": "1DA1F2", "is_translator": false, "has_extended_profile": false, "translator_type": "none", "url": "http://t.co/MBuagCc1vd", "created_at": "Wed Mar 11 16:07:12 +0000 2009", "default_profile_image": false, "contributors_enabled": false}
2017-11-16T20:00:05.872194	{"profile_link_color": "1DA1F2", "name": "Don", "statuses_count": 31, "id_str": "23783299", "profile_sidebar_fill_color": "DDEEF6", "is_translator": false, "translator_type": "none", "default_profile": true, "location": "Concord, California", "notifications": false, "profile_sidebar_border_color": "C0DEED", "protected": false, "profile_background_image_url": "http://abs.twimg.com/images/themes/theme1/bg.png", "followers_count": 1, "profile_use_background_image": true, "description": "Enjoying retirement", "screen_name": "wales4me", "profile_image_url_https": "https://pbs.twimg.com/profile_images/1479734318/IMG04_normal.JPG", "follow_request_sent": false, "listed_count": 0, "created_at": "Wed Mar 11 16:07:12 +0000 2009", "favourites_count": 20, "following": false, "time_zone": "Pacific Time (US & Canada)", "id": 23783299, "profile_background_image_url_https": "https://abs.twimg.com/images/themes/theme1/bg.png", "lang": "en", "status": {"id_str": "923725041036136448", "in_reply_to_status_id": 923181896858824705, "is_quote_status": false, "geo": null, "in_reply_to_user_id": 905095603297943554, "contributors": null, "retweeted": false, "favorite_count": 0, "in_reply_to_screen_name": "frostycamel", "created_at": "Fri Oct 27 01:36:26 +0000 2017", "id": 923725041036136448, "source": "<a href=\"http://twitter.com/download/android\" rel=\"nofollow\">Twitter for Android</a>", "lang": "en", "retweet_count": 0, "favorited": false, "place": null, "in_reply_to_status_id_str": "923181896858824705", "truncated": false, "in_reply_to_user_id_str": "905095603297943554", "coordinates": null, "text": "@frostycamel @Team_Trump45 @realDonaldTrump Details.", "entities": {"user_mentions": [{"id": 905095603297943554, "name": "Andy", "indices": [0, 12], "id_str": "905095603297943554", "screen_name": "frostycamel"}, {"id": 3580248555, "name": "Trumpism Unleashed\u2122", "indices": [13, 26], "id_str": "3580248555", "screen_name": "Team_Trump45"}, {"id": 25073877, "name": "Donald J. Trump", "indices": [27, 43], "id_str": "25073877", "screen_name": "realDonaldTrump"}], "symbols": [], "hashtags": [], "urls": []}}, "is_translation_enabled": false, "profile_text_color": "333333", "geo_enabled": false, "has_extended_profile": false, "default_profile_image": false, "profile_background_color": "C0DEED", "friends_count": 37, "url": "http://t.co/MBuagCc1vd", "profile_image_url": "http://pbs.twimg.com/profile_images/1479734318/IMG04_normal.JPG", "contributors_enabled": false, "entities": {"description": {"urls": []}, "url": {"urls": [{"expanded_url": "https://twitter.com/wales4me", "indices": [0, 22], "url": "http://t.co/MBuagCc1vd", "display_url": "twitter.com/wales4me"}]}}, "utc_offset": -28800, "verified": false, "profile_background_tile": false}
2017-11-16T21:00:05.593255	{"following": false, "name": "Don", "profile_background_tile": false, "location": "Concord, California", "follow_request_sent": false, "notifications": false, "lang": "en", "profile_background_image_url_https": "https://abs.twimg.com/images/themes/theme1/bg.png", "profile_sidebar_fill_color": "DDEEF6", "friends_count": 37, "is_translator": false, "entities": {"url": {"urls": [{"url": "http://t.co/MBuagCc1vd", "display_url": "twitter.com/wales4me", "expanded_url": "https://twitter.com/wales4me", "indices": [0, 22]}]}, "description": {"urls": []}}, "verified": false, "status": {"coordinates": null, "source": "<a href=\"http://twitter.com/download/android\" rel=\"nofollow\">Twitter for Android</a>", "in_reply_to_status_id_str": "923181896858824705", "lang": "en", "place": null, "text": "@frostycamel @Team_Trump45 @realDonaldTrump Details.", "entities": {"hashtags": [], "user_mentions": [{"id_str": "905095603297943554", "name": "Andy", "id": 905095603297943554, "screen_name": "frostycamel", "indices": [0, 12]}, {"id_str": "3580248555", "name": "Trumpism Unleashed\u2122", "id": 3580248555, "screen_name": "Team_Trump45", "indices": [13, 26]}, {"id_str": "25073877", "name": "Donald J. Trump", "id": 25073877, "screen_name": "realDonaldTrump", "indices": [27, 43]}], "symbols": [], "urls": []}, "in_reply_to_user_id": 905095603297943554, "favorite_count": 0, "geo": null, "truncated": false, "created_at": "Fri Oct 27 01:36:26 +0000 2017", "favorited": false, "id": 923725041036136448, "contributors": null, "retweeted": false, "is_quote_status": false, "in_reply_to_status_id": 923181896858824705, "id_str": "923725041036136448", "in_reply_to_screen_name": "frostycamel", "in_reply_to_user_id_str": "905095603297943554", "retweet_count": 0}, "has_extended_profile": false, "default_profile": true, "statuses_count": 31, "profile_text_color": "333333", "profile_sidebar_border_color": "C0DEED", "favourites_count": 20, "description": "Enjoying retirement", "followers_count": 1, "profile_background_image_url": "http://abs.twimg.com/images/themes/theme1/bg.png", "is_translation_enabled": false, "profile_use_background_image": true, "default_profile_image": false, "id_str": "23783299", "profile_link_color": "1DA1F2", "id": 23783299, "protected": false, "url": "http://t.co/MBuagCc1vd", "time_zone": "Pacific Time (US & Canada)", "listed_count": 0, "screen_name": "wales4me", "utc_offset": -28800, "created_at": "Wed Mar 11 16:07:12 +0000 2009", "geo_enabled": false, "contributors_enabled": false, "translator_type": "none", "profile_image_url": "http://pbs.twimg.com/profile_images/1479734318/IMG04_normal.JPG", "profile_background_color": "C0DEED", "profile_image_url_https": "https://pbs.twimg.com/profile_images/1479734318/IMG04_normal.JPG"}
